LECROYWS3034z,45662,Waveform
Segments,1,SegmentSize,80002
Segment,TrigTime,TimeSinceSegment1
#1,25-Sep-2022 04:17:37,0                 
Time,Ampl
-1.3080099e-005,-0.875667
-1.3079849e-005,-0.874
-1.3079599e-005,-0.874
-1.3079349e-005,-0.874
-1.3079099e-005,-0.875667
-1.3078849e-005,-0.874
-1.3078599e-005,-0.874
-1.3078349e-005,-0.874
-1.3078099e-005,-0.875667
-1.3077849e-005,-0.874
-1.3077599e-005,-0.874
-1.3077349e-005,-0.874
-1.3077099e-005,-0.875667
-1.3076849e-005,-0.874
-1.3076599e-005,-0.874
-1.3076349e-005,-0.874
-1.3076099e-005,-0.875667
-1.3075849e-005,-0.874
-1.3075599e-005,-0.874
-1.3075349e-005,-0.874
-1.3075099e-005,-0.875667
-1.3074849e-005,-0.874
-1.3074599e-005,-0.874
-1.3074349e-005,-0.874
-1.3074099e-005,-0.875667
-1.3073849e-005,-0.874
-1.3073599e-005,-0.874
-1.3073349e-005,-0.874
-1.3073099e-005,-0.875667
-1.3072849e-005,-0.874
-1.3072599e-005,-0.874
-1.3072349e-005,-0.874
-1.3072099e-005,-0.874
-1.3071849e-005,-0.874
-1.3071599e-005,-0.874
-1.3071349e-005,-0.874
-1.3071099e-005,-0.874
-1.3070849e-005,-0.874
-1.3070599e-005,-0.874
-1.3070349e-005,-0.874
-1.3070099e-005,-0.874
-1.3069849e-005,-0.874
-1.3069599e-005,-0.874
-1.3069349e-005,-0.874
-1.3069099e-005,-0.874
-1.3068849e-005,-0.874
-1.3068599e-005,-0.874
-1.3068349e-005,-0.874
-1.3068099e-005,-0.874
-1.3067849e-005,-0.874
-1.3067599e-005,-0.874
-1.3067349e-005,-0.874
-1.3067099e-005,-0.874
-1.3066849e-005,-0.874
-1.3066599e-005,-0.874
-1.3066349e-005,-0.874
-1.3066099e-005,-0.875667
-1.3065849e-005,-0.874
-1.3065599e-005,-0.874
-1.3065349e-005,-0.874
-1.3065099e-005,-0.875667
-1.3064849e-005,-0.874
-1.3064599e-005,-0.874
-1.3064349e-005,-0.874
-1.3064099e-005,-0.875667
-1.3063849e-005,-0.874
-1.3063599e-005,-0.874
-1.3063349e-005,-0.874
-1.3063099e-005,-0.874
-1.3062849e-005,-0.874
-1.3062599e-005,-0.874
-1.3062349e-005,-0.874
-1.3062099e-005,-0.874
-1.3061849e-005,-0.874
-1.3061599e-005,-0.874
-1.3061349e-005,-0.874
-1.3061099e-005,-0.874
-1.3060849e-005,-0.874
-1.3060599e-005,-0.874
-1.3060349e-005,-0.874
-1.3060099e-005,-0.875667
-1.3059849e-005,-0.874
-1.3059599e-005,-0.874
-1.3059349e-005,-0.875667
-1.3059099e-005,-0.875667
-1.3058849e-005,-0.874
-1.3058599e-005,-0.874
-1.3058349e-005,-0.875667
-1.3058099e-005,-0.875667
-1.3057849e-005,-0.874
-1.3057599e-005,-0.874
-1.3057349e-005,-0.875667
-1.3057099e-005,-0.875667
-1.3056849e-005,-0.874
-1.3056599e-005,-0.874
-1.3056349e-005,-0.874
-1.3056099e-005,-0.875667
-1.3055849e-005,-0.874
-1.3055599e-005,-0.874
-1.3055349e-005,-0.874
-1.3055099e-005,-0.875667
-1.3054849e-005,-0.874
-1.3054599e-005,-0.874
-1.3054349e-005,-0.874
-1.3054099e-005,-0.875667
-1.3053849e-005,-0.874
-1.3053599e-005,-0.874
-1.3053349e-005,-0.874
-1.3053099e-005,-0.875667
-1.3052849e-005,-0.874
-1.3052599e-005,-0.874
-1.3052349e-005,-0.874
-1.3052099e-005,-0.874
-1.3051849e-005,-0.874
-1.3051599e-005,-0.874
-1.3051349e-005,-0.874
-1.3051099e-005,-0.874
-1.3050849e-005,-0.874
-1.3050599e-005,-0.874
-1.3050349e-005,-0.874
-1.3050099e-005,-0.874
-1.3049849e-005,-0.874
-1.3049599e-005,-0.874
-1.3049349e-005,-0.874
-1.3049099e-005,-0.875667
-1.3048849e-005,-0.874
-1.3048599e-005,-0.874
-1.3048349e-005,-0.874
-1.3048099e-005,-0.875667
-1.3047849e-005,-0.874
-1.3047599e-005,-0.874
-1.3047349e-005,-0.874
-1.3047099e-005,-0.874
-1.3046849e-005,-0.874
-1.3046599e-005,-0.874
-1.3046349e-005,-0.874
-1.3046099e-005,-0.875667
-1.3045849e-005,-0.874
-1.3045599e-005,-0.874
-1.3045349e-005,-0.874
-1.3045099e-005,-0.875667
-1.3044849e-005,-0.875667
-1.3044599e-005,-0.874
-1.3044349e-005,-0.874
-1.3044099e-005,-0.875667
-1.3043849e-005,-0.875667
-1.3043599e-005,-0.874
-1.3043349e-005,-0.874
-1.3043099e-005,-0.875667
-1.3042849e-005,-0.874
-1.3042599e-005,-0.874
-1.3042349e-005,-0.875667
-1.3042099e-005,-0.874
-1.3041849e-005,-0.874
-1.3041599e-005,-0.874
-1.3041349e-005,-0.875667
-1.3041099e-005,-0.875667
-1.3040849e-005,-0.874
-1.3040599e-005,-0.874
-1.3040349e-005,-0.875667
-1.3040099e-005,-0.875667
-1.3039849e-005,-0.874
-1.3039599e-005,-0.874
-1.3039349e-005,-0.875667
-1.3039099e-005,-0.875667
-1.3038849e-005,-0.874
-1.3038599e-005,-0.874
-1.3038349e-005,-0.875667
-1.3038099e-005,-0.875667
-1.3037849e-005,-0.874
-1.3037599e-005,-0.874
-1.3037349e-005,-0.875667
-1.3037099e-005,-0.875667
-1.3036849e-005,-0.874
-1.3036599e-005,-0.874
-1.3036349e-005,-0.874
-1.3036099e-005,-0.875667
-1.3035849e-005,-0.874
-1.3035599e-005,-0.874
-1.3035349e-005,-0.875667
-1.3035099e-005,-0.875667
-1.3034849e-005,-0.874
-1.3034599e-005,-0.874
-1.3034349e-005,-0.874
-1.3034099e-005,-0.875667
-1.3033849e-005,-0.874
-1.3033599e-005,-0.874
-1.3033349e-005,-0.874
-1.3033099e-005,-0.875667
-1.3032849e-005,-0.874
-1.3032599e-005,-0.874
-1.3032349e-005,-0.874
-1.3032099e-005,-0.875667
-1.3031849e-005,-0.874
-1.3031599e-005,-0.874
-1.3031349e-005,-0.875667
-1.3031099e-005,-0.874
-1.3030849e-005,-0.874
-1.3030599e-005,-0.874
-1.3030349e-005,-0.875667
-1.3030099e-005,-0.875667
-1.3029849e-005,-0.874
-1.3029599e-005,-0.874
-1.3029349e-005,-0.875667
-1.3029099e-005,-0.875667
-1.3028849e-005,-0.874
-1.3028599e-005,-0.874
-1.3028349e-005,-0.875667
-1.3028099e-005,-0.875667
-1.3027849e-005,-0.874
-1.3027599e-005,-0.874
-1.3027349e-005,-0.875667
-1.3027099e-005,-0.875667
-1.3026849e-005,-0.874
-1.3026599e-005,-0.874
-1.3026349e-005,-0.875667
-1.3026099e-005,-0.875667
-1.3025849e-005,-0.874
-1.3025599e-005,-0.874
-1.3025349e-005,-0.875667
-1.3025099e-005,-0.875667
-1.3024849e-005,-0.874
-1.3024599e-005,-0.874
-1.3024349e-005,-0.875667
-1.3024099e-005,-0.875667
-1.3023849e-005,-0.874
-1.3023599e-005,-0.874
-1.3023349e-005,-0.875667
-1.3023099e-005,-0.874
-1.3022849e-005,-0.874
-1.3022599e-005,-0.874
-1.3022349e-005,-0.875667
-1.3022099e-005,-0.874
-1.3021849e-005,-0.874
-1.3021599e-005,-0.874
-1.3021349e-005,-0.875667
-1.3021099e-005,-0.875667
-1.3020849e-005,-0.874
-1.3020599e-005,-0.874
-1.3020349e-005,-0.874
-1.3020099e-005,-0.875667
-1.3019849e-005,-0.874
-1.3019599e-005,-0.874
-1.3019349e-005,-0.874
-1.3019099e-005,-0.875667
-1.3018849e-005,-0.874
-1.3018599e-005,-0.874
-1.3018349e-005,-0.874
-1.3018099e-005,-0.874
-1.3017849e-005,-0.874
-1.3017599e-005,-0.874
-1.3017349e-005,-0.875667
-1.3017099e-005,-0.874
-1.3016849e-005,-0.874
-1.3016599e-005,-0.874
-1.3016349e-005,-0.875667
-1.3016099e-005,-0.875667
-1.3015849e-005,-0.874
-1.3015599e-005,-0.874
-1.3015349e-005,-0.875667
-1.3015099e-005,-0.875667
-1.3014849e-005,-0.874
-1.3014599e-005,-0.874
-1.3014349e-005,-0.875667
-1.3014099e-005,-0.875667
-1.3013849e-005,-0.874
-1.3013599e-005,-0.874
-1.3013349e-005,-0.874
-1.3013099e-005,-0.875667
-1.3012849e-005,-0.874
-1.3012599e-005,-0.874
-1.3012349e-005,-0.874
-1.3012099e-005,-0.875667
-1.3011849e-005,-0.874
-1.3011599e-005,-0.874
-1.3011349e-005,-0.874
-1.3011099e-005,-0.875667
-1.3010849e-005,-0.875667
-1.3010599e-005,-0.874
-1.3010349e-005,-0.874
-1.3010099e-005,-0.875667
-1.3009849e-005,-0.874
-1.3009599e-005,-0.874
-1.3009349e-005,-0.874
-1.3009099e-005,-0.875667
-1.3008849e-005,-0.874
-1.3008599e-005,-0.874
-1.3008349e-005,-0.874
-1.3008099e-005,-0.875667
-1.3007849e-005,-0.874
-1.3007599e-005,-0.874
-1.3007349e-005,-0.874
-1.3007099e-005,-0.874
-1.3006849e-005,-0.874
-1.3006599e-005,-0.874
-1.3006349e-005,-0.874
-1.3006099e-005,-0.875667
-1.3005849e-005,-0.874
-1.3005599e-005,-0.874
-1.3005349e-005,-0.874
-1.3005099e-005,-0.875667
-1.3004849e-005,-0.874
-1.3004599e-005,-0.874
-1.3004349e-005,-0.874
-1.3004099e-005,-0.875667
-1.3003849e-005,-0.874
-1.3003599e-005,-0.874
-1.3003349e-005,-0.874
-1.3003099e-005,-0.875667
-1.3002849e-005,-0.874
-1.3002599e-005,-0.874
-1.3002349e-005,-0.874
-1.3002099e-005,-0.874
-1.3001849e-005,-0.874
-1.3001599e-005,-0.874
-1.3001349e-005,-0.874
-1.3001099e-005,-0.874
-1.3000849e-005,-0.874
-1.3000599e-005,-0.874
-1.3000349e-005,-0.875667
-1.3000099e-005,-0.875667
-1.2999849e-005,-0.874
-1.2999599e-005,-0.874
-1.2999349e-005,-0.875667
-1.2999099e-005,-0.874
-1.2998849e-005,-0.874
-1.2998599e-005,-0.874
-1.2998349e-005,-0.874
-1.2998099e-005,-0.874
-1.2997849e-005,-0.874
-1.2997599e-005,-0.874
-1.2997349e-005,-0.874
-1.2997099e-005,-0.874
-1.2996849e-005,-0.874
-1.2996599e-005,-0.874
-1.2996349e-005,-0.874
-1.2996099e-005,-0.874
-1.2995849e-005,-0.874
-1.2995599e-005,-0.874
-1.2995349e-005,-0.874
-1.2995099e-005,-0.874
-1.2994849e-005,-0.874
-1.2994599e-005,-0.874
-1.2994349e-005,-0.874
-1.2994099e-005,-0.874
-1.2993849e-005,-0.874
-1.2993599e-005,-0.874
-1.2993349e-005,-0.874
-1.2993099e-005,-0.874
-1.2992849e-005,-0.874
-1.2992599e-005,-0.874
-1.2992349e-005,-0.874
-1.2992099e-005,-0.874
-1.2991849e-005,-0.874
-1.2991599e-005,-0.874
-1.2991349e-005,-0.875667
-1.2991099e-005,-0.875667
-1.2990849e-005,-0.874
-1.2990599e-005,-0.874
-1.2990349e-005,-0.875667
-1.2990099e-005,-0.875667
-1.2989849e-005,-0.874
-1.2989599e-005,-0.874
-1.2989349e-005,-0.875667
-1.2989099e-005,-0.875667
-1.2988849e-005,-0.874
-1.2988599e-005,-0.874
-1.2988349e-005,-0.875667
-1.2988099e-005,-0.875667
-1.2987849e-005,-0.874
-1.2987599e-005,-0.874
-1.2987349e-005,-0.875667
-1.2987099e-005,-0.875667
-1.2986849e-005,-0.874
-1.2986599e-005,-0.874
-1.2986349e-005,-0.875667
-1.2986099e-005,-0.875667
-1.2985849e-005,-0.874
-1.2985599e-005,-0.874
-1.2985349e-005,-0.875667
-1.2985099e-005,-0.875667
-1.2984849e-005,-0.874
-1.2984599e-005,-0.874
-1.2984349e-005,-0.875667
-1.2984099e-005,-0.875667
-1.2983849e-005,-0.874
-1.2983599e-005,-0.874
-1.2983349e-005,-0.874
-1.2983099e-005,-0.875667
-1.2982849e-005,-0.874
-1.2982599e-005,-0.874
-1.2982349e-005,-0.874
-1.2982099e-005,-0.875667
-1.2981849e-005,-0.874
-1.2981599e-005,-0.874
-1.2981349e-005,-0.875667
-1.2981099e-005,-0.875667
-1.2980849e-005,-0.874
-1.2980599e-005,-0.874
-1.2980349e-005,-0.875667
-1.2980099e-005,-0.875667
-1.2979849e-005,-0.874
-1.2979599e-005,-0.874
-1.2979349e-005,-0.875667
-1.2979099e-005,-0.875667
-1.2978849e-005,-0.874
-1.2978599e-005,-0.874
-1.2978349e-005,-0.875667
-1.2978099e-005,-0.875667
-1.2977849e-005,-0.874
-1.2977599e-005,-0.874
-1.2977349e-005,-0.875667
-1.2977099e-005,-0.875667
-1.2976849e-005,-0.874
-1.2976599e-005,-0.874
-1.2976349e-005,-0.875667
-1.2976099e-005,-0.875667
-1.2975849e-005,-0.874
-1.2975599e-005,-0.874
-1.2975349e-005,-0.875667
-1.2975099e-005,-0.875667
-1.2974849e-005,-0.874
-1.2974599e-005,-0.874
-1.2974349e-005,-0.875667
-1.2974099e-005,-0.875667
-1.2973849e-005,-0.874
-1.2973599e-005,-0.874
-1.2973349e-005,-0.874
-1.2973099e-005,-0.875667
-1.2972849e-005,-0.874
-1.2972599e-005,-0.874
-1.2972349e-005,-0.874
-1.2972099e-005,-0.875667
-1.2971849e-005,-0.874
-1.2971599e-005,-0.874
-1.2971349e-005,-0.874
-1.2971099e-005,-0.875667
-1.2970849e-005,-0.874
-1.2970599e-005,-0.874
-1.2970349e-005,-0.874
-1.2970099e-005,-0.875667
-1.2969849e-005,-0.874
-1.2969599e-005,-0.874
-1.2969349e-005,-0.875667
-1.2969099e-005,-0.875667
-1.2968849e-005,-0.874
-1.2968599e-005,-0.874
-1.2968349e-005,-0.875667
-1.2968099e-005,-0.875667
-1.2967849e-005,-0.874
-1.2967599e-005,-0.874
-1.2967349e-005,-0.875667
-1.2967099e-005,-0.875667
-1.2966849e-005,-0.874
-1.2966599e-005,-0.874
-1.2966349e-005,-0.875667
-1.2966099e-005,-0.875667
-1.2965849e-005,-0.874
-1.2965599e-005,-0.874
-1.2965349e-005,-0.875667
-1.2965099e-005,-0.874
-1.2964849e-005,-0.874
-1.2964599e-005,-0.874
-1.2964349e-005,-0.874
-1.2964099e-005,-0.874
-1.2963849e-005,-0.874
-1.2963599e-005,-0.874
-1.2963349e-005,-0.874
-1.2963099e-005,-0.874
-1.2962849e-005,-0.874
-1.2962599e-005,-0.874
-1.2962349e-005,-0.874
-1.2962099e-005,-0.874
-1.2961849e-005,-0.874
-1.2961599e-005,-0.874
-1.2961349e-005,-0.874
-1.2961099e-005,-0.874
-1.2960849e-005,-0.874
-1.2960599e-005,-0.874
-1.2960349e-005,-0.874
-1.2960099e-005,-0.874
-1.2959849e-005,-0.874
-1.2959599e-005,-0.874
-1.2959349e-005,-0.875667
-1.2959099e-005,-0.875667
-1.2958849e-005,-0.874
-1.2958599e-005,-0.874
-1.2958349e-005,-0.875667
-1.2958099e-005,-0.875667
-1.2957849e-005,-0.874
-1.2957599e-005,-0.874
-1.2957349e-005,-0.875667
-1.2957099e-005,-0.875667
-1.2956849e-005,-0.874
-1.2956599e-005,-0.874
-1.2956349e-005,-0.875667
-1.2956099e-005,-0.875667
-1.2955849e-005,-0.874
-1.2955599e-005,-0.874
-1.2955349e-005,-0.875667
-1.2955099e-005,-0.875667
-1.2954849e-005,-0.874
-1.2954599e-005,-0.874
-1.2954349e-005,-0.875667
-1.2954099e-005,-0.874
-1.2953849e-005,-0.874
-1.2953599e-005,-0.874
-1.2953349e-005,-0.874
-1.2953099e-005,-0.874
-1.2952849e-005,-0.874
-1.2952599e-005,-0.874
-1.2952349e-005,-0.874
-1.2952099e-005,-0.874
-1.2951849e-005,-0.874
-1.2951599e-005,-0.874
-1.2951349e-005,-0.874
-1.2951099e-005,-0.874
-1.2950849e-005,-0.874
-1.2950599e-005,-0.874
-1.2950349e-005,-0.874
-1.2950099e-005,-0.874
-1.2949849e-005,-0.874
-1.2949599e-005,-0.874
-1.2949349e-005,-0.874
-1.2949099e-005,-0.874
-1.2948849e-005,-0.874
-1.2948599e-005,-0.874
-1.2948349e-005,-0.874
-1.2948099e-005,-0.874
-1.2947849e-005,-0.874
-1.2947599e-005,-0.874
-1.2947349e-005,-0.874
-1.2947099e-005,-0.875667
-1.2946849e-005,-0.874
-1.2946599e-005,-0.874
-1.2946349e-005,-0.875667
-1.2946099e-005,-0.875667
-1.2945849e-005,-0.874
-1.2945599e-005,-0.874
-1.2945349e-005,-0.875667
-1.2945099e-005,-0.875667
-1.2944849e-005,-0.874
-1.2944599e-005,-0.874
-1.2944349e-005,-0.874
-1.2944099e-005,-0.874
-1.2943849e-005,-0.874
-1.2943599e-005,-0.874
-1.2943349e-005,-0.875667
-1.2943099e-005,-0.874
-1.2942849e-005,-0.874
-1.2942599e-005,-0.874
-1.2942349e-005,-0.875667
-1.2942099e-005,-0.874
-1.2941849e-005,-0.874
-1.2941599e-005,-0.874
-1.2941349e-005,-0.874
-1.2941099e-005,-0.874
-1.2940849e-005,-0.874
-1.2940599e-005,-0.874
-1.2940349e-005,-0.874
-1.2940099e-005,-0.874
-1.2939849e-005,-0.874
-1.2939599e-005,-0.874
-1.2939349e-005,-0.875667
-1.2939099e-005,-0.875667
-1.2938849e-005,-0.874
-1.2938599e-005,-0.874
-1.2938349e-005,-0.875667
-1.2938099e-005,-0.875667
-1.2937849e-005,-0.874
-1.2937599e-005,-0.874
-1.2937349e-005,-0.875667
-1.2937099e-005,-0.875667
-1.2936849e-005,-0.874
-1.2936599e-005,-0.874
-1.2936349e-005,-0.874
-1.2936099e-005,-0.875667
-1.2935849e-005,-0.874
-1.2935599e-005,-0.874
-1.2935349e-005,-0.875667
-1.2935099e-005,-0.875667
-1.2934849e-005,-0.874
-1.2934599e-005,-0.874
-1.2934349e-005,-0.875667
-1.2934099e-005,-0.875667
-1.2933849e-005,-0.874
-1.2933599e-005,-0.874
-1.2933349e-005,-0.875667
-1.2933099e-005,-0.875667
-1.2932849e-005,-0.874
-1.2932599e-005,-0.874
-1.2932349e-005,-0.875667
-1.2932099e-005,-0.875667
-1.2931849e-005,-0.874
-1.2931599e-005,-0.874
-1.2931349e-005,-0.875667
-1.2931099e-005,-0.875667
-1.2930849e-005,-0.874
-1.2930599e-005,-0.874
-1.2930349e-005,-0.875667
-1.2930099e-005,-0.875667
-1.2929849e-005,-0.874
-1.2929599e-005,-0.874
-1.2929349e-005,-0.875667
-1.2929099e-005,-0.875667
-1.2928849e-005,-0.874
-1.2928599e-005,-0.874
-1.2928349e-005,-0.875667
-1.2928099e-005,-0.875667
-1.2927849e-005,-0.874
-1.2927599e-005,-0.874
-1.2927349e-005,-0.875667
-1.2927099e-005,-0.875667
-1.2926849e-005,-0.874
-1.2926599e-005,-0.874
-1.2926349e-005,-0.875667
-1.2926099e-005,-0.875667
-1.2925849e-005,-0.874
-1.2925599e-005,-0.874
-1.2925349e-005,-0.875667
-1.2925099e-005,-0.875667
-1.2924849e-005,-0.874
-1.2924599e-005,-0.874
-1.2924349e-005,-0.875667
-1.2924099e-005,-0.875667
-1.2923849e-005,-0.874
-1.2923599e-005,-0.874
-1.2923349e-005,-0.875667
-1.2923099e-005,-0.875667
-1.2922849e-005,-0.874
-1.2922599e-005,-0.874
-1.2922349e-005,-0.875667
-1.2922099e-005,-0.875667
-1.2921849e-005,-0.874
-1.2921599e-005,-0.874
-1.2921349e-005,-0.875667
-1.2921099e-005,-0.875667
-1.2920849e-005,-0.874
-1.2920599e-005,-0.874
-1.2920349e-005,-0.875667
-1.2920099e-005,-0.875667
-1.2919849e-005,-0.874
-1.2919599e-005,-0.874
-1.2919349e-005,-0.875667
-1.2919099e-005,-0.875667
-1.2918849e-005,-0.874
-1.2918599e-005,-0.874
-1.2918349e-005,-0.875667
-1.2918099e-005,-0.875667
-1.2917849e-005,-0.874
-1.2917599e-005,-0.874
-1.2917349e-005,-0.874
-1.2917099e-005,-0.875667
-1.2916849e-005,-0.874
-1.2916599e-005,-0.874
-1.2916349e-005,-0.874
-1.2916099e-005,-0.875667
-1.2915849e-005,-0.874
-1.2915599e-005,-0.874
-1.2915349e-005,-0.875667
-1.2915099e-005,-0.875667
-1.2914849e-005,-0.874
-1.2914599e-005,-0.874
-1.2914349e-005,-0.875667
-1.2914099e-005,-0.875667
-1.2913849e-005,-0.874
-1.2913599e-005,-0.874
-1.2913349e-005,-0.875667
-1.2913099e-005,-0.875667
-1.2912849e-005,-0.874
-1.2912599e-005,-0.874
-1.2912349e-005,-0.874
-1.2912099e-005,-0.875667
-1.2911849e-005,-0.874
-1.2911599e-005,-0.874
-1.2911349e-005,-0.875667
-1.2911099e-005,-0.875667
-1.2910849e-005,-0.874
-1.2910599e-005,-0.874
-1.2910349e-005,-0.875667
-1.2910099e-005,-0.875667
-1.2909849e-005,-0.874
-1.2909599e-005,-0.874
-1.2909349e-005,-0.875667
-1.2909099e-005,-0.875667
-1.2908849e-005,-0.874
-1.2908599e-005,-0.874
-1.2908349e-005,-0.875667
-1.2908099e-005,-0.875667
-1.2907849e-005,-0.874
-1.2907599e-005,-0.874
-1.2907349e-005,-0.875667
-1.2907099e-005,-0.875667
-1.2906849e-005,-0.874
-1.2906599e-005,-0.874
-1.2906349e-005,-0.875667
-1.2906099e-005,-0.875667
-1.2905849e-005,-0.874
-1.2905599e-005,-0.874
-1.2905349e-005,-0.875667
-1.2905099e-005,-0.875667
-1.2904849e-005,-0.874
-1.2904599e-005,-0.874
-1.2904349e-005,-0.875667
-1.2904099e-005,-0.875667
-1.2903849e-005,-0.874
-1.2903599e-005,-0.874
-1.2903349e-005,-0.875667
-1.2903099e-005,-0.875667
-1.2902849e-005,-0.874
-1.2902599e-005,-0.874
-1.2902349e-005,-0.875667
-1.2902099e-005,-0.875667
-1.2901849e-005,-0.874
-1.2901599e-005,-0.874
-1.2901349e-005,-0.875667
-1.2901099e-005,-0.875667
-1.2900849e-005,-0.874
-1.2900599e-005,-0.874
-1.2900349e-005,-0.875667
-1.2900099e-005,-0.875667
-1.2899849e-005,-0.874
-1.2899599e-005,-0.874
-1.2899349e-005,-0.875667
-1.2899099e-005,-0.875667
-1.2898849e-005,-0.874
-1.2898599e-005,-0.874
-1.2898349e-005,-0.875667
-1.2898099e-005,-0.875667
-1.2897849e-005,-0.874
-1.2897599e-005,-0.874
-1.2897349e-005,-0.874
-1.2897099e-005,-0.875667
-1.2896849e-005,-0.874
-1.2896599e-005,-0.874
-1.2896349e-005,-0.874
-1.2896099e-005,-0.875667
-1.2895849e-005,-0.874
-1.2895599e-005,-0.874
-1.2895349e-005,-0.874
-1.2895099e-005,-0.875667
-1.2894849e-005,-0.874
-1.2894599e-005,-0.874
-1.2894349e-005,-0.874
-1.2894099e-005,-0.875667
-1.2893849e-005,-0.874
-1.2893599e-005,-0.874
-1.2893349e-005,-0.874
-1.2893099e-005,-0.875667
-1.2892849e-005,-0.874
-1.2892599e-005,-0.874
-1.2892349e-005,-0.874
-1.2892099e-005,-0.875667
-1.2891849e-005,-0.874
-1.2891599e-005,-0.874
-1.2891349e-005,-0.874
-1.2891099e-005,-0.875667
-1.2890849e-005,-0.874
-1.2890599e-005,-0.874
-1.2890349e-005,-0.874
-1.2890099e-005,-0.875667
-1.2889849e-005,-0.874
-1.2889599e-005,-0.874
-1.2889349e-005,-0.874
-1.2889099e-005,-0.875667
-1.2888849e-005,-0.874
-1.2888599e-005,-0.874
-1.2888349e-005,-0.874
-1.2888099e-005,-0.875667
-1.2887849e-005,-0.874
-1.2887599e-005,-0.874
-1.2887349e-005,-0.874
-1.2887099e-005,-0.875667
-1.2886849e-005,-0.874
-1.2886599e-005,-0.874
-1.2886349e-005,-0.874
-1.2886099e-005,-0.875667
-1.2885849e-005,-0.874
-1.2885599e-005,-0.874
-1.2885349e-005,-0.874
-1.2885099e-005,-0.875667
-1.2884849e-005,-0.874
-1.2884599e-005,-0.874
-1.2884349e-005,-0.874
-1.2884099e-005,-0.875667
-1.2883849e-005,-0.874
-1.2883599e-005,-0.874
-1.2883349e-005,-0.874
-1.2883099e-005,-0.875667
-1.2882849e-005,-0.874
-1.2882599e-005,-0.874
-1.2882349e-005,-0.874
-1.2882099e-005,-0.875667
-1.2881849e-005,-0.874
-1.2881599e-005,-0.874
-1.2881349e-005,-0.875667
-1.2881099e-005,-0.875667
-1.2880849e-005,-0.874
-1.2880599e-005,-0.874
-1.2880349e-005,-0.875667
-1.2880099e-005,-0.875667
-1.2879849e-005,-0.874
-1.2879599e-005,-0.874
-1.2879349e-005,-0.875667
-1.2879099e-005,-0.875667
-1.2878849e-005,-0.874
-1.2878599e-005,-0.874
-1.2878349e-005,-0.875667
-1.2878099e-005,-0.875667
-1.2877849e-005,-0.874
-1.2877599e-005,-0.874
-1.2877349e-005,-0.875667
-1.2877099e-005,-0.874
-1.2876849e-005,-0.874
-1.2876599e-005,-0.874
-1.2876349e-005,-0.875667
-1.2876099e-005,-0.875667
-1.2875849e-005,-0.874
-1.2875599e-005,-0.874
-1.2875349e-005,-0.875667
-1.2875099e-005,-0.875667
-1.2874849e-005,-0.874
-1.2874599e-005,-0.874
-1.2874349e-005,-0.875667
-1.2874099e-005,-0.875667
-1.2873849e-005,-0.874
-1.2873599e-005,-0.874
-1.2873349e-005,-0.874
-1.2873099e-005,-0.875667
-1.2872849e-005,-0.874
-1.2872599e-005,-0.874
-1.2872349e-005,-0.874
-1.2872099e-005,-0.875667
-1.2871849e-005,-0.874
-1.2871599e-005,-0.874
-1.2871349e-005,-0.874
-1.2871099e-005,-0.875667
-1.2870849e-005,-0.874
-1.2870599e-005,-0.874
-1.2870349e-005,-0.874
-1.2870099e-005,-0.875667
-1.2869849e-005,-0.874
-1.2869599e-005,-0.874
-1.2869349e-005,-0.874
-1.2869099e-005,-0.875667
-1.2868849e-005,-0.874
-1.2868599e-005,-0.874
-1.2868349e-005,-0.875667
-1.2868099e-005,-0.875667
-1.2867849e-005,-0.874
-1.2867599e-005,-0.874
-1.2867349e-005,-0.875667
-1.2867099e-005,-0.875667
-1.2866849e-005,-0.874
-1.2866599e-005,-0.874
-1.2866349e-005,-0.875667
-1.2866099e-005,-0.875667
-1.2865849e-005,-0.874
-1.2865599e-005,-0.874
-1.2865349e-005,-0.875667
-1.2865099e-005,-0.875667
-1.2864849e-005,-0.874
-1.2864599e-005,-0.874
-1.2864349e-005,-0.875667
-1.2864099e-005,-0.875667
-1.2863849e-005,-0.874
-1.2863599e-005,-0.874
-1.2863349e-005,-0.875667
-1.2863099e-005,-0.875667
-1.2862849e-005,-0.874
-1.2862599e-005,-0.874
-1.2862349e-005,-0.875667
-1.2862099e-005,-0.875667
-1.2861849e-005,-0.874
-1.2861599e-005,-0.874
-1.2861349e-005,-0.875667
-1.2861099e-005,-0.875667
-1.2860849e-005,-0.874
-1.2860599e-005,-0.874
-1.2860349e-005,-0.874
-1.2860099e-005,-0.875667
-1.2859849e-005,-0.874
-1.2859599e-005,-0.874
-1.2859349e-005,-0.874
-1.2859099e-005,-0.875667
-1.2858849e-005,-0.874
-1.2858599e-005,-0.874
-1.2858349e-005,-0.874
-1.2858099e-005,-0.875667
-1.2857849e-005,-0.874
-1.2857599e-005,-0.874
-1.2857349e-005,-0.874
-1.2857099e-005,-0.875667
-1.2856849e-005,-0.874
-1.2856599e-005,-0.874
-1.2856349e-005,-0.874
-1.2856099e-005,-0.875667
-1.2855849e-005,-0.874
-1.2855599e-005,-0.874
-1.2855349e-005,-0.874
-1.2855099e-005,-0.875667
-1.2854849e-005,-0.874
-1.2854599e-005,-0.874
-1.2854349e-005,-0.875667
-1.2854099e-005,-0.875667
-1.2853849e-005,-0.874
-1.2853599e-005,-0.874
-1.2853349e-005,-0.875667
-1.2853099e-005,-0.875667
-1.2852849e-005,-0.874
-1.2852599e-005,-0.874
-1.2852349e-005,-0.875667
-1.2852099e-005,-0.875667
-1.2851849e-005,-0.874
-1.2851599e-005,-0.874
-1.2851349e-005,-0.875667
-1.2851099e-005,-0.875667
-1.2850849e-005,-0.874
-1.2850599e-005,-0.874
-1.2850349e-005,-0.875667
-1.2850099e-005,-0.875667
-1.2849849e-005,-0.874
-1.2849599e-005,-0.874
-1.2849349e-005,-0.875667
-1.2849099e-005,-0.875667
-1.2848849e-005,-0.874
-1.2848599e-005,-0.874
-1.2848349e-005,-0.875667
-1.2848099e-005,-0.875667
-1.2847849e-005,-0.875667
-1.2847599e-005,-0.874
-1.2847349e-005,-0.875667
-1.2847099e-005,-0.875667
-1.2846849e-005,-0.874
-1.2846599e-005,-0.874
-1.2846349e-005,-0.875667
-1.2846099e-005,-0.875667
-1.2845849e-005,-0.874
-1.2845599e-005,-0.874
-1.2845349e-005,-0.875667
-1.2845099e-005,-0.875667
-1.2844849e-005,-0.874
-1.2844599e-005,-0.874
-1.2844349e-005,-0.875667
-1.2844099e-005,-0.875667
-1.2843849e-005,-0.874
-1.2843599e-005,-0.874
-1.2843349e-005,-0.875667
-1.2843099e-005,-0.875667
-1.2842849e-005,-0.874
-1.2842599e-005,-0.874
-1.2842349e-005,-0.874
-1.2842099e-005,-0.874
-1.2841849e-005,-0.874
-1.2841599e-005,-0.874
-1.2841349e-005,-0.874
-1.2841099e-005,-0.875667
-1.2840849e-005,-0.874
-1.2840599e-005,-0.874
-1.2840349e-005,-0.874
-1.2840099e-005,-0.875667
-1.2839849e-005,-0.874
-1.2839599e-005,-0.874
-1.2839349e-005,-0.875667
-1.2839099e-005,-0.875667
-1.2838849e-005,-0.874
-1.2838599e-005,-0.874
-1.2838349e-005,-0.874
-1.2838099e-005,-0.874
-1.2837849e-005,-0.874
-1.2837599e-005,-0.874
-1.2837349e-005,-0.874
-1.2837099e-005,-0.874
-1.2836849e-005,-0.874
-1.2836599e-005,-0.874
-1.2836349e-005,-0.875667
-1.2836099e-005,-0.874
-1.2835849e-005,-0.874
-1.2835599e-005,-0.874
-1.2835349e-005,-0.875667
-1.2835099e-005,-0.875667
-1.2834849e-005,-0.874
-1.2834599e-005,-0.874
-1.2834349e-005,-0.874
-1.2834099e-005,-0.875667
-1.2833849e-005,-0.874
-1.2833599e-005,-0.874
-1.2833349e-005,-0.874
-1.2833099e-005,-0.875667
-1.2832849e-005,-0.874
-1.2832599e-005,-0.874
-1.2832349e-005,-0.874
-1.2832099e-005,-0.875667
-1.2831849e-005,-0.874
-1.2831599e-005,-0.874
-1.2831349e-005,-0.874
-1.2831099e-005,-0.875667
-1.2830849e-005,-0.874
-1.2830599e-005,-0.874
-1.2830349e-005,-0.874
-1.2830099e-005,-0.875667
-1.2829849e-005,-0.874
-1.2829599e-005,-0.874
-1.2829349e-005,-0.874
-1.2829099e-005,-0.875667
-1.2828849e-005,-0.874
-1.2828599e-005,-0.874
-1.2828349e-005,-0.875667
-1.2828099e-005,-0.875667
-1.2827849e-005,-0.874
-1.2827599e-005,-0.874
-1.2827349e-005,-0.875667
-1.2827099e-005,-0.875667
-1.2826849e-005,-0.874
-1.2826599e-005,-0.874
-1.2826349e-005,-0.874
-1.2826099e-005,-0.875667
-1.2825849e-005,-0.874
-1.2825599e-005,-0.874
-1.2825349e-005,-0.874
-1.2825099e-005,-0.875667
-1.2824849e-005,-0.874
-1.2824599e-005,-0.874
-1.2824349e-005,-0.875667
-1.2824099e-005,-0.875667
-1.2823849e-005,-0.874
-1.2823599e-005,-0.874
-1.2823349e-005,-0.875667
-1.2823099e-005,-0.875667
-1.2822849e-005,-0.874
-1.2822599e-005,-0.874
-1.2822349e-005,-0.874
-1.2822099e-005,-0.875667
-1.2821849e-005,-0.874
-1.2821599e-005,-0.874
-1.2821349e-005,-0.875667
-1.2821099e-005,-0.875667
-1.2820849e-005,-0.874
-1.2820599e-005,-0.874
-1.2820349e-005,-0.875667
-1.2820099e-005,-0.875667
-1.2819849e-005,-0.874
-1.2819599e-005,-0.874
-1.2819349e-005,-0.875667
-1.2819099e-005,-0.875667
-1.2818849e-005,-0.874
-1.2818599e-005,-0.874
-1.2818349e-005,-0.875667
-1.2818099e-005,-0.875667
-1.2817849e-005,-0.874
-1.2817599e-005,-0.874
-1.2817349e-005,-0.875667
-1.2817099e-005,-0.875667
-1.2816849e-005,-0.874
-1.2816599e-005,-0.874
-1.2816349e-005,-0.874
-1.2816099e-005,-0.875667
-1.2815849e-005,-0.874
-1.2815599e-005,-0.874
-1.2815349e-005,-0.874
-1.2815099e-005,-0.875667
-1.2814849e-005,-0.874
-1.2814599e-005,-0.874
-1.2814349e-005,-0.874
-1.2814099e-005,-0.875667
-1.2813849e-005,-0.874
-1.2813599e-005,-0.874
-1.2813349e-005,-0.874
-1.2813099e-005,-0.875667
-1.2812849e-005,-0.874
-1.2812599e-005,-0.874
-1.2812349e-005,-0.874
-1.2812099e-005,-0.875667
-1.2811849e-005,-0.874
-1.2811599e-005,-0.874
-1.2811349e-005,-0.874
-1.2811099e-005,-0.875667
-1.2810849e-005,-0.874
-1.2810599e-005,-0.874
-1.2810349e-005,-0.874
-1.2810099e-005,-0.875667
-1.2809849e-005,-0.874
-1.2809599e-005,-0.874
-1.2809349e-005,-0.874
-1.2809099e-005,-0.875667
-1.2808849e-005,-0.874
-1.2808599e-005,-0.874
-1.2808349e-005,-0.874
-1.2808099e-005,-0.875667
-1.2807849e-005,-0.874
-1.2807599e-005,-0.874
-1.2807349e-005,-0.874
-1.2807099e-005,-0.875667
-1.2806849e-005,-0.874
-1.2806599e-005,-0.874
-1.2806349e-005,-0.874
-1.2806099e-005,-0.875667
-1.2805849e-005,-0.874
-1.2805599e-005,-0.874
-1.2805349e-005,-0.874
-1.2805099e-005,-0.875667
-1.2804849e-005,-0.874
-1.2804599e-005,-0.874
-1.2804349e-005,-0.874
-1.2804099e-005,-0.875667
-1.2803849e-005,-0.874
-1.2803599e-005,-0.874
-1.2803349e-005,-0.875667
-1.2803099e-005,-0.875667
-1.2802849e-005,-0.874
-1.2802599e-005,-0.874
-1.2802349e-005,-0.875667
-1.2802099e-005,-0.875667
-1.2801849e-005,-0.874
-1.2801599e-005,-0.874
-1.2801349e-005,-0.875667
-1.2801099e-005,-0.875667
-1.2800849e-005,-0.874
-1.2800599e-005,-0.874
-1.2800349e-005,-0.875667
-1.2800099e-005,-0.875667
-1.2799849e-005,-0.874
-1.2799599e-005,-0.874
-1.2799349e-005,-0.875667
-1.2799099e-005,-0.875667
-1.2798849e-005,-0.874
-1.2798599e-005,-0.874
-1.2798349e-005,-0.874
-1.2798099e-005,-0.874
-1.2797849e-005,-0.874
-1.2797599e-005,-0.874
-1.2797349e-005,-0.874
-1.2797099e-005,-0.874
-1.2796849e-005,-0.874
-1.2796599e-005,-0.874
-1.2796349e-005,-0.874
-1.2796099e-005,-0.875667
-1.2795849e-005,-0.874
-1.2795599e-005,-0.874
-1.2795349e-005,-0.874
-1.2795099e-005,-0.874
-1.2794849e-005,-0.874
-1.2794599e-005,-0.874
-1.2794349e-005,-0.874
-1.2794099e-005,-0.874
-1.2793849e-005,-0.874
-1.2793599e-005,-0.874
-1.2793349e-005,-0.874
-1.2793099e-005,-0.875667
-1.2792849e-005,-0.874
-1.2792599e-005,-0.874
-1.2792349e-005,-0.874
-1.2792099e-005,-0.875667
-1.2791849e-005,-0.874
-1.2791599e-005,-0.874
-1.2791349e-005,-0.874
-1.2791099e-005,-0.875667
-1.2790849e-005,-0.874
-1.2790599e-005,-0.874
-1.2790349e-005,-0.874
-1.2790099e-005,-0.875667
-1.2789849e-005,-0.874
-1.2789599e-005,-0.874
-1.2789349e-005,-0.875667
-1.2789099e-005,-0.875667
-1.2788849e-005,-0.874
-1.2788599e-005,-0.874
-1.2788349e-005,-0.875667
-1.2788099e-005,-0.875667
-1.2787849e-005,-0.874
-1.2787599e-005,-0.874
-1.2787349e-005,-0.875667
-1.2787099e-005,-0.875667
-1.2786849e-005,-0.874
-1.2786599e-005,-0.874
-1.2786349e-005,-0.875667
-1.2786099e-005,-0.875667
-1.2785849e-005,-0.874
-1.2785599e-005,-0.874
-1.2785349e-005,-0.875667
-1.2785099e-005,-0.875667
-1.2784849e-005,-0.874
-1.2784599e-005,-0.874
-1.2784349e-005,-0.875667
-1.2784099e-005,-0.875667
-1.2783849e-005,-0.874
-1.2783599e-005,-0.874
-1.2783349e-005,-0.875667
-1.2783099e-005,-0.875667
-1.2782849e-005,-0.874
-1.2782599e-005,-0.874
-1.2782349e-005,-0.875667
-1.2782099e-005,-0.875667
-1.2781849e-005,-0.874
-1.2781599e-005,-0.874
-1.2781349e-005,-0.875667
-1.2781099e-005,-0.875667
-1.2780849e-005,-0.874
-1.2780599e-005,-0.874
-1.2780349e-005,-0.874
-1.2780099e-005,-0.875667
-1.2779849e-005,-0.874
-1.2779599e-005,-0.874
-1.2779349e-005,-0.874
-1.2779099e-005,-0.875667
-1.2778849e-005,-0.874
-1.2778599e-005,-0.874
-1.2778349e-005,-0.874
-1.2778099e-005,-0.875667
-1.2777849e-005,-0.874
-1.2777599e-005,-0.874
-1.2777349e-005,-0.874
-1.2777099e-005,-0.875667
-1.2776849e-005,-0.874
-1.2776599e-005,-0.874
-1.2776349e-005,-0.875667
-1.2776099e-005,-0.874
-1.2775849e-005,-0.874
-1.2775599e-005,-0.874
-1.2775349e-005,-0.875667
-1.2775099e-005,-0.874
-1.2774849e-005,-0.874
-1.2774599e-005,-0.874
-1.2774349e-005,-0.875667
-1.2774099e-005,-0.875667
-1.2773849e-005,-0.874
-1.2773599e-005,-0.874
-1.2773349e-005,-0.875667
-1.2773099e-005,-0.875667
-1.2772849e-005,-0.874
-1.2772599e-005,-0.874
-1.2772349e-005,-0.875667
-1.2772099e-005,-0.875667
-1.2771849e-005,-0.874
-1.2771599e-005,-0.874
-1.2771349e-005,-0.875667
-1.2771099e-005,-0.875667
-1.2770849e-005,-0.874
-1.2770599e-005,-0.874
-1.2770349e-005,-0.875667
-1.2770099e-005,-0.875667
-1.2769849e-005,-0.874
-1.2769599e-005,-0.874
-1.2769349e-005,-0.875667
-1.2769099e-005,-0.875667
-1.2768849e-005,-0.874
-1.2768599e-005,-0.874
-1.2768349e-005,-0.875667
-1.2768099e-005,-0.875667
-1.2767849e-005,-0.874
-1.2767599e-005,-0.874
-1.2767349e-005,-0.875667
-1.2767099e-005,-0.875667
-1.2766849e-005,-0.874
-1.2766599e-005,-0.874
-1.2766349e-005,-0.875667
-1.2766099e-005,-0.875667
-1.2765849e-005,-0.874
-1.2765599e-005,-0.874
-1.2765349e-005,-0.875667
-1.2765099e-005,-0.875667
-1.2764849e-005,-0.874
-1.2764599e-005,-0.874
-1.2764349e-005,-0.875667
-1.2764099e-005,-0.875667
-1.2763849e-005,-0.874
-1.2763599e-005,-0.874
-1.2763349e-005,-0.875667
-1.2763099e-005,-0.874
-1.2762849e-005,-0.874
-1.2762599e-005,-0.874
-1.2762349e-005,-0.875667
-1.2762099e-005,-0.874
-1.2761849e-005,-0.874
-1.2761599e-005,-0.874
-1.2761349e-005,-0.875667
-1.2761099e-005,-0.875667
-1.2760849e-005,-0.874
-1.2760599e-005,-0.874
-1.2760349e-005,-0.875667
-1.2760099e-005,-0.875667
-1.2759849e-005,-0.874
-1.2759599e-005,-0.874
-1.2759349e-005,-0.875667
-1.2759099e-005,-0.875667
-1.2758849e-005,-0.874
-1.2758599e-005,-0.874
-1.2758349e-005,-0.875667
-1.2758099e-005,-0.875667
-1.2757849e-005,-0.874
-1.2757599e-005,-0.874
-1.2757349e-005,-0.875667
-1.2757099e-005,-0.875667
-1.2756849e-005,-0.874
-1.2756599e-005,-0.874
-1.2756349e-005,-0.875667
-1.2756099e-005,-0.875667
-1.2755849e-005,-0.874
-1.2755599e-005,-0.874
-1.2755349e-005,-0.875667
-1.2755099e-005,-0.875667
-1.2754849e-005,-0.874
-1.2754599e-005,-0.874
-1.2754349e-005,-0.875667
-1.2754099e-005,-0.875667
-1.2753849e-005,-0.874
-1.2753599e-005,-0.874
-1.2753349e-005,-0.875667
-1.2753099e-005,-0.875667
-1.2752849e-005,-0.874
-1.2752599e-005,-0.874
-1.2752349e-005,-0.875667
-1.2752099e-005,-0.875667
-1.2751849e-005,-0.874
-1.2751599e-005,-0.874
-1.2751349e-005,-0.875667
-1.2751099e-005,-0.875667
-1.2750849e-005,-0.874
-1.2750599e-005,-0.874
-1.2750349e-005,-0.875667
-1.2750099e-005,-0.875667
-1.2749849e-005,-0.875667
-1.2749599e-005,-0.874
-1.2749349e-005,-0.875667
-1.2749099e-005,-0.875667
-1.2748849e-005,-0.875667
-1.2748599e-005,-0.874
-1.2748349e-005,-0.875667
-1.2748099e-005,-0.875667
-1.2747849e-005,-0.874
-1.2747599e-005,-0.874
-1.2747349e-005,-0.875667
-1.2747099e-005,-0.875667
-1.2746849e-005,-0.874
-1.2746599e-005,-0.874
-1.2746349e-005,-0.875667
-1.2746099e-005,-0.875667
-1.2745849e-005,-0.874
-1.2745599e-005,-0.874
-1.2745349e-005,-0.875667
-1.2745099e-005,-0.875667
-1.2744849e-005,-0.874
-1.2744599e-005,-0.874
-1.2744349e-005,-0.875667
-1.2744099e-005,-0.875667
-1.2743849e-005,-0.874
-1.2743599e-005,-0.874
-1.2743349e-005,-0.875667
-1.2743099e-005,-0.875667
-1.2742849e-005,-0.874
-1.2742599e-005,-0.874
-1.2742349e-005,-0.875667
-1.2742099e-005,-0.875667
-1.2741849e-005,-0.874
-1.2741599e-005,-0.874
-1.2741349e-005,-0.875667
-1.2741099e-005,-0.875667
-1.2740849e-005,-0.874
-1.2740599e-005,-0.874
-1.2740349e-005,-0.875667
-1.2740099e-005,-0.875667
-1.2739849e-005,-0.874
-1.2739599e-005,-0.874
-1.2739349e-005,-0.875667
-1.2739099e-005,-0.875667
-1.2738849e-005,-0.874
-1.2738599e-005,-0.874
-1.2738349e-005,-0.875667
-1.2738099e-005,-0.875667
-1.2737849e-005,-0.874
-1.2737599e-005,-0.874
-1.2737349e-005,-0.875667
-1.2737099e-005,-0.875667
-1.2736849e-005,-0.874
-1.2736599e-005,-0.874
-1.2736349e-005,-0.875667
-1.2736099e-005,-0.875667
-1.2735849e-005,-0.874
-1.2735599e-005,-0.874
-1.2735349e-005,-0.875667
-1.2735099e-005,-0.875667
-1.2734849e-005,-0.874
-1.2734599e-005,-0.874
-1.2734349e-005,-0.874
-1.2734099e-005,-0.875667
-1.2733849e-005,-0.874
-1.2733599e-005,-0.874
-1.2733349e-005,-0.874
-1.2733099e-005,-0.875667
-1.2732849e-005,-0.874
-1.2732599e-005,-0.874
-1.2732349e-005,-0.875667
-1.2732099e-005,-0.875667
-1.2731849e-005,-0.874
-1.2731599e-005,-0.874
-1.2731349e-005,-0.874
-1.2731099e-005,-0.875667
-1.2730849e-005,-0.874
-1.2730599e-005,-0.874
-1.2730349e-005,-0.874
-1.2730099e-005,-0.875667
-1.2729849e-005,-0.874
-1.2729599e-005,-0.874
-1.2729349e-005,-0.874
-1.2729099e-005,-0.875667
-1.2728849e-005,-0.874
-1.2728599e-005,-0.874
-1.2728349e-005,-0.874
-1.2728099e-005,-0.875667
-1.2727849e-005,-0.874
-1.2727599e-005,-0.874
-1.2727349e-005,-0.875667
-1.2727099e-005,-0.875667
-1.2726849e-005,-0.874
-1.2726599e-005,-0.874
-1.2726349e-005,-0.875667
-1.2726099e-005,-0.875667
-1.2725849e-005,-0.874
-1.2725599e-005,-0.874
-1.2725349e-005,-0.875667
-1.2725099e-005,-0.875667
-1.2724849e-005,-0.874
-1.2724599e-005,-0.874
-1.2724349e-005,-0.874
-1.2724099e-005,-0.874
-1.2723849e-005,-0.874
-1.2723599e-005,-0.874
-1.2723349e-005,-0.874
-1.2723099e-005,-0.874
-1.2722849e-005,-0.874
-1.2722599e-005,-0.874
-1.2722349e-005,-0.874
-1.2722099e-005,-0.875667
-1.2721849e-005,-0.874
-1.2721599e-005,-0.874
-1.2721349e-005,-0.874
-1.2721099e-005,-0.875667
-1.2720849e-005,-0.874
-1.2720599e-005,-0.874
-1.2720349e-005,-0.874
-1.2720099e-005,-0.875667
-1.2719849e-005,-0.874
-1.2719599e-005,-0.874
-1.2719349e-005,-0.875667
-1.2719099e-005,-0.875667
-1.2718849e-005,-0.874
-1.2718599e-005,-0.874
-1.2718349e-005,-0.875667
-1.2718099e-005,-0.875667
-1.2717849e-005,-0.874
-1.2717599e-005,-0.874
-1.2717349e-005,-0.875667
-1.2717099e-005,-0.875667
-1.2716849e-005,-0.874
-1.2716599e-005,-0.874
-1.2716349e-005,-0.875667
-1.2716099e-005,-0.875667
-1.2715849e-005,-0.874
-1.2715599e-005,-0.874
-1.2715349e-005,-0.875667
-1.2715099e-005,-0.875667
-1.2714849e-005,-0.874
-1.2714599e-005,-0.874
-1.2714349e-005,-0.874
-1.2714099e-005,-0.875667
-1.2713849e-005,-0.874
-1.2713599e-005,-0.874
-1.2713349e-005,-0.874
-1.2713099e-005,-0.875667
-1.2712849e-005,-0.874
-1.2712599e-005,-0.874
-1.2712349e-005,-0.874
-1.2712099e-005,-0.875667
-1.2711849e-005,-0.874
-1.2711599e-005,-0.874
-1.2711349e-005,-0.874
-1.2711099e-005,-0.875667
-1.2710849e-005,-0.874
-1.2710599e-005,-0.874
-1.2710349e-005,-0.875667
-1.2710099e-005,-0.875667
-1.2709849e-005,-0.874
-1.2709599e-005,-0.874
-1.2709349e-005,-0.875667
-1.2709099e-005,-0.875667
-1.2708849e-005,-0.874
-1.2708599e-005,-0.874
-1.2708349e-005,-0.875667
-1.2708099e-005,-0.875667
-1.2707849e-005,-0.874
-1.2707599e-005,-0.874
-1.2707349e-005,-0.875667
-1.2707099e-005,-0.875667
-1.2706849e-005,-0.874
-1.2706599e-005,-0.874
-1.2706349e-005,-0.875667
-1.2706099e-005,-0.875667
-1.2705849e-005,-0.874
-1.2705599e-005,-0.874
-1.2705349e-005,-0.874
-1.2705099e-005,-0.875667
-1.2704849e-005,-0.874
-1.2704599e-005,-0.874
-1.2704349e-005,-0.874
-1.2704099e-005,-0.875667
-1.2703849e-005,-0.874
-1.2703599e-005,-0.874
-1.2703349e-005,-0.874
-1.2703099e-005,-0.875667
-1.2702849e-005,-0.874
-1.2702599e-005,-0.874
-1.2702349e-005,-0.874
-1.2702099e-005,-0.875667
-1.2701849e-005,-0.874
-1.2701599e-005,-0.874
-1.2701349e-005,-0.874
-1.2701099e-005,-0.875667
-1.2700849e-005,-0.874
-1.2700599e-005,-0.874
-1.2700349e-005,-0.874
-1.2700099e-005,-0.875667
-1.2699849e-005,-0.874
-1.2699599e-005,-0.874
-1.2699349e-005,-0.874
-1.2699099e-005,-0.875667
-1.2698849e-005,-0.874
-1.2698599e-005,-0.874
-1.2698349e-005,-0.874
-1.2698099e-005,-0.875667
-1.2697849e-005,-0.874
-1.2697599e-005,-0.874
-1.2697349e-005,-0.874
-1.2697099e-005,-0.875667
-1.2696849e-005,-0.874
-1.2696599e-005,-0.874
-1.2696349e-005,-0.874
-1.2696099e-005,-0.875667
-1.2695849e-005,-0.874
-1.2695599e-005,-0.874
-1.2695349e-005,-0.874
-1.2695099e-005,-0.875667
-1.2694849e-005,-0.874
-1.2694599e-005,-0.874
-1.2694349e-005,-0.874
-1.2694099e-005,-0.875667
-1.2693849e-005,-0.874
-1.2693599e-005,-0.874
-1.2693349e-005,-0.874
-1.2693099e-005,-0.875667
-1.2692849e-005,-0.874
-1.2692599e-005,-0.874
-1.2692349e-005,-0.874
-1.2692099e-005,-0.875667
-1.2691849e-005,-0.874
-1.2691599e-005,-0.874
-1.2691349e-005,-0.874
-1.2691099e-005,-0.875667
-1.2690849e-005,-0.874
-1.2690599e-005,-0.874
-1.2690349e-005,-0.874
-1.2690099e-005,-0.875667
-1.2689849e-005,-0.874
-1.2689599e-005,-0.874
-1.2689349e-005,-0.874
-1.2689099e-005,-0.875667
-1.2688849e-005,-0.874
-1.2688599e-005,-0.874
-1.2688349e-005,-0.874
-1.2688099e-005,-0.875667
-1.2687849e-005,-0.874
-1.2687599e-005,-0.874
-1.2687349e-005,-0.874
-1.2687099e-005,-0.875667
-1.2686849e-005,-0.874
-1.2686599e-005,-0.874
-1.2686349e-005,-0.874
-1.2686099e-005,-0.875667
-1.2685849e-005,-0.874
-1.2685599e-005,-0.874
-1.2685349e-005,-0.874
-1.2685099e-005,-0.875667
-1.2684849e-005,-0.874
-1.2684599e-005,-0.874
-1.2684349e-005,-0.874
-1.2684099e-005,-0.875667
-1.2683849e-005,-0.874
-1.2683599e-005,-0.874
-1.2683349e-005,-0.874
-1.2683099e-005,-0.875667
-1.2682849e-005,-0.874
-1.2682599e-005,-0.874
-1.2682349e-005,-0.875667
-1.2682099e-005,-0.875667
-1.2681849e-005,-0.874
-1.2681599e-005,-0.874
-1.2681349e-005,-0.875667
-1.2681099e-005,-0.875667
-1.2680849e-005,-0.874
-1.2680599e-005,-0.874
-1.2680349e-005,-0.875667
-1.2680099e-005,-0.875667
-1.2679849e-005,-0.874
-1.2679599e-005,-0.874
-1.2679349e-005,-0.874
-1.2679099e-005,-0.875667
-1.2678849e-005,-0.874
-1.2678599e-005,-0.874
-1.2678349e-005,-0.874
-1.2678099e-005,-0.875667
-1.2677849e-005,-0.874
-1.2677599e-005,-0.874
-1.2677349e-005,-0.874
-1.2677099e-005,-0.875667
-1.2676849e-005,-0.874
-1.2676599e-005,-0.874
-1.2676349e-005,-0.874
-1.2676099e-005,-0.875667
-1.2675849e-005,-0.874
-1.2675599e-005,-0.874
-1.2675349e-005,-0.874
-1.2675099e-005,-0.875667
-1.2674849e-005,-0.874
-1.2674599e-005,-0.874
-1.2674349e-005,-0.874
-1.2674099e-005,-0.875667
-1.2673849e-005,-0.874
-1.2673599e-005,-0.874
-1.2673349e-005,-0.874
-1.2673099e-005,-0.875667
-1.2672849e-005,-0.874
-1.2672599e-005,-0.874
-1.2672349e-005,-0.874
-1.2672099e-005,-0.874
-1.2671849e-005,-0.874
-1.2671599e-005,-0.874
-1.2671349e-005,-0.874
-1.2671099e-005,-0.875667
-1.2670849e-005,-0.874
-1.2670599e-005,-0.874
-1.2670349e-005,-0.874
-1.2670099e-005,-0.875667
-1.2669849e-005,-0.874
-1.2669599e-005,-0.874
-1.2669349e-005,-0.875667
-1.2669099e-005,-0.875667
-1.2668849e-005,-0.874
-1.2668599e-005,-0.874
-1.2668349e-005,-0.875667
-1.2668099e-005,-0.875667
-1.2667849e-005,-0.874
-1.2667599e-005,-0.874
-1.2667349e-005,-0.875667
-1.2667099e-005,-0.875667
-1.2666849e-005,-0.874
-1.2666599e-005,-0.874
-1.2666349e-005,-0.874
-1.2666099e-005,-0.874
-1.2665849e-005,-0.874
-1.2665599e-005,-0.874
-1.2665349e-005,-0.875667
-1.2665099e-005,-0.874
-1.2664849e-005,-0.874
-1.2664599e-005,-0.874
-1.2664349e-005,-0.875667
-1.2664099e-005,-0.874
-1.2663849e-005,-0.874
-1.2663599e-005,-0.874
-1.2663349e-005,-0.875667
-1.2663099e-005,-0.874
-1.2662849e-005,-0.874
-1.2662599e-005,-0.874
-1.2662349e-005,-0.875667
-1.2662099e-005,-0.875667
-1.2661849e-005,-0.874
-1.2661599e-005,-0.874
-1.2661349e-005,-0.875667
-1.2661099e-005,-0.875667
-1.2660849e-005,-0.874
-1.2660599e-005,-0.874
-1.2660349e-005,-0.874
-1.2660099e-005,-0.875667
-1.2659849e-005,-0.874
-1.2659599e-005,-0.874
-1.2659349e-005,-0.874
-1.2659099e-005,-0.875667
-1.2658849e-005,-0.874
-1.2658599e-005,-0.874
-1.2658349e-005,-0.874
-1.2658099e-005,-0.875667
-1.2657849e-005,-0.874
-1.2657599e-005,-0.874
-1.2657349e-005,-0.874
-1.2657099e-005,-0.875667
-1.2656849e-005,-0.874
-1.2656599e-005,-0.874
-1.2656349e-005,-0.874
-1.2656099e-005,-0.875667
-1.2655849e-005,-0.874
-1.2655599e-005,-0.874
-1.2655349e-005,-0.874
-1.2655099e-005,-0.875667
-1.2654849e-005,-0.874
-1.2654599e-005,-0.874
-1.2654349e-005,-0.874
-1.2654099e-005,-0.875667
-1.2653849e-005,-0.874
-1.2653599e-005,-0.874
-1.2653349e-005,-0.874
-1.2653099e-005,-0.875667
-1.2652849e-005,-0.874
-1.2652599e-005,-0.874
-1.2652349e-005,-0.874
-1.2652099e-005,-0.875667
-1.2651849e-005,-0.874
-1.2651599e-005,-0.874
-1.2651349e-005,-0.874
-1.2651099e-005,-0.875667
-1.2650849e-005,-0.874
-1.2650599e-005,-0.874
-1.2650349e-005,-0.874
-1.2650099e-005,-0.874
-1.2649849e-005,-0.874
-1.2649599e-005,-0.874
-1.2649349e-005,-0.874
-1.2649099e-005,-0.874
-1.2648849e-005,-0.874
-1.2648599e-005,-0.874
-1.2648349e-005,-0.875667
-1.2648099e-005,-0.875667
-1.2647849e-005,-0.874
-1.2647599e-005,-0.874
-1.2647349e-005,-0.875667
-1.2647099e-005,-0.875667
-1.2646849e-005,-0.874
-1.2646599e-005,-0.874
-1.2646349e-005,-0.875667
-1.2646099e-005,-0.875667
-1.2645849e-005,-0.874
-1.2645599e-005,-0.874
-1.2645349e-005,-0.875667
-1.2645099e-005,-0.875667
-1.2644849e-005,-0.874
-1.2644599e-005,-0.874
-1.2644349e-005,-0.875667
-1.2644099e-005,-0.875667
-1.2643849e-005,-0.874
-1.2643599e-005,-0.874
-1.2643349e-005,-0.875667
-1.2643099e-005,-0.875667
-1.2642849e-005,-0.874
-1.2642599e-005,-0.874
-1.2642349e-005,-0.875667
-1.2642099e-005,-0.875667
-1.2641849e-005,-0.874
-1.2641599e-005,-0.874
-1.2641349e-005,-0.875667
-1.2641099e-005,-0.875667
-1.2640849e-005,-0.874
-1.2640599e-005,-0.874
-1.2640349e-005,-0.875667
-1.2640099e-005,-0.875667
-1.2639849e-005,-0.874
-1.2639599e-005,-0.874
-1.2639349e-005,-0.875667
-1.2639099e-005,-0.875667
-1.2638849e-005,-0.874
-1.2638599e-005,-0.874
-1.2638349e-005,-0.875667
-1.2638099e-005,-0.875667
-1.2637849e-005,-0.874
-1.2637599e-005,-0.874
-1.2637349e-005,-0.875667
-1.2637099e-005,-0.875667
-1.2636849e-005,-0.874
-1.2636599e-005,-0.874
-1.2636349e-005,-0.875667
-1.2636099e-005,-0.875667
-1.2635849e-005,-0.874
-1.2635599e-005,-0.874
-1.2635349e-005,-0.875667
-1.2635099e-005,-0.875667
-1.2634849e-005,-0.874
-1.2634599e-005,-0.874
-1.2634349e-005,-0.874
-1.2634099e-005,-0.875667
-1.2633849e-005,-0.874
-1.2633599e-005,-0.874
-1.2633349e-005,-0.874
-1.2633099e-005,-0.875667
-1.2632849e-005,-0.874
-1.2632599e-005,-0.874
-1.2632349e-005,-0.874
-1.2632099e-005,-0.874
-1.2631849e-005,-0.874
-1.2631599e-005,-0.874
-1.2631349e-005,-0.874
-1.2631099e-005,-0.875667
-1.2630849e-005,-0.874
-1.2630599e-005,-0.874
-1.2630349e-005,-0.874
-1.2630099e-005,-0.875667
-1.2629849e-005,-0.874
-1.2629599e-005,-0.874
-1.2629349e-005,-0.875667
-1.2629099e-005,-0.875667
-1.2628849e-005,-0.874
-1.2628599e-005,-0.874
-1.2628349e-005,-0.875667
-1.2628099e-005,-0.875667
-1.2627849e-005,-0.874
-1.2627599e-005,-0.874
-1.2627349e-005,-0.875667
-1.2627099e-005,-0.875667
-1.2626849e-005,-0.874
-1.2626599e-005,-0.874
-1.2626349e-005,-0.875667
-1.2626099e-005,-0.875667
-1.2625849e-005,-0.874
-1.2625599e-005,-0.874
-1.2625349e-005,-0.875667
-1.2625099e-005,-0.875667
-1.2624849e-005,-0.874
-1.2624599e-005,-0.874
-1.2624349e-005,-0.875667
-1.2624099e-005,-0.875667
-1.2623849e-005,-0.874
-1.2623599e-005,-0.874
-1.2623349e-005,-0.875667
-1.2623099e-005,-0.875667
-1.2622849e-005,-0.874
-1.2622599e-005,-0.874
-1.2622349e-005,-0.875667
-1.2622099e-005,-0.875667
-1.2621849e-005,-0.874
-1.2621599e-005,-0.874
-1.2621349e-005,-0.875667
-1.2621099e-005,-0.875667
-1.2620849e-005,-0.874
-1.2620599e-005,-0.874
-1.2620349e-005,-0.875667
-1.2620099e-005,-0.875667
-1.2619849e-005,-0.874
-1.2619599e-005,-0.874
-1.2619349e-005,-0.875667
-1.2619099e-005,-0.875667
-1.2618849e-005,-0.874
-1.2618599e-005,-0.874
-1.2618349e-005,-0.875667
-1.2618099e-005,-0.875667
-1.2617849e-005,-0.874
-1.2617599e-005,-0.874
-1.2617349e-005,-0.875667
-1.2617099e-005,-0.875667
-1.2616849e-005,-0.874
-1.2616599e-005,-0.874
-1.2616349e-005,-0.875667
-1.2616099e-005,-0.875667
-1.2615849e-005,-0.874
-1.2615599e-005,-0.874
-1.2615349e-005,-0.874
-1.2615099e-005,-0.875667
-1.2614849e-005,-0.874
-1.2614599e-005,-0.874
-1.2614349e-005,-0.874
-1.2614099e-005,-0.875667
-1.2613849e-005,-0.874
-1.2613599e-005,-0.874
-1.2613349e-005,-0.874
-1.2613099e-005,-0.874
-1.2612849e-005,-0.874
-1.2612599e-005,-0.874
-1.2612349e-005,-0.874
-1.2612099e-005,-0.874
-1.2611849e-005,-0.874
-1.2611599e-005,-0.874
-1.2611349e-005,-0.874
-1.2611099e-005,-0.875667
-1.2610849e-005,-0.874
-1.2610599e-005,-0.874
-1.2610349e-005,-0.874
-1.2610099e-005,-0.875667
-1.2609849e-005,-0.874
-1.2609599e-005,-0.874
-1.2609349e-005,-0.874
-1.2609099e-005,-0.875667
-1.2608849e-005,-0.874
-1.2608599e-005,-0.874
-1.2608349e-005,-0.875667
-1.2608099e-005,-0.875667
-1.2607849e-005,-0.874
-1.2607599e-005,-0.874
-1.2607349e-005,-0.875667
-1.2607099e-005,-0.875667
-1.2606849e-005,-0.874
-1.2606599e-005,-0.874
-1.2606349e-005,-0.875667
-1.2606099e-005,-0.875667
-1.2605849e-005,-0.874
-1.2605599e-005,-0.874
-1.2605349e-005,-0.875667
-1.2605099e-005,-0.875667
-1.2604849e-005,-0.874
-1.2604599e-005,-0.874
-1.2604349e-005,-0.875667
-1.2604099e-005,-0.875667
-1.2603849e-005,-0.874
-1.2603599e-005,-0.874
-1.2603349e-005,-0.875667
-1.2603099e-005,-0.875667
-1.2602849e-005,-0.874
-1.2602599e-005,-0.874
-1.2602349e-005,-0.875667
-1.2602099e-005,-0.875667
-1.2601849e-005,-0.874
-1.2601599e-005,-0.874
-1.2601349e-005,-0.875667
-1.2601099e-005,-0.875667
-1.2600849e-005,-0.874
-1.2600599e-005,-0.874
-1.2600349e-005,-0.875667
-1.2600099e-005,-0.875667
-1.2599849e-005,-0.874
-1.2599599e-005,-0.874
-1.2599349e-005,-0.875667
-1.2599099e-005,-0.875667
-1.2598849e-005,-0.874
-1.2598599e-005,-0.874
-1.2598349e-005,-0.875667
-1.2598099e-005,-0.875667
-1.2597849e-005,-0.874
-1.2597599e-005,-0.874
-1.2597349e-005,-0.875667
-1.2597099e-005,-0.875667
-1.2596849e-005,-0.872333
-1.2596599e-005,-0.874
-1.2596349e-005,-0.875667
-1.2596099e-005,-0.875667
-1.2595849e-005,-0.874
-1.2595599e-005,-0.874
-1.2595349e-005,-0.875667
-1.2595099e-005,-0.875667
-1.2594849e-005,-0.874
-1.2594599e-005,-0.874
-1.2594349e-005,-0.875667
-1.2594099e-005,-0.875667
-1.2593849e-005,-0.874
-1.2593599e-005,-0.874
-1.2593349e-005,-0.875667
-1.2593099e-005,-0.875667
-1.2592849e-005,-0.874
-1.2592599e-005,-0.874
-1.2592349e-005,-0.875667
-1.2592099e-005,-0.875667
-1.2591849e-005,-0.874
-1.2591599e-005,-0.874
-1.2591349e-005,-0.875667
-1.2591099e-005,-0.874
-1.2590849e-005,-0.874
-1.2590599e-005,-0.874
-1.2590349e-005,-0.874
-1.2590099e-005,-0.874
-1.2589849e-005,-0.874
-1.2589599e-005,-0.874
-1.2589349e-005,-0.874
-1.2589099e-005,-0.874
-1.2588849e-005,-0.874
-1.2588599e-005,-0.874
-1.2588349e-005,-0.874
-1.2588099e-005,-0.874
-1.2587849e-005,-0.874
-1.2587599e-005,-0.874
-1.2587349e-005,-0.875667
-1.2587099e-005,-0.874
-1.2586849e-005,-0.874
-1.2586599e-005,-0.874
-1.2586349e-005,-0.875667
-1.2586099e-005,-0.875667
-1.2585849e-005,-0.874
-1.2585599e-005,-0.874
-1.2585349e-005,-0.875667
-1.2585099e-005,-0.875667
-1.2584849e-005,-0.874
-1.2584599e-005,-0.874
-1.2584349e-005,-0.875667
-1.2584099e-005,-0.875667
-1.2583849e-005,-0.874
-1.2583599e-005,-0.874
-1.2583349e-005,-0.875667
-1.2583099e-005,-0.875667
-1.2582849e-005,-0.874
-1.2582599e-005,-0.874
-1.2582349e-005,-0.875667
-1.2582099e-005,-0.875667
-1.2581849e-005,-0.874
-1.2581599e-005,-0.874
-1.2581349e-005,-0.875667
-1.2581099e-005,-0.875667
-1.2580849e-005,-0.874
-1.2580599e-005,-0.874
-1.2580349e-005,-0.875667
-1.2580099e-005,-0.875667
-1.2579849e-005,-0.874
-1.2579599e-005,-0.874
-1.2579349e-005,-0.875667
-1.2579099e-005,-0.875667
-1.2578849e-005,-0.874
-1.2578599e-005,-0.874
-1.2578349e-005,-0.875667
-1.2578099e-005,-0.875667
-1.2577849e-005,-0.874
-1.2577599e-005,-0.874
-1.2577349e-005,-0.875667
-1.2577099e-005,-0.875667
-1.2576849e-005,-0.874
-1.2576599e-005,-0.874
-1.2576349e-005,-0.874
-1.2576099e-005,-0.875667
-1.2575849e-005,-0.874
-1.2575599e-005,-0.874
-1.2575349e-005,-0.874
-1.2575099e-005,-0.875667
-1.2574849e-005,-0.874
-1.2574599e-005,-0.874
-1.2574349e-005,-0.874
-1.2574099e-005,-0.874
-1.2573849e-005,-0.874
-1.2573599e-005,-0.874
-1.2573349e-005,-0.874
-1.2573099e-005,-0.874
-1.2572849e-005,-0.874
-1.2572599e-005,-0.874
-1.2572349e-005,-0.874
-1.2572099e-005,-0.874
-1.2571849e-005,-0.874
-1.2571599e-005,-0.874
-1.2571349e-005,-0.874
-1.2571099e-005,-0.874
-1.2570849e-005,-0.874
-1.2570599e-005,-0.874
-1.2570349e-005,-0.874
-1.2570099e-005,-0.874
-1.2569849e-005,-0.874
-1.2569599e-005,-0.874
-1.2569349e-005,-0.874
-1.2569099e-005,-0.874
-1.2568849e-005,-0.874
-1.2568599e-005,-0.874
-1.2568349e-005,-0.874
-1.2568099e-005,-0.874
-1.2567849e-005,-0.874
-1.2567599e-005,-0.874
-1.2567349e-005,-0.874
-1.2567099e-005,-0.874
-1.2566849e-005,-0.874
-1.2566599e-005,-0.874
-1.2566349e-005,-0.874
-1.2566099e-005,-0.874
-1.2565849e-005,-0.874
-1.2565599e-005,-0.874
-1.2565349e-005,-0.874
-1.2565099e-005,-0.874
-1.2564849e-005,-0.874
-1.2564599e-005,-0.874
-1.2564349e-005,-0.874
-1.2564099e-005,-0.874
-1.2563849e-005,-0.874
-1.2563599e-005,-0.874
-1.2563349e-005,-0.874
-1.2563099e-005,-0.874
-1.2562849e-005,-0.874
-1.2562599e-005,-0.874
-1.2562349e-005,-0.874
-1.2562099e-005,-0.874
-1.2561849e-005,-0.874
-1.2561599e-005,-0.874
-1.2561349e-005,-0.874
-1.2561099e-005,-0.874
-1.2560849e-005,-0.874
-1.2560599e-005,-0.874
-1.2560349e-005,-0.874
-1.2560099e-005,-0.874
-1.2559849e-005,-0.874
-1.2559599e-005,-0.874
-1.2559349e-005,-0.874
-1.2559099e-005,-0.875667
-1.2558849e-005,-0.874
-1.2558599e-005,-0.874
-1.2558349e-005,-0.874
-1.2558099e-005,-0.875667
-1.2557849e-005,-0.874
-1.2557599e-005,-0.874
-1.2557349e-005,-0.875667
-1.2557099e-005,-0.875667
-1.2556849e-005,-0.874
-1.2556599e-005,-0.874
-1.2556349e-005,-0.875667
-1.2556099e-005,-0.875667
-1.2555849e-005,-0.874
-1.2555599e-005,-0.874
-1.2555349e-005,-0.875667
-1.2555099e-005,-0.875667
-1.2554849e-005,-0.874
-1.2554599e-005,-0.874
-1.2554349e-005,-0.875667
-1.2554099e-005,-0.875667
-1.2553849e-005,-0.874
-1.2553599e-005,-0.874
-1.2553349e-005,-0.874
-1.2553099e-005,-0.875667
-1.2552849e-005,-0.874
-1.2552599e-005,-0.874
-1.2552349e-005,-0.874
-1.2552099e-005,-0.875667
-1.2551849e-005,-0.874
-1.2551599e-005,-0.874
-1.2551349e-005,-0.874
-1.2551099e-005,-0.875667
-1.2550849e-005,-0.874
-1.2550599e-005,-0.874
-1.2550349e-005,-0.874
-1.2550099e-005,-0.875667
-1.2549849e-005,-0.874
-1.2549599e-005,-0.874
-1.2549349e-005,-0.874
-1.2549099e-005,-0.875667
-1.2548849e-005,-0.874
-1.2548599e-005,-0.874
-1.2548349e-005,-0.874
-1.2548099e-005,-0.875667
-1.2547849e-005,-0.874
-1.2547599e-005,-0.874
-1.2547349e-005,-0.874
-1.2547099e-005,-0.875667
-1.2546849e-005,-0.874
-1.2546599e-005,-0.874
-1.2546349e-005,-0.875667
-1.2546099e-005,-0.875667
-1.2545849e-005,-0.874
-1.2545599e-005,-0.874
-1.2545349e-005,-0.875667
-1.2545099e-005,-0.875667
-1.2544849e-005,-0.875667
-1.2544599e-005,-0.874
-1.2544349e-005,-0.875667
-1.2544099e-005,-0.875667
-1.2543849e-005,-0.875667
-1.2543599e-005,-0.874
-1.2543349e-005,-0.875667
-1.2543099e-005,-0.875667
-1.2542849e-005,-0.875667
-1.2542599e-005,-0.874
-1.2542349e-005,-0.875667
-1.2542099e-005,-0.875667
-1.2541849e-005,-0.874
-1.2541599e-005,-0.874
-1.2541349e-005,-0.875667
-1.2541099e-005,-0.875667
-1.2540849e-005,-0.874
-1.2540599e-005,-0.874
-1.2540349e-005,-0.874
-1.2540099e-005,-0.875667
-1.2539849e-005,-0.874
-1.2539599e-005,-0.874
-1.2539349e-005,-0.874
-1.2539099e-005,-0.875667
-1.2538849e-005,-0.874
-1.2538599e-005,-0.874
-1.2538349e-005,-0.874
-1.2538099e-005,-0.875667
-1.2537849e-005,-0.874
-1.2537599e-005,-0.874
-1.2537349e-005,-0.875667
-1.2537099e-005,-0.875667
-1.2536849e-005,-0.874
-1.2536599e-005,-0.874
-1.2536349e-005,-0.874
-1.2536099e-005,-0.875667
-1.2535849e-005,-0.874
-1.2535599e-005,-0.874
-1.2535349e-005,-0.874
-1.2535099e-005,-0.875667
-1.2534849e-005,-0.874
-1.2534599e-005,-0.874
-1.2534349e-005,-0.874
-1.2534099e-005,-0.875667
-1.2533849e-005,-0.874
-1.2533599e-005,-0.874
-1.2533349e-005,-0.874
-1.2533099e-005,-0.875667
-1.2532849e-005,-0.875667
-1.2532599e-005,-0.874
-1.2532349e-005,-0.875667
-1.2532099e-005,-0.875667
-1.2531849e-005,-0.875667
-1.2531599e-005,-0.874
-1.2531349e-005,-0.875667
-1.2531099e-005,-0.875667
-1.2530849e-005,-0.875667
-1.2530599e-005,-0.874
-1.2530349e-005,-0.875667
-1.2530099e-005,-0.875667
-1.2529849e-005,-0.875667
-1.2529599e-005,-0.874
-1.2529349e-005,-0.875667
-1.2529099e-005,-0.875667
-1.2528849e-005,-0.874
-1.2528599e-005,-0.874
-1.2528349e-005,-0.875667
-1.2528099e-005,-0.875667
-1.2527849e-005,-0.874
-1.2527599e-005,-0.874
-1.2527349e-005,-0.875667
-1.2527099e-005,-0.875667
-1.2526849e-005,-0.874
-1.2526599e-005,-0.874
-1.2526349e-005,-0.875667
-1.2526099e-005,-0.875667
-1.2525849e-005,-0.874
-1.2525599e-005,-0.874
-1.2525349e-005,-0.875667
-1.2525099e-005,-0.875667
-1.2524849e-005,-0.874
-1.2524599e-005,-0.874
-1.2524349e-005,-0.874
-1.2524099e-005,-0.875667
-1.2523849e-005,-0.874
-1.2523599e-005,-0.874
-1.2523349e-005,-0.874
-1.2523099e-005,-0.875667
-1.2522849e-005,-0.874
-1.2522599e-005,-0.874
-1.2522349e-005,-0.874
-1.2522099e-005,-0.875667
-1.2521849e-005,-0.874
-1.2521599e-005,-0.874
-1.2521349e-005,-0.874
-1.2521099e-005,-0.875667
-1.2520849e-005,-0.874
-1.2520599e-005,-0.874
-1.2520349e-005,-0.874
-1.2520099e-005,-0.875667
-1.2519849e-005,-0.874
-1.2519599e-005,-0.874
-1.2519349e-005,-0.875667
-1.2519099e-005,-0.875667
-1.2518849e-005,-0.874
-1.2518599e-005,-0.874
-1.2518349e-005,-0.875667
-1.2518099e-005,-0.875667
-1.2517849e-005,-0.875667
-1.2517599e-005,-0.874
-1.2517349e-005,-0.874
-1.2517099e-005,-0.874
-1.2516849e-005,-0.875667
-1.2516599e-005,-0.874
-1.2516349e-005,-0.874
-1.2516099e-005,-0.875667
-1.2515849e-005,-0.874
-1.2515599e-005,-0.874
-1.2515349e-005,-0.874
-1.2515099e-005,-0.875667
-1.2514849e-005,-0.874
-1.2514599e-005,-0.874
-1.2514349e-005,-0.874
-1.2514099e-005,-0.875667
-1.2513849e-005,-0.874
-1.2513599e-005,-0.874
-1.2513349e-005,-0.874
-1.2513099e-005,-0.875667
-1.2512849e-005,-0.874
-1.2512599e-005,-0.874
-1.2512349e-005,-0.875667
-1.2512099e-005,-0.875667
-1.2511849e-005,-0.874
-1.2511599e-005,-0.874
-1.2511349e-005,-0.875667
-1.2511099e-005,-0.875667
-1.2510849e-005,-0.875667
-1.2510599e-005,-0.874
-1.2510349e-005,-0.875667
-1.2510099e-005,-0.875667
-1.2509849e-005,-0.874
-1.2509599e-005,-0.874
-1.2509349e-005,-0.875667
-1.2509099e-005,-0.875667
-1.2508849e-005,-0.874
-1.2508599e-005,-0.874
-1.2508349e-005,-0.875667
-1.2508099e-005,-0.875667
-1.2507849e-005,-0.874
-1.2507599e-005,-0.874
-1.2507349e-005,-0.875667
-1.2507099e-005,-0.875667
-1.2506849e-005,-0.874
-1.2506599e-005,-0.874
-1.2506349e-005,-0.875667
-1.2506099e-005,-0.875667
-1.2505849e-005,-0.874
-1.2505599e-005,-0.874
-1.2505349e-005,-0.875667
-1.2505099e-005,-0.875667
-1.2504849e-005,-0.874
-1.2504599e-005,-0.874
-1.2504349e-005,-0.875667
-1.2504099e-005,-0.875667
-1.2503849e-005,-0.874
-1.2503599e-005,-0.874
-1.2503349e-005,-0.875667
-1.2503099e-005,-0.875667
-1.2502849e-005,-0.874
-1.2502599e-005,-0.874
-1.2502349e-005,-0.875667
-1.2502099e-005,-0.875667
-1.2501849e-005,-0.874
-1.2501599e-005,-0.874
-1.2501349e-005,-0.875667
-1.2501099e-005,-0.875667
-1.2500849e-005,-0.874
-1.2500599e-005,-0.874
-1.2500349e-005,-0.875667
-1.2500099e-005,-0.875667
-1.2499849e-005,-0.874
-1.2499599e-005,-0.874
-1.2499349e-005,-0.875667
-1.2499099e-005,-0.875667
-1.2498849e-005,-0.874
-1.2498599e-005,-0.874
-1.2498349e-005,-0.875667
-1.2498099e-005,-0.875667
-1.2497849e-005,-0.874
-1.2497599e-005,-0.874
-1.2497349e-005,-0.875667
-1.2497099e-005,-0.875667
-1.2496849e-005,-0.874
-1.2496599e-005,-0.874
-1.2496349e-005,-0.874
-1.2496099e-005,-0.875667
-1.2495849e-005,-0.874
-1.2495599e-005,-0.874
-1.2495349e-005,-0.875667
-1.2495099e-005,-0.875667
-1.2494849e-005,-0.874
-1.2494599e-005,-0.874
-1.2494349e-005,-0.875667
-1.2494099e-005,-0.875667
-1.2493849e-005,-0.874
-1.2493599e-005,-0.874
-1.2493349e-005,-0.875667
-1.2493099e-005,-0.875667
-1.2492849e-005,-0.874
-1.2492599e-005,-0.874
-1.2492349e-005,-0.875667
-1.2492099e-005,-0.875667
-1.2491849e-005,-0.874
-1.2491599e-005,-0.874
-1.2491349e-005,-0.875667
-1.2491099e-005,-0.875667
-1.2490849e-005,-0.875667
-1.2490599e-005,-0.874
-1.2490349e-005,-0.875667
-1.2490099e-005,-0.875667
-1.2489849e-005,-0.874
-1.2489599e-005,-0.874
-1.2489349e-005,-0.875667
-1.2489099e-005,-0.875667
-1.2488849e-005,-0.874
-1.2488599e-005,-0.874
-1.2488349e-005,-0.875667
-1.2488099e-005,-0.875667
-1.2487849e-005,-0.874
-1.2487599e-005,-0.874
-1.2487349e-005,-0.875667
-1.2487099e-005,-0.875667
-1.2486849e-005,-0.874
-1.2486599e-005,-0.874
-1.2486349e-005,-0.875667
-1.2486099e-005,-0.875667
-1.2485849e-005,-0.874
-1.2485599e-005,-0.874
-1.2485349e-005,-0.875667
-1.2485099e-005,-0.875667
-1.2484849e-005,-0.874
-1.2484599e-005,-0.874
-1.2484349e-005,-0.875667
-1.2484099e-005,-0.875667
-1.2483849e-005,-0.874
-1.2483599e-005,-0.874
-1.2483349e-005,-0.875667
-1.2483099e-005,-0.875667
-1.2482849e-005,-0.874
-1.2482599e-005,-0.874
-1.2482349e-005,-0.875667
-1.2482099e-005,-0.875667
-1.2481849e-005,-0.874
-1.2481599e-005,-0.874
-1.2481349e-005,-0.875667
-1.2481099e-005,-0.875667
-1.2480849e-005,-0.874
-1.2480599e-005,-0.874
-1.2480349e-005,-0.875667
-1.2480099e-005,-0.875667
-1.2479849e-005,-0.874
-1.2479599e-005,-0.874
-1.2479349e-005,-0.875667
-1.2479099e-005,-0.875667
-1.2478849e-005,-0.874
-1.2478599e-005,-0.874
-1.2478349e-005,-0.875667
-1.2478099e-005,-0.875667
-1.2477849e-005,-0.874
-1.2477599e-005,-0.874
-1.2477349e-005,-0.875667
-1.2477099e-005,-0.875667
-1.2476849e-005,-0.874
-1.2476599e-005,-0.874
-1.2476349e-005,-0.875667
-1.2476099e-005,-0.875667
-1.2475849e-005,-0.874
-1.2475599e-005,-0.874
-1.2475349e-005,-0.874
-1.2475099e-005,-0.874
-1.2474849e-005,-0.874
-1.2474599e-005,-0.874
-1.2474349e-005,-0.874
-1.2474099e-005,-0.875667
-1.2473849e-005,-0.874
-1.2473599e-005,-0.874
-1.2473349e-005,-0.874
-1.2473099e-005,-0.875667
-1.2472849e-005,-0.874
-1.2472599e-005,-0.874
-1.2472349e-005,-0.875667
-1.2472099e-005,-0.875667
-1.2471849e-005,-0.874
-1.2471599e-005,-0.874
-1.2471349e-005,-0.875667
-1.2471099e-005,-0.875667
-1.2470849e-005,-0.874
-1.2470599e-005,-0.874
-1.2470349e-005,-0.875667
-1.2470099e-005,-0.875667
-1.2469849e-005,-0.874
-1.2469599e-005,-0.874
-1.2469349e-005,-0.875667
-1.2469099e-005,-0.875667
-1.2468849e-005,-0.874
-1.2468599e-005,-0.874
-1.2468349e-005,-0.875667
-1.2468099e-005,-0.875667
-1.2467849e-005,-0.874
-1.2467599e-005,-0.874
-1.2467349e-005,-0.875667
-1.2467099e-005,-0.875667
-1.2466849e-005,-0.874
-1.2466599e-005,-0.874
-1.2466349e-005,-0.875667
-1.2466099e-005,-0.875667
-1.2465849e-005,-0.874
-1.2465599e-005,-0.874
-1.2465349e-005,-0.875667
-1.2465099e-005,-0.875667
-1.2464849e-005,-0.874
-1.2464599e-005,-0.874
-1.2464349e-005,-0.875667
-1.2464099e-005,-0.874
-1.2463849e-005,-0.874
-1.2463599e-005,-0.874
-1.2463349e-005,-0.875667
-1.2463099e-005,-0.874
-1.2462849e-005,-0.874
-1.2462599e-005,-0.874
-1.2462349e-005,-0.875667
-1.2462099e-005,-0.875667
-1.2461849e-005,-0.874
-1.2461599e-005,-0.874
-1.2461349e-005,-0.875667
-1.2461099e-005,-0.875667
-1.2460849e-005,-0.875667
-1.2460599e-005,-0.874
-1.2460349e-005,-0.875667
-1.2460099e-005,-0.875667
-1.2459849e-005,-0.875667
-1.2459599e-005,-0.874
-1.2459349e-005,-0.875667
-1.2459099e-005,-0.875667
-1.2458849e-005,-0.875667
-1.2458599e-005,-0.874
-1.2458349e-005,-0.875667
-1.2458099e-005,-0.875667
-1.2457849e-005,-0.875667
-1.2457599e-005,-0.874
-1.2457349e-005,-0.875667
-1.2457099e-005,-0.875667
-1.2456849e-005,-0.875667
-1.2456599e-005,-0.874
-1.2456349e-005,-0.875667
-1.2456099e-005,-0.875667
-1.2455849e-005,-0.875667
-1.2455599e-005,-0.874
-1.2455349e-005,-0.874
-1.2455099e-005,-0.874
-1.2454849e-005,-0.875667
-1.2454599e-005,-0.874
-1.2454349e-005,-0.874
-1.2454099e-005,-0.874
-1.2453849e-005,-0.874
-1.2453599e-005,-0.874
-1.2453349e-005,-0.874
-1.2453099e-005,-0.874
-1.2452849e-005,-0.874
-1.2452599e-005,-0.874
-1.2452349e-005,-0.874
-1.2452099e-005,-0.874
-1.2451849e-005,-0.874
-1.2451599e-005,-0.874
-1.2451349e-005,-0.874
-1.2451099e-005,-0.874
-1.2450849e-005,-0.874
-1.2450599e-005,-0.874
-1.2450349e-005,-0.874
-1.2450099e-005,-0.875667
-1.2449849e-005,-0.874
-1.2449599e-005,-0.874
-1.2449349e-005,-0.875667
-1.2449099e-005,-0.875667
-1.2448849e-005,-0.874
-1.2448599e-005,-0.874
-1.2448349e-005,-0.875667
-1.2448099e-005,-0.875667
-1.2447849e-005,-0.874
-1.2447599e-005,-0.874
-1.2447349e-005,-0.875667
-1.2447099e-005,-0.875667
-1.2446849e-005,-0.874
-1.2446599e-005,-0.874
-1.2446349e-005,-0.875667
-1.2446099e-005,-0.875667
-1.2445849e-005,-0.874
-1.2445599e-005,-0.874
-1.2445349e-005,-0.875667
-1.2445099e-005,-0.875667
-1.2444849e-005,-0.874
-1.2444599e-005,-0.874
-1.2444349e-005,-0.875667
-1.2444099e-005,-0.875667
-1.2443849e-005,-0.874
-1.2443599e-005,-0.874
-1.2443349e-005,-0.875667
-1.2443099e-005,-0.875667
-1.2442849e-005,-0.874
-1.2442599e-005,-0.874
-1.2442349e-005,-0.875667
-1.2442099e-005,-0.875667
-1.2441849e-005,-0.874
-1.2441599e-005,-0.874
-1.2441349e-005,-0.875667
-1.2441099e-005,-0.875667
-1.2440849e-005,-0.874
-1.2440599e-005,-0.874
-1.2440349e-005,-0.875667
-1.2440099e-005,-0.875667
-1.2439849e-005,-0.874
-1.2439599e-005,-0.874
-1.2439349e-005,-0.875667
-1.2439099e-005,-0.875667
-1.2438849e-005,-0.874
-1.2438599e-005,-0.874
-1.2438349e-005,-0.875667
-1.2438099e-005,-0.875667
-1.2437849e-005,-0.874
-1.2437599e-005,-0.874
-1.2437349e-005,-0.875667
-1.2437099e-005,-0.875667
-1.2436849e-005,-0.874
-1.2436599e-005,-0.874
-1.2436349e-005,-0.875667
-1.2436099e-005,-0.875667
-1.2435849e-005,-0.874
-1.2435599e-005,-0.874
-1.2435349e-005,-0.875667
-1.2435099e-005,-0.875667
-1.2434849e-005,-0.874
-1.2434599e-005,-0.874
-1.2434349e-005,-0.875667
-1.2434099e-005,-0.874
-1.2433849e-005,-0.874
-1.2433599e-005,-0.874
-1.2433349e-005,-0.874
-1.2433099e-005,-0.874
-1.2432849e-005,-0.874
-1.2432599e-005,-0.874
-1.2432349e-005,-0.874
-1.2432099e-005,-0.875667
-1.2431849e-005,-0.874
-1.2431599e-005,-0.874
-1.2431349e-005,-0.874
-1.2431099e-005,-0.875667
-1.2430849e-005,-0.874
-1.2430599e-005,-0.874
-1.2430349e-005,-0.874
-1.2430099e-005,-0.874
-1.2429849e-005,-0.874
-1.2429599e-005,-0.874
-1.2429349e-005,-0.874
-1.2429099e-005,-0.875667
-1.2428849e-005,-0.874
-1.2428599e-005,-0.874
-1.2428349e-005,-0.874
-1.2428099e-005,-0.875667
-1.2427849e-005,-0.874
-1.2427599e-005,-0.874
-1.2427349e-005,-0.874
-1.2427099e-005,-0.875667
-1.2426849e-005,-0.874
-1.2426599e-005,-0.874
-1.2426349e-005,-0.874
-1.2426099e-005,-0.875667
-1.2425849e-005,-0.874
-1.2425599e-005,-0.874
-1.2425349e-005,-0.875667
-1.2425099e-005,-0.875667
-1.2424849e-005,-0.874
-1.2424599e-005,-0.874
-1.2424349e-005,-0.875667
-1.2424099e-005,-0.875667
-1.2423849e-005,-0.874
-1.2423599e-005,-0.874
-1.2423349e-005,-0.875667
-1.2423099e-005,-0.875667
-1.2422849e-005,-0.874
-1.2422599e-005,-0.874
-1.2422349e-005,-0.875667
-1.2422099e-005,-0.875667
-1.2421849e-005,-0.874
-1.2421599e-005,-0.874
-1.2421349e-005,-0.874
-1.2421099e-005,-0.875667
-1.2420849e-005,-0.874
-1.2420599e-005,-0.874
-1.2420349e-005,-0.874
-1.2420099e-005,-0.875667
-1.2419849e-005,-0.874
-1.2419599e-005,-0.874
-1.2419349e-005,-0.875667
-1.2419099e-005,-0.875667
-1.2418849e-005,-0.874
-1.2418599e-005,-0.874
-1.2418349e-005,-0.875667
-1.2418099e-005,-0.875667
-1.2417849e-005,-0.874
-1.2417599e-005,-0.874
-1.2417349e-005,-0.875667
-1.2417099e-005,-0.875667
-1.2416849e-005,-0.874
-1.2416599e-005,-0.874
-1.2416349e-005,-0.874
-1.2416099e-005,-0.875667
-1.2415849e-005,-0.874
-1.2415599e-005,-0.874
-1.2415349e-005,-0.874
-1.2415099e-005,-0.875667
-1.2414849e-005,-0.874
-1.2414599e-005,-0.874
-1.2414349e-005,-0.874
-1.2414099e-005,-0.875667
-1.2413849e-005,-0.874
-1.2413599e-005,-0.874
-1.2413349e-005,-0.874
-1.2413099e-005,-0.875667
-1.2412849e-005,-0.874
-1.2412599e-005,-0.874
-1.2412349e-005,-0.874
-1.2412099e-005,-0.875667
-1.2411849e-005,-0.874
-1.2411599e-005,-0.874
-1.2411349e-005,-0.874
-1.2411099e-005,-0.875667
-1.2410849e-005,-0.874
-1.2410599e-005,-0.874
-1.2410349e-005,-0.874
-1.2410099e-005,-0.874
-1.2409849e-005,-0.874
-1.2409599e-005,-0.874
-1.2409349e-005,-0.874
-1.2409099e-005,-0.874
-1.2408849e-005,-0.874
-1.2408599e-005,-0.874
-1.2408349e-005,-0.875667
-1.2408099e-005,-0.874
-1.2407849e-005,-0.874
-1.2407599e-005,-0.874
-1.2407349e-005,-0.875667
-1.2407099e-005,-0.874
-1.2406849e-005,-0.874
-1.2406599e-005,-0.874
-1.2406349e-005,-0.875667
-1.2406099e-005,-0.875667
-1.2405849e-005,-0.874
-1.2405599e-005,-0.874
-1.2405349e-005,-0.875667
-1.2405099e-005,-0.875667
-1.2404849e-005,-0.874
-1.2404599e-005,-0.874
-1.2404349e-005,-0.875667
-1.2404099e-005,-0.875667
-1.2403849e-005,-0.874
-1.2403599e-005,-0.874
-1.2403349e-005,-0.875667
-1.2403099e-005,-0.875667
-1.2402849e-005,-0.874
-1.2402599e-005,-0.874
-1.2402349e-005,-0.874
-1.2402099e-005,-0.875667
-1.2401849e-005,-0.874
-1.2401599e-005,-0.874
-1.2401349e-005,-0.875667
-1.2401099e-005,-0.875667
-1.2400849e-005,-0.874
-1.2400599e-005,-0.874
-1.2400349e-005,-0.875667
-1.2400099e-005,-0.875667
-1.2399849e-005,-0.874
-1.2399599e-005,-0.874
-1.2399349e-005,-0.875667
-1.2399099e-005,-0.875667
-1.2398849e-005,-0.874
-1.2398599e-005,-0.874
-1.2398349e-005,-0.875667
-1.2398099e-005,-0.875667
-1.2397849e-005,-0.874
-1.2397599e-005,-0.874
-1.2397349e-005,-0.875667
-1.2397099e-005,-0.875667
-1.2396849e-005,-0.874
-1.2396599e-005,-0.874
-1.2396349e-005,-0.875667
-1.2396099e-005,-0.875667
-1.2395849e-005,-0.874
-1.2395599e-005,-0.874
-1.2395349e-005,-0.874
-1.2395099e-005,-0.875667
-1.2394849e-005,-0.874
-1.2394599e-005,-0.874
-1.2394349e-005,-0.875667
-1.2394099e-005,-0.875667
-1.2393849e-005,-0.874
-1.2393599e-005,-0.874
-1.2393349e-005,-0.875667
-1.2393099e-005,-0.875667
-1.2392849e-005,-0.874
-1.2392599e-005,-0.874
-1.2392349e-005,-0.875667
-1.2392099e-005,-0.875667
-1.2391849e-005,-0.874
-1.2391599e-005,-0.874
-1.2391349e-005,-0.875667
-1.2391099e-005,-0.875667
-1.2390849e-005,-0.874
-1.2390599e-005,-0.874
-1.2390349e-005,-0.875667
-1.2390099e-005,-0.875667
-1.2389849e-005,-0.874
-1.2389599e-005,-0.874
-1.2389349e-005,-0.875667
-1.2389099e-005,-0.875667
-1.2388849e-005,-0.874
-1.2388599e-005,-0.874
-1.2388349e-005,-0.875667
-1.2388099e-005,-0.875667
-1.2387849e-005,-0.874
-1.2387599e-005,-0.874
-1.2387349e-005,-0.875667
-1.2387099e-005,-0.875667
-1.2386849e-005,-0.874
-1.2386599e-005,-0.874
-1.2386349e-005,-0.875667
-1.2386099e-005,-0.875667
-1.2385849e-005,-0.874
-1.2385599e-005,-0.874
-1.2385349e-005,-0.875667
-1.2385099e-005,-0.875667
-1.2384849e-005,-0.874
-1.2384599e-005,-0.874
-1.2384349e-005,-0.875667
-1.2384099e-005,-0.875667
-1.2383849e-005,-0.874
-1.2383599e-005,-0.874
-1.2383349e-005,-0.875667
-1.2383099e-005,-0.875667
-1.2382849e-005,-0.874
-1.2382599e-005,-0.874
-1.2382349e-005,-0.875667
-1.2382099e-005,-0.875667
-1.2381849e-005,-0.874
-1.2381599e-005,-0.874
-1.2381349e-005,-0.874
-1.2381099e-005,-0.875667
-1.2380849e-005,-0.874
-1.2380599e-005,-0.874
-1.2380349e-005,-0.874
-1.2380099e-005,-0.875667
-1.2379849e-005,-0.874
-1.2379599e-005,-0.874
-1.2379349e-005,-0.874
-1.2379099e-005,-0.875667
-1.2378849e-005,-0.874
-1.2378599e-005,-0.874
-1.2378349e-005,-0.874
-1.2378099e-005,-0.875667
-1.2377849e-005,-0.874
-1.2377599e-005,-0.874
-1.2377349e-005,-0.874
-1.2377099e-005,-0.875667
-1.2376849e-005,-0.874
-1.2376599e-005,-0.874
-1.2376349e-005,-0.874
-1.2376099e-005,-0.875667
-1.2375849e-005,-0.874
-1.2375599e-005,-0.874
-1.2375349e-005,-0.874
-1.2375099e-005,-0.875667
-1.2374849e-005,-0.874
-1.2374599e-005,-0.874
-1.2374349e-005,-0.874
-1.2374099e-005,-0.875667
-1.2373849e-005,-0.874
-1.2373599e-005,-0.874
-1.2373349e-005,-0.874
-1.2373099e-005,-0.875667
-1.2372849e-005,-0.874
-1.2372599e-005,-0.874
-1.2372349e-005,-0.874
-1.2372099e-005,-0.875667
-1.2371849e-005,-0.874
-1.2371599e-005,-0.874
-1.2371349e-005,-0.874
-1.2371099e-005,-0.875667
-1.2370849e-005,-0.874
-1.2370599e-005,-0.874
-1.2370349e-005,-0.874
-1.2370099e-005,-0.875667
-1.2369849e-005,-0.874
-1.2369599e-005,-0.874
-1.2369349e-005,-0.874
-1.2369099e-005,-0.875667
-1.2368849e-005,-0.874
-1.2368599e-005,-0.874
-1.2368349e-005,-0.874
-1.2368099e-005,-0.875667
-1.2367849e-005,-0.874
-1.2367599e-005,-0.874
-1.2367349e-005,-0.874
-1.2367099e-005,-0.875667
-1.2366849e-005,-0.874
-1.2366599e-005,-0.874
-1.2366349e-005,-0.874
-1.2366099e-005,-0.875667
-1.2365849e-005,-0.874
-1.2365599e-005,-0.874
-1.2365349e-005,-0.874
-1.2365099e-005,-0.875667
-1.2364849e-005,-0.875667
-1.2364599e-005,-0.874
-1.2364349e-005,-0.874
-1.2364099e-005,-0.875667
-1.2363849e-005,-0.875667
-1.2363599e-005,-0.874
-1.2363349e-005,-0.874
-1.2363099e-005,-0.875667
-1.2362849e-005,-0.875667
-1.2362599e-005,-0.874
-1.2362349e-005,-0.874
-1.2362099e-005,-0.875667
-1.2361849e-005,-0.875667
-1.2361599e-005,-0.874
-1.2361349e-005,-0.874
-1.2361099e-005,-0.875667
-1.2360849e-005,-0.875667
-1.2360599e-005,-0.874
-1.2360349e-005,-0.875667
-1.2360099e-005,-0.875667
-1.2359849e-005,-0.874
-1.2359599e-005,-0.874
-1.2359349e-005,-0.874
-1.2359099e-005,-0.875667
-1.2358849e-005,-0.874
-1.2358599e-005,-0.874
-1.2358349e-005,-0.874
-1.2358099e-005,-0.875667
-1.2357849e-005,-0.874
-1.2357599e-005,-0.874
-1.2357349e-005,-0.874
-1.2357099e-005,-0.875667
-1.2356849e-005,-0.874
-1.2356599e-005,-0.874
-1.2356349e-005,-0.874
-1.2356099e-005,-0.875667
-1.2355849e-005,-0.874
-1.2355599e-005,-0.874
-1.2355349e-005,-0.874
-1.2355099e-005,-0.875667
-1.2354849e-005,-0.874
-1.2354599e-005,-0.874
-1.2354349e-005,-0.875667
-1.2354099e-005,-0.875667
-1.2353849e-005,-0.874
-1.2353599e-005,-0.874
-1.2353349e-005,-0.875667
-1.2353099e-005,-0.875667
-1.2352849e-005,-0.874
-1.2352599e-005,-0.874
-1.2352349e-005,-0.875667
-1.2352099e-005,-0.875667
-1.2351849e-005,-0.874
-1.2351599e-005,-0.874
-1.2351349e-005,-0.875667
-1.2351099e-005,-0.875667
-1.2350849e-005,-0.874
-1.2350599e-005,-0.874
-1.2350349e-005,-0.875667
-1.2350099e-005,-0.875667
-1.2349849e-005,-0.874
-1.2349599e-005,-0.874
-1.2349349e-005,-0.875667
-1.2349099e-005,-0.874
-1.2348849e-005,-0.874
-1.2348599e-005,-0.874
-1.2348349e-005,-0.875667
-1.2348099e-005,-0.875667
-1.2347849e-005,-0.874
-1.2347599e-005,-0.874
-1.2347349e-005,-0.875667
-1.2347099e-005,-0.875667
-1.2346849e-005,-0.874
-1.2346599e-005,-0.874
-1.2346349e-005,-0.875667
-1.2346099e-005,-0.875667
-1.2345849e-005,-0.874
-1.2345599e-005,-0.874
-1.2345349e-005,-0.874
-1.2345099e-005,-0.874
-1.2344849e-005,-0.874
-1.2344599e-005,-0.874
-1.2344349e-005,-0.875667
-1.2344099e-005,-0.874
-1.2343849e-005,-0.874
-1.2343599e-005,-0.874
-1.2343349e-005,-0.875667
-1.2343099e-005,-0.874
-1.2342849e-005,-0.874
-1.2342599e-005,-0.874
-1.2342349e-005,-0.875667
-1.2342099e-005,-0.875667
-1.2341849e-005,-0.874
-1.2341599e-005,-0.874
-1.2341349e-005,-0.875667
-1.2341099e-005,-0.875667
-1.2340849e-005,-0.874
-1.2340599e-005,-0.874
-1.2340349e-005,-0.875667
-1.2340099e-005,-0.875667
-1.2339849e-005,-0.874
-1.2339599e-005,-0.874
-1.2339349e-005,-0.875667
-1.2339099e-005,-0.875667
-1.2338849e-005,-0.874
-1.2338599e-005,-0.874
-1.2338349e-005,-0.875667
-1.2338099e-005,-0.875667
-1.2337849e-005,-0.874
-1.2337599e-005,-0.874
-1.2337349e-005,-0.875667
-1.2337099e-005,-0.875667
-1.2336849e-005,-0.874
-1.2336599e-005,-0.874
-1.2336349e-005,-0.875667
-1.2336099e-005,-0.875667
-1.2335849e-005,-0.874
-1.2335599e-005,-0.874
-1.2335349e-005,-0.875667
-1.2335099e-005,-0.875667
-1.2334849e-005,-0.874
-1.2334599e-005,-0.874
-1.2334349e-005,-0.875667
-1.2334099e-005,-0.875667
-1.2333849e-005,-0.874
-1.2333599e-005,-0.874
-1.2333349e-005,-0.875667
-1.2333099e-005,-0.875667
-1.2332849e-005,-0.874
-1.2332599e-005,-0.874
-1.2332349e-005,-0.874
-1.2332099e-005,-0.875667
-1.2331849e-005,-0.874
-1.2331599e-005,-0.874
-1.2331349e-005,-0.874
-1.2331099e-005,-0.875667
-1.2330849e-005,-0.874
-1.2330599e-005,-0.874
-1.2330349e-005,-0.874
-1.2330099e-005,-0.875667
-1.2329849e-005,-0.874
-1.2329599e-005,-0.874
-1.2329349e-005,-0.874
-1.2329099e-005,-0.875667
-1.2328849e-005,-0.874
-1.2328599e-005,-0.874
-1.2328349e-005,-0.875667
-1.2328099e-005,-0.875667
-1.2327849e-005,-0.874
-1.2327599e-005,-0.874
-1.2327349e-005,-0.875667
-1.2327099e-005,-0.875667
-1.2326849e-005,-0.874
-1.2326599e-005,-0.874
-1.2326349e-005,-0.875667
-1.2326099e-005,-0.875667
-1.2325849e-005,-0.874
-1.2325599e-005,-0.874
-1.2325349e-005,-0.875667
-1.2325099e-005,-0.875667
-1.2324849e-005,-0.874
-1.2324599e-005,-0.874
-1.2324349e-005,-0.875667
-1.2324099e-005,-0.875667
-1.2323849e-005,-0.874
-1.2323599e-005,-0.874
-1.2323349e-005,-0.875667
-1.2323099e-005,-0.875667
-1.2322849e-005,-0.874
-1.2322599e-005,-0.874
-1.2322349e-005,-0.875667
-1.2322099e-005,-0.875667
-1.2321849e-005,-0.874
-1.2321599e-005,-0.874
-1.2321349e-005,-0.875667
-1.2321099e-005,-0.875667
-1.2320849e-005,-0.874
-1.2320599e-005,-0.874
-1.2320349e-005,-0.875667
-1.2320099e-005,-0.875667
-1.2319849e-005,-0.874
-1.2319599e-005,-0.874
-1.2319349e-005,-0.875667
-1.2319099e-005,-0.875667
-1.2318849e-005,-0.874
-1.2318599e-005,-0.874
-1.2318349e-005,-0.875667
-1.2318099e-005,-0.875667
-1.2317849e-005,-0.874
-1.2317599e-005,-0.874
-1.2317349e-005,-0.875667
-1.2317099e-005,-0.875667
-1.2316849e-005,-0.874
-1.2316599e-005,-0.874
-1.2316349e-005,-0.874
-1.2316099e-005,-0.875667
-1.2315849e-005,-0.874
-1.2315599e-005,-0.874
-1.2315349e-005,-0.874
-1.2315099e-005,-0.874
-1.2314849e-005,-0.874
-1.2314599e-005,-0.874
-1.2314349e-005,-0.874
-1.2314099e-005,-0.874
-1.2313849e-005,-0.874
-1.2313599e-005,-0.874
-1.2313349e-005,-0.874
-1.2313099e-005,-0.874
-1.2312849e-005,-0.874
-1.2312599e-005,-0.874
-1.2312349e-005,-0.874
-1.2312099e-005,-0.874
-1.2311849e-005,-0.874
-1.2311599e-005,-0.874
-1.2311349e-005,-0.874
-1.2311099e-005,-0.874
-1.2310849e-005,-0.874
-1.2310599e-005,-0.874
-1.2310349e-005,-0.874
-1.2310099e-005,-0.874
-1.2309849e-005,-0.874
-1.2309599e-005,-0.874
-1.2309349e-005,-0.874
-1.2309099e-005,-0.875667
-1.2308849e-005,-0.874
-1.2308599e-005,-0.874
-1.2308349e-005,-0.874
-1.2308099e-005,-0.875667
-1.2307849e-005,-0.874
-1.2307599e-005,-0.874
-1.2307349e-005,-0.874
-1.2307099e-005,-0.875667
-1.2306849e-005,-0.874
-1.2306599e-005,-0.874
-1.2306349e-005,-0.874
-1.2306099e-005,-0.875667
-1.2305849e-005,-0.874
-1.2305599e-005,-0.874
-1.2305349e-005,-0.874
-1.2305099e-005,-0.875667
-1.2304849e-005,-0.874
-1.2304599e-005,-0.874
-1.2304349e-005,-0.875667
-1.2304099e-005,-0.875667
-1.2303849e-005,-0.875667
-1.2303599e-005,-0.874
-1.2303349e-005,-0.875667
-1.2303099e-005,-0.875667
-1.2302849e-005,-0.875667
-1.2302599e-005,-0.874
-1.2302349e-005,-0.875667
-1.2302099e-005,-0.875667
-1.2301849e-005,-0.875667
-1.2301599e-005,-0.874
-1.2301349e-005,-0.875667
-1.2301099e-005,-0.875667
-1.2300849e-005,-0.875667
-1.2300599e-005,-0.874
-1.2300349e-005,-0.874
-1.2300099e-005,-0.875667
-1.2299849e-005,-0.874
-1.2299599e-005,-0.874
-1.2299349e-005,-0.875667
-1.2299099e-005,-0.875667
-1.2298849e-005,-0.874
-1.2298599e-005,-0.874
-1.2298349e-005,-0.875667
-1.2298099e-005,-0.875667
-1.2297849e-005,-0.874
-1.2297599e-005,-0.874
-1.2297349e-005,-0.875667
-1.2297099e-005,-0.875667
-1.2296849e-005,-0.874
-1.2296599e-005,-0.874
-1.2296349e-005,-0.875667
-1.2296099e-005,-0.875667
-1.2295849e-005,-0.874
-1.2295599e-005,-0.874
-1.2295349e-005,-0.875667
-1.2295099e-005,-0.875667
-1.2294849e-005,-0.875667
-1.2294599e-005,-0.874
-1.2294349e-005,-0.875667
-1.2294099e-005,-0.875667
-1.2293849e-005,-0.875667
-1.2293599e-005,-0.874
-1.2293349e-005,-0.874
-1.2293099e-005,-0.875667
-1.2292849e-005,-0.875667
-1.2292599e-005,-0.874
-1.2292349e-005,-0.875667
-1.2292099e-005,-0.875667
-1.2291849e-005,-0.875667
-1.2291599e-005,-0.874
-1.2291349e-005,-0.875667
-1.2291099e-005,-0.875667
-1.2290849e-005,-0.875667
-1.2290599e-005,-0.874
-1.2290349e-005,-0.875667
-1.2290099e-005,-0.875667
-1.2289849e-005,-0.874
-1.2289599e-005,-0.874
-1.2289349e-005,-0.875667
-1.2289099e-005,-0.875667
-1.2288849e-005,-0.874
-1.2288599e-005,-0.874
-1.2288349e-005,-0.874
-1.2288099e-005,-0.875667
-1.2287849e-005,-0.874
-1.2287599e-005,-0.874
-1.2287349e-005,-0.874
-1.2287099e-005,-0.875667
-1.2286849e-005,-0.874
-1.2286599e-005,-0.874
-1.2286349e-005,-0.874
-1.2286099e-005,-0.875667
-1.2285849e-005,-0.874
-1.2285599e-005,-0.874
-1.2285349e-005,-0.875667
-1.2285099e-005,-0.875667
-1.2284849e-005,-0.874
-1.2284599e-005,-0.874
-1.2284349e-005,-0.875667
-1.2284099e-005,-0.875667
-1.2283849e-005,-0.874
-1.2283599e-005,-0.874
-1.2283349e-005,-0.875667
-1.2283099e-005,-0.875667
-1.2282849e-005,-0.874
-1.2282599e-005,-0.874
-1.2282349e-005,-0.875667
-1.2282099e-005,-0.875667
-1.2281849e-005,-0.874
-1.2281599e-005,-0.874
-1.2281349e-005,-0.874
-1.2281099e-005,-0.875667
-1.2280849e-005,-0.874
-1.2280599e-005,-0.874
-1.2280349e-005,-0.874
-1.2280099e-005,-0.875667
-1.2279849e-005,-0.874
-1.2279599e-005,-0.874
-1.2279349e-005,-0.875667
-1.2279099e-005,-0.875667
-1.2278849e-005,-0.874
-1.2278599e-005,-0.874
-1.2278349e-005,-0.875667
-1.2278099e-005,-0.875667
-1.2277849e-005,-0.874
-1.2277599e-005,-0.874
-1.2277349e-005,-0.875667
-1.2277099e-005,-0.875667
-1.2276849e-005,-0.874
-1.2276599e-005,-0.874
-1.2276349e-005,-0.875667
-1.2276099e-005,-0.875667
-1.2275849e-005,-0.874
-1.2275599e-005,-0.874
-1.2275349e-005,-0.875667
-1.2275099e-005,-0.875667
-1.2274849e-005,-0.874
-1.2274599e-005,-0.874
-1.2274349e-005,-0.874
-1.2274099e-005,-0.875667
-1.2273849e-005,-0.874
-1.2273599e-005,-0.874
-1.2273349e-005,-0.875667
-1.2273099e-005,-0.875667
-1.2272849e-005,-0.874
-1.2272599e-005,-0.874
-1.2272349e-005,-0.874
-1.2272099e-005,-0.875667
-1.2271849e-005,-0.874
-1.2271599e-005,-0.874
-1.2271349e-005,-0.874
-1.2271099e-005,-0.875667
-1.2270849e-005,-0.874
-1.2270599e-005,-0.874
-1.2270349e-005,-0.875667
-1.2270099e-005,-0.875667
-1.2269849e-005,-0.874
-1.2269599e-005,-0.874
-1.2269349e-005,-0.874
-1.2269099e-005,-0.875667
-1.2268849e-005,-0.874
-1.2268599e-005,-0.874
-1.2268349e-005,-0.874
-1.2268099e-005,-0.875667
-1.2267849e-005,-0.874
-1.2267599e-005,-0.874
-1.2267349e-005,-0.875667
-1.2267099e-005,-0.875667
-1.2266849e-005,-0.874
-1.2266599e-005,-0.874
-1.2266349e-005,-0.875667
-1.2266099e-005,-0.875667
-1.2265849e-005,-0.874
-1.2265599e-005,-0.874
-1.2265349e-005,-0.874
-1.2265099e-005,-0.875667
-1.2264849e-005,-0.874
-1.2264599e-005,-0.874
-1.2264349e-005,-0.875667
-1.2264099e-005,-0.875667
-1.2263849e-005,-0.874
-1.2263599e-005,-0.874
-1.2263349e-005,-0.875667
-1.2263099e-005,-0.875667
-1.2262849e-005,-0.874
-1.2262599e-005,-0.874
-1.2262349e-005,-0.875667
-1.2262099e-005,-0.875667
-1.2261849e-005,-0.874
-1.2261599e-005,-0.874
-1.2261349e-005,-0.875667
-1.2261099e-005,-0.875667
-1.2260849e-005,-0.874
-1.2260599e-005,-0.874
-1.2260349e-005,-0.875667
-1.2260099e-005,-0.875667
-1.2259849e-005,-0.874
-1.2259599e-005,-0.874
-1.2259349e-005,-0.875667
-1.2259099e-005,-0.875667
-1.2258849e-005,-0.874
-1.2258599e-005,-0.874
-1.2258349e-005,-0.875667
-1.2258099e-005,-0.875667
-1.2257849e-005,-0.874
-1.2257599e-005,-0.874
-1.2257349e-005,-0.875667
-1.2257099e-005,-0.875667
-1.2256849e-005,-0.874
-1.2256599e-005,-0.874
-1.2256349e-005,-0.875667
-1.2256099e-005,-0.875667
-1.2255849e-005,-0.874
-1.2255599e-005,-0.874
-1.2255349e-005,-0.875667
-1.2255099e-005,-0.875667
-1.2254849e-005,-0.874
-1.2254599e-005,-0.874
-1.2254349e-005,-0.875667
-1.2254099e-005,-0.875667
-1.2253849e-005,-0.874
-1.2253599e-005,-0.874
-1.2253349e-005,-0.875667
-1.2253099e-005,-0.875667
-1.2252849e-005,-0.874
-1.2252599e-005,-0.874
-1.2252349e-005,-0.875667
-1.2252099e-005,-0.875667
-1.2251849e-005,-0.874
-1.2251599e-005,-0.874
-1.2251349e-005,-0.874
-1.2251099e-005,-0.875667
-1.2250849e-005,-0.874
-1.2250599e-005,-0.874
-1.2250349e-005,-0.874
-1.2250099e-005,-0.875667
-1.2249849e-005,-0.874
-1.2249599e-005,-0.874
-1.2249349e-005,-0.874
-1.2249099e-005,-0.875667
-1.2248849e-005,-0.874
-1.2248599e-005,-0.874
-1.2248349e-005,-0.875667
-1.2248099e-005,-0.875667
-1.2247849e-005,-0.874
-1.2247599e-005,-0.874
-1.2247349e-005,-0.875667
-1.2247099e-005,-0.875667
-1.2246849e-005,-0.874
-1.2246599e-005,-0.874
-1.2246349e-005,-0.875667
-1.2246099e-005,-0.875667
-1.2245849e-005,-0.874
-1.2245599e-005,-0.874
-1.2245349e-005,-0.874
-1.2245099e-005,-0.875667
-1.2244849e-005,-0.874
-1.2244599e-005,-0.874
-1.2244349e-005,-0.874
-1.2244099e-005,-0.875667
-1.2243849e-005,-0.874
-1.2243599e-005,-0.874
-1.2243349e-005,-0.874
-1.2243099e-005,-0.875667
-1.2242849e-005,-0.874
-1.2242599e-005,-0.874
-1.2242349e-005,-0.874
-1.2242099e-005,-0.875667
-1.2241849e-005,-0.874
-1.2241599e-005,-0.874
-1.2241349e-005,-0.874
-1.2241099e-005,-0.875667
-1.2240849e-005,-0.874
-1.2240599e-005,-0.874
-1.2240349e-005,-0.874
-1.2240099e-005,-0.875667
-1.2239849e-005,-0.874
-1.2239599e-005,-0.874
-1.2239349e-005,-0.875667
-1.2239099e-005,-0.875667
-1.2238849e-005,-0.874
-1.2238599e-005,-0.874
-1.2238349e-005,-0.874
-1.2238099e-005,-0.875667
-1.2237849e-005,-0.874
-1.2237599e-005,-0.874
-1.2237349e-005,-0.874
-1.2237099e-005,-0.875667
-1.2236849e-005,-0.874
-1.2236599e-005,-0.874
-1.2236349e-005,-0.874
-1.2236099e-005,-0.875667
-1.2235849e-005,-0.874
-1.2235599e-005,-0.874
-1.2235349e-005,-0.875667
-1.2235099e-005,-0.875667
-1.2234849e-005,-0.874
-1.2234599e-005,-0.874
-1.2234349e-005,-0.875667
-1.2234099e-005,-0.875667
-1.2233849e-005,-0.874
-1.2233599e-005,-0.874
-1.2233349e-005,-0.875667
-1.2233099e-005,-0.875667
-1.2232849e-005,-0.874
-1.2232599e-005,-0.874
-1.2232349e-005,-0.875667
-1.2232099e-005,-0.875667
-1.2231849e-005,-0.874
-1.2231599e-005,-0.874
-1.2231349e-005,-0.875667
-1.2231099e-005,-0.875667
-1.2230849e-005,-0.874
-1.2230599e-005,-0.874
-1.2230349e-005,-0.875667
-1.2230099e-005,-0.875667
-1.2229849e-005,-0.874
-1.2229599e-005,-0.874
-1.2229349e-005,-0.875667
-1.2229099e-005,-0.875667
-1.2228849e-005,-0.874
-1.2228599e-005,-0.874
-1.2228349e-005,-0.875667
-1.2228099e-005,-0.875667
-1.2227849e-005,-0.874
-1.2227599e-005,-0.874
-1.2227349e-005,-0.875667
-1.2227099e-005,-0.875667
-1.2226849e-005,-0.874
-1.2226599e-005,-0.874
-1.2226349e-005,-0.875667
-1.2226099e-005,-0.875667
-1.2225849e-005,-0.874
-1.2225599e-005,-0.874
-1.2225349e-005,-0.875667
-1.2225099e-005,-0.875667
-1.2224849e-005,-0.874
-1.2224599e-005,-0.874
-1.2224349e-005,-0.875667
-1.2224099e-005,-0.875667
-1.2223849e-005,-0.874
-1.2223599e-005,-0.874
-1.2223349e-005,-0.875667
-1.2223099e-005,-0.875667
-1.2222849e-005,-0.874
-1.2222599e-005,-0.874
-1.2222349e-005,-0.875667
-1.2222099e-005,-0.875667
-1.2221849e-005,-0.874
-1.2221599e-005,-0.874
-1.2221349e-005,-0.874
-1.2221099e-005,-0.874
-1.2220849e-005,-0.874
-1.2220599e-005,-0.874
-1.2220349e-005,-0.874
-1.2220099e-005,-0.875667
-1.2219849e-005,-0.874
-1.2219599e-005,-0.874
-1.2219349e-005,-0.874
-1.2219099e-005,-0.875667
-1.2218849e-005,-0.874
-1.2218599e-005,-0.874
-1.2218349e-005,-0.874
-1.2218099e-005,-0.874
-1.2217849e-005,-0.874
-1.2217599e-005,-0.874
-1.2217349e-005,-0.874
-1.2217099e-005,-0.874
-1.2216849e-005,-0.874
-1.2216599e-005,-0.874
-1.2216349e-005,-0.874
-1.2216099e-005,-0.875667
-1.2215849e-005,-0.874
-1.2215599e-005,-0.874
-1.2215349e-005,-0.874
-1.2215099e-005,-0.875667
-1.2214849e-005,-0.874
-1.2214599e-005,-0.874
-1.2214349e-005,-0.874
-1.2214099e-005,-0.875667
-1.2213849e-005,-0.874
-1.2213599e-005,-0.874
-1.2213349e-005,-0.875667
-1.2213099e-005,-0.875667
-1.2212849e-005,-0.874
-1.2212599e-005,-0.874
-1.2212349e-005,-0.875667
-1.2212099e-005,-0.875667
-1.2211849e-005,-0.874
-1.2211599e-005,-0.874
-1.2211349e-005,-0.875667
-1.2211099e-005,-0.875667
-1.2210849e-005,-0.874
-1.2210599e-005,-0.874
-1.2210349e-005,-0.875667
-1.2210099e-005,-0.875667
-1.2209849e-005,-0.874
-1.2209599e-005,-0.874
-1.2209349e-005,-0.875667
-1.2209099e-005,-0.875667
-1.2208849e-005,-0.874
-1.2208599e-005,-0.874
-1.2208349e-005,-0.875667
-1.2208099e-005,-0.875667
-1.2207849e-005,-0.874
-1.2207599e-005,-0.874
-1.2207349e-005,-0.875667
-1.2207099e-005,-0.875667
-1.2206849e-005,-0.874
-1.2206599e-005,-0.874
-1.2206349e-005,-0.875667
-1.2206099e-005,-0.875667
-1.2205849e-005,-0.874
-1.2205599e-005,-0.874
-1.2205349e-005,-0.875667
-1.2205099e-005,-0.875667
-1.2204849e-005,-0.875667
-1.2204599e-005,-0.874
-1.2204349e-005,-0.875667
-1.2204099e-005,-0.875667
-1.2203849e-005,-0.874
-1.2203599e-005,-0.874
-1.2203349e-005,-0.875667
-1.2203099e-005,-0.875667
-1.2202849e-005,-0.874
-1.2202599e-005,-0.874
-1.2202349e-005,-0.875667
-1.2202099e-005,-0.875667
-1.2201849e-005,-0.874
-1.2201599e-005,-0.874
-1.2201349e-005,-0.875667
-1.2201099e-005,-0.875667
-1.2200849e-005,-0.874
-1.2200599e-005,-0.874
-1.2200349e-005,-0.875667
-1.2200099e-005,-0.875667
-1.2199849e-005,-0.874
-1.2199599e-005,-0.874
-1.2199349e-005,-0.875667
-1.2199099e-005,-0.875667
-1.2198849e-005,-0.874
-1.2198599e-005,-0.874
-1.2198349e-005,-0.875667
-1.2198099e-005,-0.875667
-1.2197849e-005,-0.874
-1.2197599e-005,-0.874
-1.2197349e-005,-0.875667
-1.2197099e-005,-0.875667
-1.2196849e-005,-0.874
-1.2196599e-005,-0.874
-1.2196349e-005,-0.875667
-1.2196099e-005,-0.875667
-1.2195849e-005,-0.874
-1.2195599e-005,-0.874
-1.2195349e-005,-0.875667
-1.2195099e-005,-0.874
-1.2194849e-005,-0.874
-1.2194599e-005,-0.874
-1.2194349e-005,-0.875667
-1.2194099e-005,-0.875667
-1.2193849e-005,-0.874
-1.2193599e-005,-0.874
-1.2193349e-005,-0.875667
-1.2193099e-005,-0.875667
-1.2192849e-005,-0.874
-1.2192599e-005,-0.874
-1.2192349e-005,-0.875667
-1.2192099e-005,-0.875667
-1.2191849e-005,-0.874
-1.2191599e-005,-0.874
-1.2191349e-005,-0.875667
-1.2191099e-005,-0.875667
-1.2190849e-005,-0.874
-1.2190599e-005,-0.874
-1.2190349e-005,-0.874
-1.2190099e-005,-0.875667
-1.2189849e-005,-0.874
-1.2189599e-005,-0.874
-1.2189349e-005,-0.875667
-1.2189099e-005,-0.875667
-1.2188849e-005,-0.874
-1.2188599e-005,-0.874
-1.2188349e-005,-0.874
-1.2188099e-005,-0.875667
-1.2187849e-005,-0.874
-1.2187599e-005,-0.874
-1.2187349e-005,-0.875667
-1.2187099e-005,-0.875667
-1.2186849e-005,-0.874
-1.2186599e-005,-0.874
-1.2186349e-005,-0.875667
-1.2186099e-005,-0.874
-1.2185849e-005,-0.874
-1.2185599e-005,-0.874
-1.2185349e-005,-0.875667
-1.2185099e-005,-0.874
-1.2184849e-005,-0.874
-1.2184599e-005,-0.874
-1.2184349e-005,-0.875667
-1.2184099e-005,-0.874
-1.2183849e-005,-0.874
-1.2183599e-005,-0.874
-1.2183349e-005,-0.874
-1.2183099e-005,-0.875667
-1.2182849e-005,-0.874
-1.2182599e-005,-0.874
-1.2182349e-005,-0.875667
-1.2182099e-005,-0.875667
-1.2181849e-005,-0.874
-1.2181599e-005,-0.874
-1.2181349e-005,-0.874
-1.2181099e-005,-0.875667
-1.2180849e-005,-0.874
-1.2180599e-005,-0.874
-1.2180349e-005,-0.874
-1.2180099e-005,-0.875667
-1.2179849e-005,-0.874
-1.2179599e-005,-0.874
-1.2179349e-005,-0.874
-1.2179099e-005,-0.875667
-1.2178849e-005,-0.874
-1.2178599e-005,-0.874
-1.2178349e-005,-0.875667
-1.2178099e-005,-0.875667
-1.2177849e-005,-0.874
-1.2177599e-005,-0.874
-1.2177349e-005,-0.875667
-1.2177099e-005,-0.875667
-1.2176849e-005,-0.874
-1.2176599e-005,-0.874
-1.2176349e-005,-0.875667
-1.2176099e-005,-0.875667
-1.2175849e-005,-0.874
-1.2175599e-005,-0.874
-1.2175349e-005,-0.874
-1.2175099e-005,-0.874
-1.2174849e-005,-0.874
-1.2174599e-005,-0.874
-1.2174349e-005,-0.874
-1.2174099e-005,-0.874
-1.2173849e-005,-0.874
-1.2173599e-005,-0.874
-1.2173349e-005,-0.874
-1.2173099e-005,-0.874
-1.2172849e-005,-0.874
-1.2172599e-005,-0.874
-1.2172349e-005,-0.874
-1.2172099e-005,-0.875667
-1.2171849e-005,-0.874
-1.2171599e-005,-0.874
-1.2171349e-005,-0.874
-1.2171099e-005,-0.875667
-1.2170849e-005,-0.874
-1.2170599e-005,-0.874
-1.2170349e-005,-0.874
-1.2170099e-005,-0.875667
-1.2169849e-005,-0.874
-1.2169599e-005,-0.874
-1.2169349e-005,-0.874
-1.2169099e-005,-0.875667
-1.2168849e-005,-0.874
-1.2168599e-005,-0.874
-1.2168349e-005,-0.874
-1.2168099e-005,-0.875667
-1.2167849e-005,-0.874
-1.2167599e-005,-0.874
-1.2167349e-005,-0.874
-1.2167099e-005,-0.875667
-1.2166849e-005,-0.874
-1.2166599e-005,-0.874
-1.2166349e-005,-0.874
-1.2166099e-005,-0.875667
-1.2165849e-005,-0.874
-1.2165599e-005,-0.874
-1.2165349e-005,-0.874
-1.2165099e-005,-0.875667
-1.2164849e-005,-0.874
-1.2164599e-005,-0.874
-1.2164349e-005,-0.875667
-1.2164099e-005,-0.875667
-1.2163849e-005,-0.874
-1.2163599e-005,-0.874
-1.2163349e-005,-0.875667
-1.2163099e-005,-0.875667
-1.2162849e-005,-0.874
-1.2162599e-005,-0.874
-1.2162349e-005,-0.874
-1.2162099e-005,-0.875667
-1.2161849e-005,-0.874
-1.2161599e-005,-0.874
-1.2161349e-005,-0.874
-1.2161099e-005,-0.875667
-1.2160849e-005,-0.874
-1.2160599e-005,-0.874
-1.2160349e-005,-0.874
-1.2160099e-005,-0.875667
-1.2159849e-005,-0.874
-1.2159599e-005,-0.874
-1.2159349e-005,-0.874
-1.2159099e-005,-0.875667
-1.2158849e-005,-0.874
-1.2158599e-005,-0.874
-1.2158349e-005,-0.875667
-1.2158099e-005,-0.875667
-1.2157849e-005,-0.874
-1.2157599e-005,-0.874
-1.2157349e-005,-0.875667
-1.2157099e-005,-0.875667
-1.2156849e-005,-0.874
-1.2156599e-005,-0.874
-1.2156349e-005,-0.875667
-1.2156099e-005,-0.875667
-1.2155849e-005,-0.874
-1.2155599e-005,-0.874
-1.2155349e-005,-0.875667
-1.2155099e-005,-0.875667
-1.2154849e-005,-0.874
-1.2154599e-005,-0.874
-1.2154349e-005,-0.875667
-1.2154099e-005,-0.874
-1.2153849e-005,-0.874
-1.2153599e-005,-0.874
-1.2153349e-005,-0.874
-1.2153099e-005,-0.875667
-1.2152849e-005,-0.874
-1.2152599e-005,-0.874
-1.2152349e-005,-0.874
-1.2152099e-005,-0.875667
-1.2151849e-005,-0.874
-1.2151599e-005,-0.874
-1.2151349e-005,-0.874
-1.2151099e-005,-0.875667
-1.2150849e-005,-0.874
-1.2150599e-005,-0.874
-1.2150349e-005,-0.874
-1.2150099e-005,-0.875667
-1.2149849e-005,-0.874
-1.2149599e-005,-0.874
-1.2149349e-005,-0.874
-1.2149099e-005,-0.875667
-1.2148849e-005,-0.874
-1.2148599e-005,-0.874
-1.2148349e-005,-0.874
-1.2148099e-005,-0.875667
-1.2147849e-005,-0.874
-1.2147599e-005,-0.874
-1.2147349e-005,-0.875667
-1.2147099e-005,-0.875667
-1.2146849e-005,-0.874
-1.2146599e-005,-0.874
-1.2146349e-005,-0.875667
-1.2146099e-005,-0.875667
-1.2145849e-005,-0.874
-1.2145599e-005,-0.874
-1.2145349e-005,-0.875667
-1.2145099e-005,-0.875667
-1.2144849e-005,-0.874
-1.2144599e-005,-0.874
-1.2144349e-005,-0.875667
-1.2144099e-005,-0.874
-1.2143849e-005,-0.874
-1.2143599e-005,-0.874
-1.2143349e-005,-0.874
-1.2143099e-005,-0.874
-1.2142849e-005,-0.874
-1.2142599e-005,-0.874
-1.2142349e-005,-0.874
-1.2142099e-005,-0.874
-1.2141849e-005,-0.874
-1.2141599e-005,-0.874
-1.2141349e-005,-0.874
-1.2141099e-005,-0.875667
-1.2140849e-005,-0.874
-1.2140599e-005,-0.874
-1.2140349e-005,-0.874
-1.2140099e-005,-0.875667
-1.2139849e-005,-0.874
-1.2139599e-005,-0.874
-1.2139349e-005,-0.875667
-1.2139099e-005,-0.875667
-1.2138849e-005,-0.874
-1.2138599e-005,-0.874
-1.2138349e-005,-0.875667
-1.2138099e-005,-0.875667
-1.2137849e-005,-0.874
-1.2137599e-005,-0.874
-1.2137349e-005,-0.875667
-1.2137099e-005,-0.875667
-1.2136849e-005,-0.874
-1.2136599e-005,-0.874
-1.2136349e-005,-0.875667
-1.2136099e-005,-0.875667
-1.2135849e-005,-0.874
-1.2135599e-005,-0.874
-1.2135349e-005,-0.875667
-1.2135099e-005,-0.875667
-1.2134849e-005,-0.874
-1.2134599e-005,-0.874
-1.2134349e-005,-0.875667
-1.2134099e-005,-0.875667
-1.2133849e-005,-0.874
-1.2133599e-005,-0.874
-1.2133349e-005,-0.875667
-1.2133099e-005,-0.875667
-1.2132849e-005,-0.874
-1.2132599e-005,-0.874
-1.2132349e-005,-0.875667
-1.2132099e-005,-0.875667
-1.2131849e-005,-0.874
-1.2131599e-005,-0.874
-1.2131349e-005,-0.875667
-1.2131099e-005,-0.874
-1.2130849e-005,-0.874
-1.2130599e-005,-0.874
-1.2130349e-005,-0.875667
-1.2130099e-005,-0.874
-1.2129849e-005,-0.874
-1.2129599e-005,-0.874
-1.2129349e-005,-0.875667
-1.2129099e-005,-0.875667
-1.2128849e-005,-0.874
-1.2128599e-005,-0.874
-1.2128349e-005,-0.875667
-1.2128099e-005,-0.875667
-1.2127849e-005,-0.874
-1.2127599e-005,-0.874
-1.2127349e-005,-0.875667
-1.2127099e-005,-0.875667
-1.2126849e-005,-0.874
-1.2126599e-005,-0.874
-1.2126349e-005,-0.875667
-1.2126099e-005,-0.875667
-1.2125849e-005,-0.874
-1.2125599e-005,-0.874
-1.2125349e-005,-0.875667
-1.2125099e-005,-0.875667
-1.2124849e-005,-0.874
-1.2124599e-005,-0.874
-1.2124349e-005,-0.875667
-1.2124099e-005,-0.875667
-1.2123849e-005,-0.874
-1.2123599e-005,-0.874
-1.2123349e-005,-0.874
-1.2123099e-005,-0.874
-1.2122849e-005,-0.874
-1.2122599e-005,-0.874
-1.2122349e-005,-0.874
-1.2122099e-005,-0.874
-1.2121849e-005,-0.874
-1.2121599e-005,-0.874
-1.2121349e-005,-0.874
-1.2121099e-005,-0.874
-1.2120849e-005,-0.874
-1.2120599e-005,-0.874
-1.2120349e-005,-0.874
-1.2120099e-005,-0.874
-1.2119849e-005,-0.874
-1.2119599e-005,-0.874
-1.2119349e-005,-0.874
-1.2119099e-005,-0.874
-1.2118849e-005,-0.874
-1.2118599e-005,-0.874
-1.2118349e-005,-0.874
-1.2118099e-005,-0.875667
-1.2117849e-005,-0.874
-1.2117599e-005,-0.874
-1.2117349e-005,-0.875667
-1.2117099e-005,-0.875667
-1.2116849e-005,-0.874
-1.2116599e-005,-0.874
-1.2116349e-005,-0.874
-1.2116099e-005,-0.875667
-1.2115849e-005,-0.874
-1.2115599e-005,-0.874
-1.2115349e-005,-0.874
-1.2115099e-005,-0.874
-1.2114849e-005,-0.874
-1.2114599e-005,-0.874
-1.2114349e-005,-0.874
-1.2114099e-005,-0.875667
-1.2113849e-005,-0.874
-1.2113599e-005,-0.874
-1.2113349e-005,-0.875667
-1.2113099e-005,-0.875667
-1.2112849e-005,-0.874
-1.2112599e-005,-0.874
-1.2112349e-005,-0.875667
-1.2112099e-005,-0.875667
-1.2111849e-005,-0.874
-1.2111599e-005,-0.874
-1.2111349e-005,-0.875667
-1.2111099e-005,-0.875667
-1.2110849e-005,-0.874
-1.2110599e-005,-0.874
-1.2110349e-005,-0.875667
-1.2110099e-005,-0.875667
-1.2109849e-005,-0.874
-1.2109599e-005,-0.874
-1.2109349e-005,-0.875667
-1.2109099e-005,-0.875667
-1.2108849e-005,-0.874
-1.2108599e-005,-0.874
-1.2108349e-005,-0.875667
-1.2108099e-005,-0.875667
-1.2107849e-005,-0.874
-1.2107599e-005,-0.874
-1.2107349e-005,-0.875667
-1.2107099e-005,-0.874
-1.2106849e-005,-0.874
-1.2106599e-005,-0.874
-1.2106349e-005,-0.875667
-1.2106099e-005,-0.875667
-1.2105849e-005,-0.875667
-1.2105599e-005,-0.874
-1.2105349e-005,-0.875667
-1.2105099e-005,-0.875667
-1.2104849e-005,-0.874
-1.2104599e-005,-0.874
-1.2104349e-005,-0.875667
-1.2104099e-005,-0.875667
-1.2103849e-005,-0.874
-1.2103599e-005,-0.874
-1.2103349e-005,-0.875667
-1.2103099e-005,-0.875667
-1.2102849e-005,-0.874
-1.2102599e-005,-0.874
-1.2102349e-005,-0.875667
-1.2102099e-005,-0.875667
-1.2101849e-005,-0.874
-1.2101599e-005,-0.874
-1.2101349e-005,-0.875667
-1.2101099e-005,-0.875667
-1.2100849e-005,-0.874
-1.2100599e-005,-0.874
-1.2100349e-005,-0.875667
-1.2100099e-005,-0.875667
-1.2099849e-005,-0.874
-1.2099599e-005,-0.874
-1.2099349e-005,-0.875667
-1.2099099e-005,-0.875667
-1.2098849e-005,-0.874
-1.2098599e-005,-0.874
-1.2098349e-005,-0.875667
-1.2098099e-005,-0.875667
-1.2097849e-005,-0.874
-1.2097599e-005,-0.874
-1.2097349e-005,-0.875667
-1.2097099e-005,-0.875667
-1.2096849e-005,-0.874
-1.2096599e-005,-0.874
-1.2096349e-005,-0.875667
-1.2096099e-005,-0.875667
-1.2095849e-005,-0.874
-1.2095599e-005,-0.874
-1.2095349e-005,-0.875667
-1.2095099e-005,-0.875667
-1.2094849e-005,-0.874
-1.2094599e-005,-0.874
-1.2094349e-005,-0.875667
-1.2094099e-005,-0.875667
-1.2093849e-005,-0.874
-1.2093599e-005,-0.874
-1.2093349e-005,-0.875667
-1.2093099e-005,-0.875667
-1.2092849e-005,-0.874
-1.2092599e-005,-0.874
-1.2092349e-005,-0.875667
-1.2092099e-005,-0.875667
-1.2091849e-005,-0.874
-1.2091599e-005,-0.874
-1.2091349e-005,-0.875667
-1.2091099e-005,-0.875667
-1.2090849e-005,-0.874
-1.2090599e-005,-0.874
-1.2090349e-005,-0.874
-1.2090099e-005,-0.875667
-1.2089849e-005,-0.874
-1.2089599e-005,-0.874
-1.2089349e-005,-0.875667
-1.2089099e-005,-0.875667
-1.2088849e-005,-0.874
-1.2088599e-005,-0.874
-1.2088349e-005,-0.875667
-1.2088099e-005,-0.875667
-1.2087849e-005,-0.874
-1.2087599e-005,-0.874
-1.2087349e-005,-0.875667
-1.2087099e-005,-0.875667
-1.2086849e-005,-0.874
-1.2086599e-005,-0.874
-1.2086349e-005,-0.875667
-1.2086099e-005,-0.875667
-1.2085849e-005,-0.874
-1.2085599e-005,-0.874
-1.2085349e-005,-0.874
-1.2085099e-005,-0.875667
-1.2084849e-005,-0.874
-1.2084599e-005,-0.874
-1.2084349e-005,-0.874
-1.2084099e-005,-0.875667
-1.2083849e-005,-0.874
-1.2083599e-005,-0.874
-1.2083349e-005,-0.874
-1.2083099e-005,-0.875667
-1.2082849e-005,-0.874
-1.2082599e-005,-0.874
-1.2082349e-005,-0.875667
-1.2082099e-005,-0.875667
-1.2081849e-005,-0.874
-1.2081599e-005,-0.874
-1.2081349e-005,-0.875667
-1.2081099e-005,-0.875667
-1.2080849e-005,-0.874
-1.2080599e-005,-0.874
-1.2080349e-005,-0.875667
-1.2080099e-005,-0.875667
-1.2079849e-005,-0.874
-1.2079599e-005,-0.874
-1.2079349e-005,-0.875667
-1.2079099e-005,-0.875667
-1.2078849e-005,-0.874
-1.2078599e-005,-0.874
-1.2078349e-005,-0.875667
-1.2078099e-005,-0.875667
-1.2077849e-005,-0.874
-1.2077599e-005,-0.874
-1.2077349e-005,-0.875667
-1.2077099e-005,-0.875667
-1.2076849e-005,-0.874
-1.2076599e-005,-0.874
-1.2076349e-005,-0.875667
-1.2076099e-005,-0.875667
-1.2075849e-005,-0.874
-1.2075599e-005,-0.874
-1.2075349e-005,-0.875667
-1.2075099e-005,-0.875667
-1.2074849e-005,-0.874
-1.2074599e-005,-0.874
-1.2074349e-005,-0.875667
-1.2074099e-005,-0.875667
-1.2073849e-005,-0.874
-1.2073599e-005,-0.874
-1.2073349e-005,-0.874
-1.2073099e-005,-0.875667
-1.2072849e-005,-0.874
-1.2072599e-005,-0.874
-1.2072349e-005,-0.875667
-1.2072099e-005,-0.875667
-1.2071849e-005,-0.874
-1.2071599e-005,-0.874
-1.2071349e-005,-0.875667
-1.2071099e-005,-0.875667
-1.2070849e-005,-0.874
-1.2070599e-005,-0.874
-1.2070349e-005,-0.875667
-1.2070099e-005,-0.875667
-1.2069849e-005,-0.874
-1.2069599e-005,-0.874
-1.2069349e-005,-0.875667
-1.2069099e-005,-0.875667
-1.2068849e-005,-0.874
-1.2068599e-005,-0.874
-1.2068349e-005,-0.875667
-1.2068099e-005,-0.875667
-1.2067849e-005,-0.874
-1.2067599e-005,-0.874
-1.2067349e-005,-0.875667
-1.2067099e-005,-0.875667
-1.2066849e-005,-0.874
-1.2066599e-005,-0.874
-1.2066349e-005,-0.875667
-1.2066099e-005,-0.875667
-1.2065849e-005,-0.874
-1.2065599e-005,-0.874
-1.2065349e-005,-0.875667
-1.2065099e-005,-0.875667
-1.2064849e-005,-0.874
-1.2064599e-005,-0.874
-1.2064349e-005,-0.875667
-1.2064099e-005,-0.875667
-1.2063849e-005,-0.874
-1.2063599e-005,-0.874
-1.2063349e-005,-0.875667
-1.2063099e-005,-0.875667
-1.2062849e-005,-0.874
-1.2062599e-005,-0.874
-1.2062349e-005,-0.875667
-1.2062099e-005,-0.875667
-1.2061849e-005,-0.874
-1.2061599e-005,-0.874
-1.2061349e-005,-0.875667
-1.2061099e-005,-0.875667
-1.2060849e-005,-0.874
-1.2060599e-005,-0.874
-1.2060349e-005,-0.875667
-1.2060099e-005,-0.875667
-1.2059849e-005,-0.874
-1.2059599e-005,-0.874
-1.2059349e-005,-0.875667
-1.2059099e-005,-0.875667
-1.2058849e-005,-0.874
-1.2058599e-005,-0.874
-1.2058349e-005,-0.875667
-1.2058099e-005,-0.875667
-1.2057849e-005,-0.874
-1.2057599e-005,-0.874
-1.2057349e-005,-0.875667
-1.2057099e-005,-0.875667
-1.2056849e-005,-0.874
-1.2056599e-005,-0.874
-1.2056349e-005,-0.875667
-1.2056099e-005,-0.875667
-1.2055849e-005,-0.874
-1.2055599e-005,-0.874
-1.2055349e-005,-0.875667
-1.2055099e-005,-0.875667
-1.2054849e-005,-0.874
-1.2054599e-005,-0.874
-1.2054349e-005,-0.875667
-1.2054099e-005,-0.875667
-1.2053849e-005,-0.874
-1.2053599e-005,-0.874
-1.2053349e-005,-0.875667
-1.2053099e-005,-0.875667
-1.2052849e-005,-0.874
-1.2052599e-005,-0.874
-1.2052349e-005,-0.875667
-1.2052099e-005,-0.875667
-1.2051849e-005,-0.874
-1.2051599e-005,-0.874
-1.2051349e-005,-0.875667
-1.2051099e-005,-0.875667
-1.2050849e-005,-0.874
-1.2050599e-005,-0.874
-1.2050349e-005,-0.875667
-1.2050099e-005,-0.875667
-1.2049849e-005,-0.874
-1.2049599e-005,-0.874
-1.2049349e-005,-0.875667
-1.2049099e-005,-0.875667
-1.2048849e-005,-0.874
-1.2048599e-005,-0.874
-1.2048349e-005,-0.875667
-1.2048099e-005,-0.875667
-1.2047849e-005,-0.874
-1.2047599e-005,-0.874
-1.2047349e-005,-0.875667
-1.2047099e-005,-0.875667
-1.2046849e-005,-0.874
-1.2046599e-005,-0.874
-1.2046349e-005,-0.875667
-1.2046099e-005,-0.875667
-1.2045849e-005,-0.874
-1.2045599e-005,-0.874
-1.2045349e-005,-0.875667
-1.2045099e-005,-0.875667
-1.2044849e-005,-0.874
-1.2044599e-005,-0.874
-1.2044349e-005,-0.875667
-1.2044099e-005,-0.875667
-1.2043849e-005,-0.874
-1.2043599e-005,-0.874
-1.2043349e-005,-0.875667
-1.2043099e-005,-0.875667
-1.2042849e-005,-0.874
-1.2042599e-005,-0.874
-1.2042349e-005,-0.875667
-1.2042099e-005,-0.875667
-1.2041849e-005,-0.874
-1.2041599e-005,-0.874
-1.2041349e-005,-0.875667
-1.2041099e-005,-0.875667
-1.2040849e-005,-0.874
-1.2040599e-005,-0.874
-1.2040349e-005,-0.875667
-1.2040099e-005,-0.875667
-1.2039849e-005,-0.874
-1.2039599e-005,-0.874
-1.2039349e-005,-0.875667
-1.2039099e-005,-0.874
-1.2038849e-005,-0.874
-1.2038599e-005,-0.874
-1.2038349e-005,-0.875667
-1.2038099e-005,-0.874
-1.2037849e-005,-0.874
-1.2037599e-005,-0.874
-1.2037349e-005,-0.874
-1.2037099e-005,-0.874
-1.2036849e-005,-0.874
-1.2036599e-005,-0.874
-1.2036349e-005,-0.875667
-1.2036099e-005,-0.875667
-1.2035849e-005,-0.874
-1.2035599e-005,-0.874
-1.2035349e-005,-0.875667
-1.2035099e-005,-0.875667
-1.2034849e-005,-0.874
-1.2034599e-005,-0.874
-1.2034349e-005,-0.875667
-1.2034099e-005,-0.875667
-1.2033849e-005,-0.874
-1.2033599e-005,-0.874
-1.2033349e-005,-0.875667
-1.2033099e-005,-0.875667
-1.2032849e-005,-0.874
-1.2032599e-005,-0.874
-1.2032349e-005,-0.875667
-1.2032099e-005,-0.875667
-1.2031849e-005,-0.874
-1.2031599e-005,-0.874
-1.2031349e-005,-0.875667
-1.2031099e-005,-0.875667
-1.2030849e-005,-0.874
-1.2030599e-005,-0.874
-1.2030349e-005,-0.875667
-1.2030099e-005,-0.875667
-1.2029849e-005,-0.874
-1.2029599e-005,-0.874
-1.2029349e-005,-0.875667
-1.2029099e-005,-0.875667
-1.2028849e-005,-0.874
-1.2028599e-005,-0.874
-1.2028349e-005,-0.875667
-1.2028099e-005,-0.875667
-1.2027849e-005,-0.874
-1.2027599e-005,-0.874
-1.2027349e-005,-0.875667
-1.2027099e-005,-0.875667
-1.2026849e-005,-0.874
-1.2026599e-005,-0.874
-1.2026349e-005,-0.875667
-1.2026099e-005,-0.875667
-1.2025849e-005,-0.874
-1.2025599e-005,-0.874
-1.2025349e-005,-0.875667
-1.2025099e-005,-0.875667
-1.2024849e-005,-0.874
-1.2024599e-005,-0.874
-1.2024349e-005,-0.875667
-1.2024099e-005,-0.875667
-1.2023849e-005,-0.874
-1.2023599e-005,-0.874
-1.2023349e-005,-0.875667
-1.2023099e-005,-0.875667
-1.2022849e-005,-0.874
-1.2022599e-005,-0.874
-1.2022349e-005,-0.875667
-1.2022099e-005,-0.875667
-1.2021849e-005,-0.874
-1.2021599e-005,-0.874
-1.2021349e-005,-0.875667
-1.2021099e-005,-0.875667
-1.2020849e-005,-0.874
-1.2020599e-005,-0.874
-1.2020349e-005,-0.875667
-1.2020099e-005,-0.875667
-1.2019849e-005,-0.874
-1.2019599e-005,-0.874
-1.2019349e-005,-0.875667
-1.2019099e-005,-0.875667
-1.2018849e-005,-0.874
-1.2018599e-005,-0.874
-1.2018349e-005,-0.875667
-1.2018099e-005,-0.875667
-1.2017849e-005,-0.874
-1.2017599e-005,-0.874
-1.2017349e-005,-0.875667
-1.2017099e-005,-0.875667
-1.2016849e-005,-0.874
-1.2016599e-005,-0.874
-1.2016349e-005,-0.875667
-1.2016099e-005,-0.875667
-1.2015849e-005,-0.874
-1.2015599e-005,-0.874
-1.2015349e-005,-0.875667
-1.2015099e-005,-0.875667
-1.2014849e-005,-0.874
-1.2014599e-005,-0.874
-1.2014349e-005,-0.875667
-1.2014099e-005,-0.875667
-1.2013849e-005,-0.874
-1.2013599e-005,-0.874
-1.2013349e-005,-0.874
-1.2013099e-005,-0.875667
-1.2012849e-005,-0.874
-1.2012599e-005,-0.874
-1.2012349e-005,-0.874
-1.2012099e-005,-0.875667
-1.2011849e-005,-0.874
-1.2011599e-005,-0.874
-1.2011349e-005,-0.875667
-1.2011099e-005,-0.875667
-1.2010849e-005,-0.874
-1.2010599e-005,-0.874
-1.2010349e-005,-0.875667
-1.2010099e-005,-0.875667
-1.2009849e-005,-0.874
-1.2009599e-005,-0.874
-1.2009349e-005,-0.875667
-1.2009099e-005,-0.875667
-1.2008849e-005,-0.874
-1.2008599e-005,-0.874
-1.2008349e-005,-0.875667
-1.2008099e-005,-0.875667
-1.2007849e-005,-0.874
-1.2007599e-005,-0.874
-1.2007349e-005,-0.875667
-1.2007099e-005,-0.875667
-1.2006849e-005,-0.874
-1.2006599e-005,-0.874
-1.2006349e-005,-0.875667
-1.2006099e-005,-0.875667
-1.2005849e-005,-0.874
-1.2005599e-005,-0.874
-1.2005349e-005,-0.875667
-1.2005099e-005,-0.875667
-1.2004849e-005,-0.874
-1.2004599e-005,-0.874
-1.2004349e-005,-0.875667
-1.2004099e-005,-0.875667
-1.2003849e-005,-0.874
-1.2003599e-005,-0.874
-1.2003349e-005,-0.875667
-1.2003099e-005,-0.875667
-1.2002849e-005,-0.874
-1.2002599e-005,-0.874
-1.2002349e-005,-0.875667
-1.2002099e-005,-0.875667
-1.2001849e-005,-0.874
-1.2001599e-005,-0.874
-1.2001349e-005,-0.875667
-1.2001099e-005,-0.875667
-1.2000849e-005,-0.874
-1.2000599e-005,-0.874
-1.2000349e-005,-0.875667
-1.2000099e-005,-0.875667
-1.1999849e-005,-0.874
-1.1999599e-005,-0.874
-1.1999349e-005,-0.875667
-1.1999099e-005,-0.875667
-1.1998849e-005,-0.874
-1.1998599e-005,-0.874
-1.1998349e-005,-0.875667
-1.1998099e-005,-0.875667
-1.1997849e-005,-0.874
-1.1997599e-005,-0.874
-1.1997349e-005,-0.875667
-1.1997099e-005,-0.875667
-1.1996849e-005,-0.874
-1.1996599e-005,-0.874
-1.1996349e-005,-0.875667
-1.1996099e-005,-0.875667
-1.1995849e-005,-0.874
-1.1995599e-005,-0.874
-1.1995349e-005,-0.875667
-1.1995099e-005,-0.874
-1.1994849e-005,-0.874
-1.1994599e-005,-0.874
-1.1994349e-005,-0.875667
-1.1994099e-005,-0.874
-1.1993849e-005,-0.874
-1.1993599e-005,-0.874
-1.1993349e-005,-0.875667
-1.1993099e-005,-0.875667
-1.1992849e-005,-0.874
-1.1992599e-005,-0.874
-1.1992349e-005,-0.875667
-1.1992099e-005,-0.874
-1.1991849e-005,-0.874
-1.1991599e-005,-0.874
-1.1991349e-005,-0.875667
-1.1991099e-005,-0.875667
-1.1990849e-005,-0.874
-1.1990599e-005,-0.874
-1.1990349e-005,-0.875667
-1.1990099e-005,-0.875667
-1.1989849e-005,-0.874
-1.1989599e-005,-0.874
-1.1989349e-005,-0.875667
-1.1989099e-005,-0.875667
-1.1988849e-005,-0.874
-1.1988599e-005,-0.874
-1.1988349e-005,-0.874
-1.1988099e-005,-0.875667
-1.1987849e-005,-0.874
-1.1987599e-005,-0.874
-1.1987349e-005,-0.874
-1.1987099e-005,-0.875667
-1.1986849e-005,-0.874
-1.1986599e-005,-0.874
-1.1986349e-005,-0.874
-1.1986099e-005,-0.875667
-1.1985849e-005,-0.874
-1.1985599e-005,-0.874
-1.1985349e-005,-0.875667
-1.1985099e-005,-0.875667
-1.1984849e-005,-0.874
-1.1984599e-005,-0.874
-1.1984349e-005,-0.875667
-1.1984099e-005,-0.875667
-1.1983849e-005,-0.874
-1.1983599e-005,-0.874
-1.1983349e-005,-0.875667
-1.1983099e-005,-0.875667
-1.1982849e-005,-0.874
-1.1982599e-005,-0.874
-1.1982349e-005,-0.875667
-1.1982099e-005,-0.875667
-1.1981849e-005,-0.874
-1.1981599e-005,-0.874
-1.1981349e-005,-0.875667
-1.1981099e-005,-0.875667
-1.1980849e-005,-0.874
-1.1980599e-005,-0.874
-1.1980349e-005,-0.875667
-1.1980099e-005,-0.875667
-1.1979849e-005,-0.874
-1.1979599e-005,-0.874
-1.1979349e-005,-0.875667
-1.1979099e-005,-0.875667
-1.1978849e-005,-0.874
-1.1978599e-005,-0.874
-1.1978349e-005,-0.875667
-1.1978099e-005,-0.875667
-1.1977849e-005,-0.874
-1.1977599e-005,-0.874
-1.1977349e-005,-0.875667
-1.1977099e-005,-0.875667
-1.1976849e-005,-0.874
-1.1976599e-005,-0.874
-1.1976349e-005,-0.875667
-1.1976099e-005,-0.875667
-1.1975849e-005,-0.874
-1.1975599e-005,-0.874
-1.1975349e-005,-0.875667
-1.1975099e-005,-0.875667
-1.1974849e-005,-0.874
-1.1974599e-005,-0.874
-1.1974349e-005,-0.875667
-1.1974099e-005,-0.874
-1.1973849e-005,-0.874
-1.1973599e-005,-0.874
-1.1973349e-005,-0.875667
-1.1973099e-005,-0.874
-1.1972849e-005,-0.874
-1.1972599e-005,-0.874
-1.1972349e-005,-0.875667
-1.1972099e-005,-0.875667
-1.1971849e-005,-0.874
-1.1971599e-005,-0.874
-1.1971349e-005,-0.875667
-1.1971099e-005,-0.875667
-1.1970849e-005,-0.874
-1.1970599e-005,-0.874
-1.1970349e-005,-0.875667
-1.1970099e-005,-0.875667
-1.1969849e-005,-0.874
-1.1969599e-005,-0.874
-1.1969349e-005,-0.875667
-1.1969099e-005,-0.875667
-1.1968849e-005,-0.874
-1.1968599e-005,-0.874
-1.1968349e-005,-0.875667
-1.1968099e-005,-0.875667
-1.1967849e-005,-0.874
-1.1967599e-005,-0.874
-1.1967349e-005,-0.875667
-1.1967099e-005,-0.875667
-1.1966849e-005,-0.874
-1.1966599e-005,-0.874
-1.1966349e-005,-0.875667
-1.1966099e-005,-0.875667
-1.1965849e-005,-0.874
-1.1965599e-005,-0.874
-1.1965349e-005,-0.875667
-1.1965099e-005,-0.875667
-1.1964849e-005,-0.874
-1.1964599e-005,-0.874
-1.1964349e-005,-0.875667
-1.1964099e-005,-0.875667
-1.1963849e-005,-0.874
-1.1963599e-005,-0.874
-1.1963349e-005,-0.875667
-1.1963099e-005,-0.875667
-1.1962849e-005,-0.874
-1.1962599e-005,-0.874
-1.1962349e-005,-0.875667
-1.1962099e-005,-0.875667
-1.1961849e-005,-0.874
-1.1961599e-005,-0.874
-1.1961349e-005,-0.875667
-1.1961099e-005,-0.875667
-1.1960849e-005,-0.874
-1.1960599e-005,-0.874
-1.1960349e-005,-0.875667
-1.1960099e-005,-0.875667
-1.1959849e-005,-0.874
-1.1959599e-005,-0.874
-1.1959349e-005,-0.875667
-1.1959099e-005,-0.875667
-1.1958849e-005,-0.874
-1.1958599e-005,-0.874
-1.1958349e-005,-0.875667
-1.1958099e-005,-0.875667
-1.1957849e-005,-0.874
-1.1957599e-005,-0.874
-1.1957349e-005,-0.875667
-1.1957099e-005,-0.875667
-1.1956849e-005,-0.874
-1.1956599e-005,-0.874
-1.1956349e-005,-0.875667
-1.1956099e-005,-0.875667
-1.1955849e-005,-0.874
-1.1955599e-005,-0.874
-1.1955349e-005,-0.875667
-1.1955099e-005,-0.875667
-1.1954849e-005,-0.874
-1.1954599e-005,-0.874
-1.1954349e-005,-0.874
-1.1954099e-005,-0.875667
-1.1953849e-005,-0.874
-1.1953599e-005,-0.874
-1.1953349e-005,-0.875667
-1.1953099e-005,-0.875667
-1.1952849e-005,-0.874
-1.1952599e-005,-0.874
-1.1952349e-005,-0.875667
-1.1952099e-005,-0.875667
-1.1951849e-005,-0.874
-1.1951599e-005,-0.874
-1.1951349e-005,-0.875667
-1.1951099e-005,-0.875667
-1.1950849e-005,-0.874
-1.1950599e-005,-0.874
-1.1950349e-005,-0.875667
-1.1950099e-005,-0.875667
-1.1949849e-005,-0.874
-1.1949599e-005,-0.874
-1.1949349e-005,-0.875667
-1.1949099e-005,-0.875667
-1.1948849e-005,-0.874
-1.1948599e-005,-0.874
-1.1948349e-005,-0.875667
-1.1948099e-005,-0.875667
-1.1947849e-005,-0.874
-1.1947599e-005,-0.874
-1.1947349e-005,-0.875667
-1.1947099e-005,-0.875667
-1.1946849e-005,-0.874
-1.1946599e-005,-0.874
-1.1946349e-005,-0.875667
-1.1946099e-005,-0.875667
-1.1945849e-005,-0.874
-1.1945599e-005,-0.874
-1.1945349e-005,-0.875667
-1.1945099e-005,-0.875667
-1.1944849e-005,-0.874
-1.1944599e-005,-0.874
-1.1944349e-005,-0.875667
-1.1944099e-005,-0.875667
-1.1943849e-005,-0.874
-1.1943599e-005,-0.874
-1.1943349e-005,-0.875667
-1.1943099e-005,-0.875667
-1.1942849e-005,-0.874
-1.1942599e-005,-0.874
-1.1942349e-005,-0.875667
-1.1942099e-005,-0.875667
-1.1941849e-005,-0.874
-1.1941599e-005,-0.874
-1.1941349e-005,-0.875667
-1.1941099e-005,-0.875667
-1.1940849e-005,-0.874
-1.1940599e-005,-0.874
-1.1940349e-005,-0.875667
-1.1940099e-005,-0.875667
-1.1939849e-005,-0.874
-1.1939599e-005,-0.874
-1.1939349e-005,-0.875667
-1.1939099e-005,-0.875667
-1.1938849e-005,-0.874
-1.1938599e-005,-0.874
-1.1938349e-005,-0.875667
-1.1938099e-005,-0.875667
-1.1937849e-005,-0.874
-1.1937599e-005,-0.874
-1.1937349e-005,-0.875667
-1.1937099e-005,-0.875667
-1.1936849e-005,-0.874
-1.1936599e-005,-0.874
-1.1936349e-005,-0.875667
-1.1936099e-005,-0.875667
-1.1935849e-005,-0.874
-1.1935599e-005,-0.874
-1.1935349e-005,-0.875667
-1.1935099e-005,-0.875667
-1.1934849e-005,-0.874
-1.1934599e-005,-0.874
-1.1934349e-005,-0.875667
-1.1934099e-005,-0.875667
-1.1933849e-005,-0.874
-1.1933599e-005,-0.874
-1.1933349e-005,-0.875667
-1.1933099e-005,-0.875667
-1.1932849e-005,-0.874
-1.1932599e-005,-0.874
-1.1932349e-005,-0.875667
-1.1932099e-005,-0.875667
-1.1931849e-005,-0.874
-1.1931599e-005,-0.874
-1.1931349e-005,-0.875667
-1.1931099e-005,-0.875667
-1.1930849e-005,-0.874
-1.1930599e-005,-0.874
-1.1930349e-005,-0.875667
-1.1930099e-005,-0.875667
-1.1929849e-005,-0.874
-1.1929599e-005,-0.874
-1.1929349e-005,-0.875667
-1.1929099e-005,-0.875667
-1.1928849e-005,-0.874
-1.1928599e-005,-0.874
-1.1928349e-005,-0.875667
-1.1928099e-005,-0.875667
-1.1927849e-005,-0.874
-1.1927599e-005,-0.874
-1.1927349e-005,-0.875667
-1.1927099e-005,-0.875667
-1.1926849e-005,-0.874
-1.1926599e-005,-0.874
-1.1926349e-005,-0.875667
-1.1926099e-005,-0.874
-1.1925849e-005,-0.874
-1.1925599e-005,-0.874
-1.1925349e-005,-0.874
-1.1925099e-005,-0.874
-1.1924849e-005,-0.874
-1.1924599e-005,-0.874
-1.1924349e-005,-0.874
-1.1924099e-005,-0.874
-1.1923849e-005,-0.874
-1.1923599e-005,-0.874
-1.1923349e-005,-0.874
-1.1923099e-005,-0.874
-1.1922849e-005,-0.874
-1.1922599e-005,-0.874
-1.1922349e-005,-0.874
-1.1922099e-005,-0.874
-1.1921849e-005,-0.874
-1.1921599e-005,-0.874
-1.1921349e-005,-0.874
-1.1921099e-005,-0.875667
-1.1920849e-005,-0.874
-1.1920599e-005,-0.874
-1.1920349e-005,-0.875667
-1.1920099e-005,-0.875667
-1.1919849e-005,-0.874
-1.1919599e-005,-0.874
-1.1919349e-005,-0.875667
-1.1919099e-005,-0.875667
-1.1918849e-005,-0.874
-1.1918599e-005,-0.874
-1.1918349e-005,-0.875667
-1.1918099e-005,-0.875667
-1.1917849e-005,-0.874
-1.1917599e-005,-0.874
-1.1917349e-005,-0.875667
-1.1917099e-005,-0.875667
-1.1916849e-005,-0.874
-1.1916599e-005,-0.874
-1.1916349e-005,-0.875667
-1.1916099e-005,-0.875667
-1.1915849e-005,-0.874
-1.1915599e-005,-0.874
-1.1915349e-005,-0.875667
-1.1915099e-005,-0.875667
-1.1914849e-005,-0.874
-1.1914599e-005,-0.874
-1.1914349e-005,-0.875667
-1.1914099e-005,-0.875667
-1.1913849e-005,-0.874
-1.1913599e-005,-0.874
-1.1913349e-005,-0.875667
-1.1913099e-005,-0.875667
-1.1912849e-005,-0.874
-1.1912599e-005,-0.874
-1.1912349e-005,-0.875667
-1.1912099e-005,-0.875667
-1.1911849e-005,-0.874
-1.1911599e-005,-0.874
-1.1911349e-005,-0.875667
-1.1911099e-005,-0.875667
-1.1910849e-005,-0.874
-1.1910599e-005,-0.874
-1.1910349e-005,-0.875667
-1.1910099e-005,-0.875667
-1.1909849e-005,-0.874
-1.1909599e-005,-0.874
-1.1909349e-005,-0.875667
-1.1909099e-005,-0.875667
-1.1908849e-005,-0.874
-1.1908599e-005,-0.874
-1.1908349e-005,-0.875667
-1.1908099e-005,-0.875667
-1.1907849e-005,-0.874
-1.1907599e-005,-0.874
-1.1907349e-005,-0.875667
-1.1907099e-005,-0.875667
-1.1906849e-005,-0.874
-1.1906599e-005,-0.874
-1.1906349e-005,-0.875667
-1.1906099e-005,-0.875667
-1.1905849e-005,-0.874
-1.1905599e-005,-0.874
-1.1905349e-005,-0.875667
-1.1905099e-005,-0.875667
-1.1904849e-005,-0.874
-1.1904599e-005,-0.874
-1.1904349e-005,-0.875667
-1.1904099e-005,-0.875667
-1.1903849e-005,-0.874
-1.1903599e-005,-0.874
-1.1903349e-005,-0.875667
-1.1903099e-005,-0.875667
-1.1902849e-005,-0.874
-1.1902599e-005,-0.874
-1.1902349e-005,-0.875667
-1.1902099e-005,-0.875667
-1.1901849e-005,-0.874
-1.1901599e-005,-0.874
-1.1901349e-005,-0.875667
-1.1901099e-005,-0.875667
-1.1900849e-005,-0.874
-1.1900599e-005,-0.874
-1.1900349e-005,-0.874
-1.1900099e-005,-0.875667
-1.1899849e-005,-0.874
-1.1899599e-005,-0.874
-1.1899349e-005,-0.874
-1.1899099e-005,-0.875667
-1.1898849e-005,-0.874
-1.1898599e-005,-0.874
-1.1898349e-005,-0.874
-1.1898099e-005,-0.875667
-1.1897849e-005,-0.874
-1.1897599e-005,-0.874
-1.1897349e-005,-0.874
-1.1897099e-005,-0.875667
-1.1896849e-005,-0.874
-1.1896599e-005,-0.874
-1.1896349e-005,-0.875667
-1.1896099e-005,-0.875667
-1.1895849e-005,-0.874
-1.1895599e-005,-0.874
-1.1895349e-005,-0.875667
-1.1895099e-005,-0.875667
-1.1894849e-005,-0.874
-1.1894599e-005,-0.874
-1.1894349e-005,-0.875667
-1.1894099e-005,-0.875667
-1.1893849e-005,-0.874
-1.1893599e-005,-0.874
-1.1893349e-005,-0.875667
-1.1893099e-005,-0.875667
-1.1892849e-005,-0.874
-1.1892599e-005,-0.874
-1.1892349e-005,-0.875667
-1.1892099e-005,-0.875667
-1.1891849e-005,-0.874
-1.1891599e-005,-0.874
-1.1891349e-005,-0.875667
-1.1891099e-005,-0.874
-1.1890849e-005,-0.874
-1.1890599e-005,-0.874
-1.1890349e-005,-0.875667
-1.1890099e-005,-0.874
-1.1889849e-005,-0.874
-1.1889599e-005,-0.874
-1.1889349e-005,-0.875667
-1.1889099e-005,-0.875667
-1.1888849e-005,-0.874
-1.1888599e-005,-0.874
-1.1888349e-005,-0.875667
-1.1888099e-005,-0.875667
-1.1887849e-005,-0.874
-1.1887599e-005,-0.874
-1.1887349e-005,-0.875667
-1.1887099e-005,-0.875667
-1.1886849e-005,-0.874
-1.1886599e-005,-0.874
-1.1886349e-005,-0.874
-1.1886099e-005,-0.875667
-1.1885849e-005,-0.874
-1.1885599e-005,-0.874
-1.1885349e-005,-0.874
-1.1885099e-005,-0.875667
-1.1884849e-005,-0.874
-1.1884599e-005,-0.874
-1.1884349e-005,-0.874
-1.1884099e-005,-0.874
-1.1883849e-005,-0.874
-1.1883599e-005,-0.874
-1.1883349e-005,-0.874
-1.1883099e-005,-0.874
-1.1882849e-005,-0.874
-1.1882599e-005,-0.874
-1.1882349e-005,-0.874
-1.1882099e-005,-0.875667
-1.1881849e-005,-0.874
-1.1881599e-005,-0.874
-1.1881349e-005,-0.874
-1.1881099e-005,-0.875667
-1.1880849e-005,-0.874
-1.1880599e-005,-0.874
-1.1880349e-005,-0.874
-1.1880099e-005,-0.875667
-1.1879849e-005,-0.874
-1.1879599e-005,-0.874
-1.1879349e-005,-0.874
-1.1879099e-005,-0.874
-1.1878849e-005,-0.874
-1.1878599e-005,-0.874
-1.1878349e-005,-0.874
-1.1878099e-005,-0.874
-1.1877849e-005,-0.874
-1.1877599e-005,-0.874
-1.1877349e-005,-0.874
-1.1877099e-005,-0.874
-1.1876849e-005,-0.874
-1.1876599e-005,-0.874
-1.1876349e-005,-0.875667
-1.1876099e-005,-0.875667
-1.1875849e-005,-0.874
-1.1875599e-005,-0.874
-1.1875349e-005,-0.875667
-1.1875099e-005,-0.875667
-1.1874849e-005,-0.874
-1.1874599e-005,-0.874
-1.1874349e-005,-0.875667
-1.1874099e-005,-0.875667
-1.1873849e-005,-0.874
-1.1873599e-005,-0.874
-1.1873349e-005,-0.875667
-1.1873099e-005,-0.875667
-1.1872849e-005,-0.874
-1.1872599e-005,-0.874
-1.1872349e-005,-0.875667
-1.1872099e-005,-0.875667
-1.1871849e-005,-0.874
-1.1871599e-005,-0.874
-1.1871349e-005,-0.874
-1.1871099e-005,-0.875667
-1.1870849e-005,-0.874
-1.1870599e-005,-0.874
-1.1870349e-005,-0.874
-1.1870099e-005,-0.875667
-1.1869849e-005,-0.874
-1.1869599e-005,-0.874
-1.1869349e-005,-0.874
-1.1869099e-005,-0.875667
-1.1868849e-005,-0.874
-1.1868599e-005,-0.874
-1.1868349e-005,-0.874
-1.1868099e-005,-0.875667
-1.1867849e-005,-0.874
-1.1867599e-005,-0.874
-1.1867349e-005,-0.875667
-1.1867099e-005,-0.875667
-1.1866849e-005,-0.874
-1.1866599e-005,-0.874
-1.1866349e-005,-0.875667
-1.1866099e-005,-0.875667
-1.1865849e-005,-0.874
-1.1865599e-005,-0.874
-1.1865349e-005,-0.875667
-1.1865099e-005,-0.875667
-1.1864849e-005,-0.874
-1.1864599e-005,-0.874
-1.1864349e-005,-0.875667
-1.1864099e-005,-0.874
-1.1863849e-005,-0.874
-1.1863599e-005,-0.874
-1.1863349e-005,-0.875667
-1.1863099e-005,-0.874
-1.1862849e-005,-0.874
-1.1862599e-005,-0.874
-1.1862349e-005,-0.875667
-1.1862099e-005,-0.874
-1.1861849e-005,-0.874
-1.1861599e-005,-0.874
-1.1861349e-005,-0.875667
-1.1861099e-005,-0.874
-1.1860849e-005,-0.874
-1.1860599e-005,-0.874
-1.1860349e-005,-0.875667
-1.1860099e-005,-0.875667
-1.1859849e-005,-0.874
-1.1859599e-005,-0.874
-1.1859349e-005,-0.875667
-1.1859099e-005,-0.875667
-1.1858849e-005,-0.874
-1.1858599e-005,-0.874
-1.1858349e-005,-0.875667
-1.1858099e-005,-0.875667
-1.1857849e-005,-0.874
-1.1857599e-005,-0.874
-1.1857349e-005,-0.875667
-1.1857099e-005,-0.875667
-1.1856849e-005,-0.874
-1.1856599e-005,-0.874
-1.1856349e-005,-0.875667
-1.1856099e-005,-0.875667
-1.1855849e-005,-0.874
-1.1855599e-005,-0.874
-1.1855349e-005,-0.875667
-1.1855099e-005,-0.875667
-1.1854849e-005,-0.874
-1.1854599e-005,-0.874
-1.1854349e-005,-0.875667
-1.1854099e-005,-0.875667
-1.1853849e-005,-0.874
-1.1853599e-005,-0.874
-1.1853349e-005,-0.875667
-1.1853099e-005,-0.875667
-1.1852849e-005,-0.874
-1.1852599e-005,-0.874
-1.1852349e-005,-0.875667
-1.1852099e-005,-0.875667
-1.1851849e-005,-0.874
-1.1851599e-005,-0.874
-1.1851349e-005,-0.875667
-1.1851099e-005,-0.875667
-1.1850849e-005,-0.874
-1.1850599e-005,-0.874
-1.1850349e-005,-0.875667
-1.1850099e-005,-0.875667
-1.1849849e-005,-0.874
-1.1849599e-005,-0.874
-1.1849349e-005,-0.874
-1.1849099e-005,-0.875667
-1.1848849e-005,-0.874
-1.1848599e-005,-0.874
-1.1848349e-005,-0.874
-1.1848099e-005,-0.875667
-1.1847849e-005,-0.874
-1.1847599e-005,-0.874
-1.1847349e-005,-0.874
-1.1847099e-005,-0.875667
-1.1846849e-005,-0.874
-1.1846599e-005,-0.874
-1.1846349e-005,-0.874
-1.1846099e-005,-0.875667
-1.1845849e-005,-0.874
-1.1845599e-005,-0.874
-1.1845349e-005,-0.874
-1.1845099e-005,-0.875667
-1.1844849e-005,-0.874
-1.1844599e-005,-0.874
-1.1844349e-005,-0.875667
-1.1844099e-005,-0.875667
-1.1843849e-005,-0.874
-1.1843599e-005,-0.874
-1.1843349e-005,-0.875667
-1.1843099e-005,-0.875667
-1.1842849e-005,-0.874
-1.1842599e-005,-0.874
-1.1842349e-005,-0.875667
-1.1842099e-005,-0.875667
-1.1841849e-005,-0.874
-1.1841599e-005,-0.874
-1.1841349e-005,-0.874
-1.1841099e-005,-0.875667
-1.1840849e-005,-0.874
-1.1840599e-005,-0.874
-1.1840349e-005,-0.874
-1.1840099e-005,-0.875667
-1.1839849e-005,-0.874
-1.1839599e-005,-0.874
-1.1839349e-005,-0.874
-1.1839099e-005,-0.875667
-1.1838849e-005,-0.874
-1.1838599e-005,-0.874
-1.1838349e-005,-0.875667
-1.1838099e-005,-0.875667
-1.1837849e-005,-0.874
-1.1837599e-005,-0.874
-1.1837349e-005,-0.875667
-1.1837099e-005,-0.875667
-1.1836849e-005,-0.874
-1.1836599e-005,-0.874
-1.1836349e-005,-0.875667
-1.1836099e-005,-0.875667
-1.1835849e-005,-0.874
-1.1835599e-005,-0.874
-1.1835349e-005,-0.875667
-1.1835099e-005,-0.875667
-1.1834849e-005,-0.874
-1.1834599e-005,-0.874
-1.1834349e-005,-0.875667
-1.1834099e-005,-0.875667
-1.1833849e-005,-0.874
-1.1833599e-005,-0.874
-1.1833349e-005,-0.875667
-1.1833099e-005,-0.875667
-1.1832849e-005,-0.874
-1.1832599e-005,-0.874
-1.1832349e-005,-0.875667
-1.1832099e-005,-0.875667
-1.1831849e-005,-0.874
-1.1831599e-005,-0.874
-1.1831349e-005,-0.874
-1.1831099e-005,-0.875667
-1.1830849e-005,-0.874
-1.1830599e-005,-0.874
-1.1830349e-005,-0.874
-1.1830099e-005,-0.875667
-1.1829849e-005,-0.874
-1.1829599e-005,-0.874
-1.1829349e-005,-0.874
-1.1829099e-005,-0.875667
-1.1828849e-005,-0.874
-1.1828599e-005,-0.874
-1.1828349e-005,-0.874
-1.1828099e-005,-0.875667
-1.1827849e-005,-0.874
-1.1827599e-005,-0.874
-1.1827349e-005,-0.875667
-1.1827099e-005,-0.875667
-1.1826849e-005,-0.874
-1.1826599e-005,-0.874
-1.1826349e-005,-0.874
-1.1826099e-005,-0.875667
-1.1825849e-005,-0.874
-1.1825599e-005,-0.874
-1.1825349e-005,-0.874
-1.1825099e-005,-0.875667
-1.1824849e-005,-0.874
-1.1824599e-005,-0.874
-1.1824349e-005,-0.875667
-1.1824099e-005,-0.875667
-1.1823849e-005,-0.874
-1.1823599e-005,-0.874
-1.1823349e-005,-0.875667
-1.1823099e-005,-0.875667
-1.1822849e-005,-0.874
-1.1822599e-005,-0.874
-1.1822349e-005,-0.875667
-1.1822099e-005,-0.875667
-1.1821849e-005,-0.874
-1.1821599e-005,-0.874
-1.1821349e-005,-0.875667
-1.1821099e-005,-0.875667
-1.1820849e-005,-0.874
-1.1820599e-005,-0.874
-1.1820349e-005,-0.875667
-1.1820099e-005,-0.875667
-1.1819849e-005,-0.874
-1.1819599e-005,-0.874
-1.1819349e-005,-0.875667
-1.1819099e-005,-0.875667
-1.1818849e-005,-0.874
-1.1818599e-005,-0.874
-1.1818349e-005,-0.875667
-1.1818099e-005,-0.874
-1.1817849e-005,-0.874
-1.1817599e-005,-0.874
-1.1817349e-005,-0.875667
-1.1817099e-005,-0.875667
-1.1816849e-005,-0.874
-1.1816599e-005,-0.874
-1.1816349e-005,-0.875667
-1.1816099e-005,-0.875667
-1.1815849e-005,-0.874
-1.1815599e-005,-0.874
-1.1815349e-005,-0.875667
-1.1815099e-005,-0.875667
-1.1814849e-005,-0.874
-1.1814599e-005,-0.874
-1.1814349e-005,-0.875667
-1.1814099e-005,-0.875667
-1.1813849e-005,-0.874
-1.1813599e-005,-0.874
-1.1813349e-005,-0.875667
-1.1813099e-005,-0.874
-1.1812849e-005,-0.874
-1.1812599e-005,-0.874
-1.1812349e-005,-0.875667
-1.1812099e-005,-0.875667
-1.1811849e-005,-0.874
-1.1811599e-005,-0.874
-1.1811349e-005,-0.875667
-1.1811099e-005,-0.875667
-1.1810849e-005,-0.874
-1.1810599e-005,-0.874
-1.1810349e-005,-0.875667
-1.1810099e-005,-0.875667
-1.1809849e-005,-0.874
-1.1809599e-005,-0.874
-1.1809349e-005,-0.875667
-1.1809099e-005,-0.875667
-1.1808849e-005,-0.874
-1.1808599e-005,-0.874
-1.1808349e-005,-0.875667
-1.1808099e-005,-0.875667
-1.1807849e-005,-0.874
-1.1807599e-005,-0.874
-1.1807349e-005,-0.875667
-1.1807099e-005,-0.875667
-1.1806849e-005,-0.874
-1.1806599e-005,-0.874
-1.1806349e-005,-0.875667
-1.1806099e-005,-0.875667
-1.1805849e-005,-0.874
-1.1805599e-005,-0.874
-1.1805349e-005,-0.875667
-1.1805099e-005,-0.875667
-1.1804849e-005,-0.874
-1.1804599e-005,-0.874
-1.1804349e-005,-0.875667
-1.1804099e-005,-0.875667
-1.1803849e-005,-0.874
-1.1803599e-005,-0.874
-1.1803349e-005,-0.875667
-1.1803099e-005,-0.875667
-1.1802849e-005,-0.874
-1.1802599e-005,-0.874
-1.1802349e-005,-0.875667
-1.1802099e-005,-0.875667
-1.1801849e-005,-0.874
-1.1801599e-005,-0.874
-1.1801349e-005,-0.875667
-1.1801099e-005,-0.875667
-1.1800849e-005,-0.874
-1.1800599e-005,-0.874
-1.1800349e-005,-0.875667
-1.1800099e-005,-0.875667
-1.1799849e-005,-0.874
-1.1799599e-005,-0.874
-1.1799349e-005,-0.875667
-1.1799099e-005,-0.875667
-1.1798849e-005,-0.874
-1.1798599e-005,-0.874
-1.1798349e-005,-0.875667
-1.1798099e-005,-0.875667
-1.1797849e-005,-0.874
-1.1797599e-005,-0.874
-1.1797349e-005,-0.875667
-1.1797099e-005,-0.875667
-1.1796849e-005,-0.874
-1.1796599e-005,-0.874
-1.1796349e-005,-0.875667
-1.1796099e-005,-0.875667
-1.1795849e-005,-0.874
-1.1795599e-005,-0.874
-1.1795349e-005,-0.875667
-1.1795099e-005,-0.875667
-1.1794849e-005,-0.874
-1.1794599e-005,-0.874
-1.1794349e-005,-0.875667
-1.1794099e-005,-0.875667
-1.1793849e-005,-0.874
-1.1793599e-005,-0.874
-1.1793349e-005,-0.875667
-1.1793099e-005,-0.875667
-1.1792849e-005,-0.874
-1.1792599e-005,-0.874
-1.1792349e-005,-0.875667
-1.1792099e-005,-0.875667
-1.1791849e-005,-0.874
-1.1791599e-005,-0.874
-1.1791349e-005,-0.875667
-1.1791099e-005,-0.875667
-1.1790849e-005,-0.874
-1.1790599e-005,-0.874
-1.1790349e-005,-0.874
-1.1790099e-005,-0.875667
-1.1789849e-005,-0.874
-1.1789599e-005,-0.874
-1.1789349e-005,-0.874
-1.1789099e-005,-0.875667
-1.1788849e-005,-0.874
-1.1788599e-005,-0.874
-1.1788349e-005,-0.874
-1.1788099e-005,-0.875667
-1.1787849e-005,-0.874
-1.1787599e-005,-0.874
-1.1787349e-005,-0.874
-1.1787099e-005,-0.875667
-1.1786849e-005,-0.874
-1.1786599e-005,-0.874
-1.1786349e-005,-0.874
-1.1786099e-005,-0.875667
-1.1785849e-005,-0.874
-1.1785599e-005,-0.874
-1.1785349e-005,-0.874
-1.1785099e-005,-0.875667
-1.1784849e-005,-0.874
-1.1784599e-005,-0.874
-1.1784349e-005,-0.874
-1.1784099e-005,-0.875667
-1.1783849e-005,-0.874
-1.1783599e-005,-0.874
-1.1783349e-005,-0.874
-1.1783099e-005,-0.875667
-1.1782849e-005,-0.874
-1.1782599e-005,-0.874
-1.1782349e-005,-0.874
-1.1782099e-005,-0.875667
-1.1781849e-005,-0.874
-1.1781599e-005,-0.874
-1.1781349e-005,-0.874
-1.1781099e-005,-0.875667
-1.1780849e-005,-0.874
-1.1780599e-005,-0.874
-1.1780349e-005,-0.874
-1.1780099e-005,-0.875667
-1.1779849e-005,-0.874
-1.1779599e-005,-0.874
-1.1779349e-005,-0.874
-1.1779099e-005,-0.875667
-1.1778849e-005,-0.874
-1.1778599e-005,-0.874
-1.1778349e-005,-0.875667
-1.1778099e-005,-0.875667
-1.1777849e-005,-0.874
-1.1777599e-005,-0.874
-1.1777349e-005,-0.875667
-1.1777099e-005,-0.875667
-1.1776849e-005,-0.874
-1.1776599e-005,-0.874
-1.1776349e-005,-0.875667
-1.1776099e-005,-0.875667
-1.1775849e-005,-0.874
-1.1775599e-005,-0.874
-1.1775349e-005,-0.875667
-1.1775099e-005,-0.875667
-1.1774849e-005,-0.874
-1.1774599e-005,-0.874
-1.1774349e-005,-0.875667
-1.1774099e-005,-0.875667
-1.1773849e-005,-0.874
-1.1773599e-005,-0.874
-1.1773349e-005,-0.875667
-1.1773099e-005,-0.875667
-1.1772849e-005,-0.874
-1.1772599e-005,-0.874
-1.1772349e-005,-0.875667
-1.1772099e-005,-0.875667
-1.1771849e-005,-0.874
-1.1771599e-005,-0.874
-1.1771349e-005,-0.875667
-1.1771099e-005,-0.875667
-1.1770849e-005,-0.874
-1.1770599e-005,-0.874
-1.1770349e-005,-0.875667
-1.1770099e-005,-0.875667
-1.1769849e-005,-0.874
-1.1769599e-005,-0.874
-1.1769349e-005,-0.875667
-1.1769099e-005,-0.875667
-1.1768849e-005,-0.874
-1.1768599e-005,-0.874
-1.1768349e-005,-0.875667
-1.1768099e-005,-0.875667
-1.1767849e-005,-0.875667
-1.1767599e-005,-0.874
-1.1767349e-005,-0.875667
-1.1767099e-005,-0.875667
-1.1766849e-005,-0.875667
-1.1766599e-005,-0.874
-1.1766349e-005,-0.874
-1.1766099e-005,-0.875667
-1.1765849e-005,-0.874
-1.1765599e-005,-0.874
-1.1765349e-005,-0.874
-1.1765099e-005,-0.875667
-1.1764849e-005,-0.874
-1.1764599e-005,-0.874
-1.1764349e-005,-0.875667
-1.1764099e-005,-0.875667
-1.1763849e-005,-0.874
-1.1763599e-005,-0.874
-1.1763349e-005,-0.875667
-1.1763099e-005,-0.875667
-1.1762849e-005,-0.874
-1.1762599e-005,-0.874
-1.1762349e-005,-0.875667
-1.1762099e-005,-0.875667
-1.1761849e-005,-0.874
-1.1761599e-005,-0.874
-1.1761349e-005,-0.875667
-1.1761099e-005,-0.875667
-1.1760849e-005,-0.874
-1.1760599e-005,-0.874
-1.1760349e-005,-0.875667
-1.1760099e-005,-0.875667
-1.1759849e-005,-0.875667
-1.1759599e-005,-0.874
-1.1759349e-005,-0.875667
-1.1759099e-005,-0.875667
-1.1758849e-005,-0.875667
-1.1758599e-005,-0.874
-1.1758349e-005,-0.875667
-1.1758099e-005,-0.875667
-1.1757849e-005,-0.875667
-1.1757599e-005,-0.874
-1.1757349e-005,-0.875667
-1.1757099e-005,-0.875667
-1.1756849e-005,-0.875667
-1.1756599e-005,-0.874
-1.1756349e-005,-0.875667
-1.1756099e-005,-0.875667
-1.1755849e-005,-0.875667
-1.1755599e-005,-0.874
-1.1755349e-005,-0.875667
-1.1755099e-005,-0.875667
-1.1754849e-005,-0.875667
-1.1754599e-005,-0.874
-1.1754349e-005,-0.875667
-1.1754099e-005,-0.875667
-1.1753849e-005,-0.874
-1.1753599e-005,-0.874
-1.1753349e-005,-0.875667
-1.1753099e-005,-0.875667
-1.1752849e-005,-0.874
-1.1752599e-005,-0.874
-1.1752349e-005,-0.875667
-1.1752099e-005,-0.875667
-1.1751849e-005,-0.874
-1.1751599e-005,-0.874
-1.1751349e-005,-0.875667
-1.1751099e-005,-0.875667
-1.1750849e-005,-0.874
-1.1750599e-005,-0.874
-1.1750349e-005,-0.875667
-1.1750099e-005,-0.875667
-1.1749849e-005,-0.874
-1.1749599e-005,-0.874
-1.1749349e-005,-0.875667
-1.1749099e-005,-0.875667
-1.1748849e-005,-0.874
-1.1748599e-005,-0.874
-1.1748349e-005,-0.874
-1.1748099e-005,-0.875667
-1.1747849e-005,-0.874
-1.1747599e-005,-0.874
-1.1747349e-005,-0.875667
-1.1747099e-005,-0.875667
-1.1746849e-005,-0.874
-1.1746599e-005,-0.874
-1.1746349e-005,-0.875667
-1.1746099e-005,-0.875667
-1.1745849e-005,-0.874
-1.1745599e-005,-0.874
-1.1745349e-005,-0.875667
-1.1745099e-005,-0.875667
-1.1744849e-005,-0.874
-1.1744599e-005,-0.874
-1.1744349e-005,-0.875667
-1.1744099e-005,-0.875667
-1.1743849e-005,-0.874
-1.1743599e-005,-0.874
-1.1743349e-005,-0.874
-1.1743099e-005,-0.875667
-1.1742849e-005,-0.874
-1.1742599e-005,-0.874
-1.1742349e-005,-0.874
-1.1742099e-005,-0.875667
-1.1741849e-005,-0.874
-1.1741599e-005,-0.874
-1.1741349e-005,-0.875667
-1.1741099e-005,-0.875667
-1.1740849e-005,-0.875667
-1.1740599e-005,-0.874
-1.1740349e-005,-0.875667
-1.1740099e-005,-0.875667
-1.1739849e-005,-0.875667
-1.1739599e-005,-0.874
-1.1739349e-005,-0.874
-1.1739099e-005,-0.875667
-1.1738849e-005,-0.874
-1.1738599e-005,-0.874
-1.1738349e-005,-0.874
-1.1738099e-005,-0.875667
-1.1737849e-005,-0.874
-1.1737599e-005,-0.874
-1.1737349e-005,-0.874
-1.1737099e-005,-0.875667
-1.1736849e-005,-0.874
-1.1736599e-005,-0.874
-1.1736349e-005,-0.874
-1.1736099e-005,-0.875667
-1.1735849e-005,-0.874
-1.1735599e-005,-0.874
-1.1735349e-005,-0.874
-1.1735099e-005,-0.875667
-1.1734849e-005,-0.874
-1.1734599e-005,-0.874
-1.1734349e-005,-0.875667
-1.1734099e-005,-0.875667
-1.1733849e-005,-0.874
-1.1733599e-005,-0.874
-1.1733349e-005,-0.874
-1.1733099e-005,-0.875667
-1.1732849e-005,-0.875667
-1.1732599e-005,-0.874
-1.1732349e-005,-0.874
-1.1732099e-005,-0.875667
-1.1731849e-005,-0.875667
-1.1731599e-005,-0.874
-1.1731349e-005,-0.874
-1.1731099e-005,-0.875667
-1.1730849e-005,-0.875667
-1.1730599e-005,-0.874
-1.1730349e-005,-0.874
-1.1730099e-005,-0.875667
-1.1729849e-005,-0.875667
-1.1729599e-005,-0.874
-1.1729349e-005,-0.874
-1.1729099e-005,-0.875667
-1.1728849e-005,-0.875667
-1.1728599e-005,-0.874
-1.1728349e-005,-0.875667
-1.1728099e-005,-0.875667
-1.1727849e-005,-0.875667
-1.1727599e-005,-0.874
-1.1727349e-005,-0.875667
-1.1727099e-005,-0.875667
-1.1726849e-005,-0.875667
-1.1726599e-005,-0.874
-1.1726349e-005,-0.875667
-1.1726099e-005,-0.875667
-1.1725849e-005,-0.875667
-1.1725599e-005,-0.874
-1.1725349e-005,-0.875667
-1.1725099e-005,-0.875667
-1.1724849e-005,-0.874
-1.1724599e-005,-0.874
-1.1724349e-005,-0.875667
-1.1724099e-005,-0.875667
-1.1723849e-005,-0.874
-1.1723599e-005,-0.874
-1.1723349e-005,-0.875667
-1.1723099e-005,-0.875667
-1.1722849e-005,-0.874
-1.1722599e-005,-0.874
-1.1722349e-005,-0.875667
-1.1722099e-005,-0.875667
-1.1721849e-005,-0.874
-1.1721599e-005,-0.874
-1.1721349e-005,-0.875667
-1.1721099e-005,-0.875667
-1.1720849e-005,-0.874
-1.1720599e-005,-0.874
-1.1720349e-005,-0.875667
-1.1720099e-005,-0.875667
-1.1719849e-005,-0.874
-1.1719599e-005,-0.874
-1.1719349e-005,-0.875667
-1.1719099e-005,-0.875667
-1.1718849e-005,-0.874
-1.1718599e-005,-0.874
-1.1718349e-005,-0.874
-1.1718099e-005,-0.875667
-1.1717849e-005,-0.874
-1.1717599e-005,-0.874
-1.1717349e-005,-0.874
-1.1717099e-005,-0.875667
-1.1716849e-005,-0.874
-1.1716599e-005,-0.874
-1.1716349e-005,-0.874
-1.1716099e-005,-0.875667
-1.1715849e-005,-0.874
-1.1715599e-005,-0.874
-1.1715349e-005,-0.874
-1.1715099e-005,-0.875667
-1.1714849e-005,-0.874
-1.1714599e-005,-0.874
-1.1714349e-005,-0.875667
-1.1714099e-005,-0.875667
-1.1713849e-005,-0.874
-1.1713599e-005,-0.874
-1.1713349e-005,-0.875667
-1.1713099e-005,-0.875667
-1.1712849e-005,-0.874
-1.1712599e-005,-0.874
-1.1712349e-005,-0.875667
-1.1712099e-005,-0.875667
-1.1711849e-005,-0.874
-1.1711599e-005,-0.874
-1.1711349e-005,-0.875667
-1.1711099e-005,-0.875667
-1.1710849e-005,-0.874
-1.1710599e-005,-0.874
-1.1710349e-005,-0.875667
-1.1710099e-005,-0.875667
-1.1709849e-005,-0.874
-1.1709599e-005,-0.874
-1.1709349e-005,-0.875667
-1.1709099e-005,-0.875667
-1.1708849e-005,-0.874
-1.1708599e-005,-0.874
-1.1708349e-005,-0.874
-1.1708099e-005,-0.874
-1.1707849e-005,-0.874
-1.1707599e-005,-0.874
-1.1707349e-005,-0.875667
-1.1707099e-005,-0.875667
-1.1706849e-005,-0.874
-1.1706599e-005,-0.874
-1.1706349e-005,-0.875667
-1.1706099e-005,-0.875667
-1.1705849e-005,-0.874
-1.1705599e-005,-0.874
-1.1705349e-005,-0.875667
-1.1705099e-005,-0.875667
-1.1704849e-005,-0.874
-1.1704599e-005,-0.874
-1.1704349e-005,-0.875667
-1.1704099e-005,-0.875667
-1.1703849e-005,-0.874
-1.1703599e-005,-0.874
-1.1703349e-005,-0.875667
-1.1703099e-005,-0.875667
-1.1702849e-005,-0.874
-1.1702599e-005,-0.874
-1.1702349e-005,-0.875667
-1.1702099e-005,-0.875667
-1.1701849e-005,-0.874
-1.1701599e-005,-0.874
-1.1701349e-005,-0.875667
-1.1701099e-005,-0.875667
-1.1700849e-005,-0.874
-1.1700599e-005,-0.874
-1.1700349e-005,-0.875667
-1.1700099e-005,-0.875667
-1.1699849e-005,-0.874
-1.1699599e-005,-0.874
-1.1699349e-005,-0.874
-1.1699099e-005,-0.875667
-1.1698849e-005,-0.874
-1.1698599e-005,-0.874
-1.1698349e-005,-0.874
-1.1698099e-005,-0.875667
-1.1697849e-005,-0.874
-1.1697599e-005,-0.874
-1.1697349e-005,-0.874
-1.1697099e-005,-0.875667
-1.1696849e-005,-0.874
-1.1696599e-005,-0.874
-1.1696349e-005,-0.874
-1.1696099e-005,-0.874
-1.1695849e-005,-0.874
-1.1695599e-005,-0.874
-1.1695349e-005,-0.874
-1.1695099e-005,-0.874
-1.1694849e-005,-0.874
-1.1694599e-005,-0.874
-1.1694349e-005,-0.874
-1.1694099e-005,-0.874
-1.1693849e-005,-0.874
-1.1693599e-005,-0.874
-1.1693349e-005,-0.874
-1.1693099e-005,-0.874
-1.1692849e-005,-0.874
-1.1692599e-005,-0.874
-1.1692349e-005,-0.874
-1.1692099e-005,-0.875667
-1.1691849e-005,-0.874
-1.1691599e-005,-0.874
-1.1691349e-005,-0.874
-1.1691099e-005,-0.875667
-1.1690849e-005,-0.874
-1.1690599e-005,-0.874
-1.1690349e-005,-0.874
-1.1690099e-005,-0.875667
-1.1689849e-005,-0.874
-1.1689599e-005,-0.874
-1.1689349e-005,-0.874
-1.1689099e-005,-0.875667
-1.1688849e-005,-0.874
-1.1688599e-005,-0.874
-1.1688349e-005,-0.875667
-1.1688099e-005,-0.875667
-1.1687849e-005,-0.874
-1.1687599e-005,-0.874
-1.1687349e-005,-0.875667
-1.1687099e-005,-0.875667
-1.1686849e-005,-0.874
-1.1686599e-005,-0.874
-1.1686349e-005,-0.874
-1.1686099e-005,-0.875667
-1.1685849e-005,-0.874
-1.1685599e-005,-0.874
-1.1685349e-005,-0.874
-1.1685099e-005,-0.875667
-1.1684849e-005,-0.874
-1.1684599e-005,-0.874
-1.1684349e-005,-0.874
-1.1684099e-005,-0.875667
-1.1683849e-005,-0.874
-1.1683599e-005,-0.874
-1.1683349e-005,-0.874
-1.1683099e-005,-0.875667
-1.1682849e-005,-0.872333
-1.1682599e-005,-0.874
-1.1682349e-005,-0.874
-1.1682099e-005,-0.875667
-1.1681849e-005,-0.874
-1.1681599e-005,-0.874
-1.1681349e-005,-0.874
-1.1681099e-005,-0.875667
-1.1680849e-005,-0.874
-1.1680599e-005,-0.874
-1.1680349e-005,-0.874
-1.1680099e-005,-0.875667
-1.1679849e-005,-0.874
-1.1679599e-005,-0.874
-1.1679349e-005,-0.874
-1.1679099e-005,-0.875667
-1.1678849e-005,-0.874
-1.1678599e-005,-0.874
-1.1678349e-005,-0.875667
-1.1678099e-005,-0.875667
-1.1677849e-005,-0.874
-1.1677599e-005,-0.874
-1.1677349e-005,-0.875667
-1.1677099e-005,-0.875667
-1.1676849e-005,-0.874
-1.1676599e-005,-0.874
-1.1676349e-005,-0.875667
-1.1676099e-005,-0.875667
-1.1675849e-005,-0.874
-1.1675599e-005,-0.874
-1.1675349e-005,-0.875667
-1.1675099e-005,-0.875667
-1.1674849e-005,-0.874
-1.1674599e-005,-0.874
-1.1674349e-005,-0.875667
-1.1674099e-005,-0.875667
-1.1673849e-005,-0.874
-1.1673599e-005,-0.874
-1.1673349e-005,-0.875667
-1.1673099e-005,-0.875667
-1.1672849e-005,-0.874
-1.1672599e-005,-0.874
-1.1672349e-005,-0.875667
-1.1672099e-005,-0.875667
-1.1671849e-005,-0.874
-1.1671599e-005,-0.874
-1.1671349e-005,-0.875667
-1.1671099e-005,-0.875667
-1.1670849e-005,-0.874
-1.1670599e-005,-0.874
-1.1670349e-005,-0.875667
-1.1670099e-005,-0.875667
-1.1669849e-005,-0.874
-1.1669599e-005,-0.874
-1.1669349e-005,-0.875667
-1.1669099e-005,-0.875667
-1.1668849e-005,-0.874
-1.1668599e-005,-0.874
-1.1668349e-005,-0.875667
-1.1668099e-005,-0.875667
-1.1667849e-005,-0.874
-1.1667599e-005,-0.874
-1.1667349e-005,-0.875667
-1.1667099e-005,-0.875667
-1.1666849e-005,-0.874
-1.1666599e-005,-0.874
-1.1666349e-005,-0.875667
-1.1666099e-005,-0.875667
-1.1665849e-005,-0.874
-1.1665599e-005,-0.874
-1.1665349e-005,-0.875667
-1.1665099e-005,-0.875667
-1.1664849e-005,-0.874
-1.1664599e-005,-0.874
-1.1664349e-005,-0.874
-1.1664099e-005,-0.874
-1.1663849e-005,-0.874
-1.1663599e-005,-0.874
-1.1663349e-005,-0.874
-1.1663099e-005,-0.875667
-1.1662849e-005,-0.874
-1.1662599e-005,-0.874
-1.1662349e-005,-0.875667
-1.1662099e-005,-0.875667
-1.1661849e-005,-0.874
-1.1661599e-005,-0.874
-1.1661349e-005,-0.875667
-1.1661099e-005,-0.875667
-1.1660849e-005,-0.874
-1.1660599e-005,-0.874
-1.1660349e-005,-0.875667
-1.1660099e-005,-0.875667
-1.1659849e-005,-0.874
-1.1659599e-005,-0.874
-1.1659349e-005,-0.875667
-1.1659099e-005,-0.875667
-1.1658849e-005,-0.874
-1.1658599e-005,-0.874
-1.1658349e-005,-0.875667
-1.1658099e-005,-0.875667
-1.1657849e-005,-0.874
-1.1657599e-005,-0.874
-1.1657349e-005,-0.875667
-1.1657099e-005,-0.875667
-1.1656849e-005,-0.874
-1.1656599e-005,-0.874
-1.1656349e-005,-0.875667
-1.1656099e-005,-0.875667
-1.1655849e-005,-0.874
-1.1655599e-005,-0.874
-1.1655349e-005,-0.875667
-1.1655099e-005,-0.875667
-1.1654849e-005,-0.874
-1.1654599e-005,-0.874
-1.1654349e-005,-0.875667
-1.1654099e-005,-0.875667
-1.1653849e-005,-0.874
-1.1653599e-005,-0.874
-1.1653349e-005,-0.875667
-1.1653099e-005,-0.875667
-1.1652849e-005,-0.874
-1.1652599e-005,-0.874
-1.1652349e-005,-0.875667
-1.1652099e-005,-0.875667
-1.1651849e-005,-0.874
-1.1651599e-005,-0.874
-1.1651349e-005,-0.875667
-1.1651099e-005,-0.875667
-1.1650849e-005,-0.874
-1.1650599e-005,-0.874
-1.1650349e-005,-0.875667
-1.1650099e-005,-0.875667
-1.1649849e-005,-0.874
-1.1649599e-005,-0.874
-1.1649349e-005,-0.874
-1.1649099e-005,-0.875667
-1.1648849e-005,-0.874
-1.1648599e-005,-0.874
-1.1648349e-005,-0.874
-1.1648099e-005,-0.874
-1.1647849e-005,-0.874
-1.1647599e-005,-0.874
-1.1647349e-005,-0.874
-1.1647099e-005,-0.874
-1.1646849e-005,-0.874
-1.1646599e-005,-0.874
-1.1646349e-005,-0.874
-1.1646099e-005,-0.874
-1.1645849e-005,-0.874
-1.1645599e-005,-0.874
-1.1645349e-005,-0.874
-1.1645099e-005,-0.874
-1.1644849e-005,-0.874
-1.1644599e-005,-0.874
-1.1644349e-005,-0.874
-1.1644099e-005,-0.875667
-1.1643849e-005,-0.874
-1.1643599e-005,-0.874
-1.1643349e-005,-0.875667
-1.1643099e-005,-0.875667
-1.1642849e-005,-0.874
-1.1642599e-005,-0.874
-1.1642349e-005,-0.874
-1.1642099e-005,-0.875667
-1.1641849e-005,-0.874
-1.1641599e-005,-0.874
-1.1641349e-005,-0.874
-1.1641099e-005,-0.875667
-1.1640849e-005,-0.874
-1.1640599e-005,-0.874
-1.1640349e-005,-0.875667
-1.1640099e-005,-0.875667
-1.1639849e-005,-0.874
-1.1639599e-005,-0.874
-1.1639349e-005,-0.875667
-1.1639099e-005,-0.875667
-1.1638849e-005,-0.874
-1.1638599e-005,-0.874
-1.1638349e-005,-0.875667
-1.1638099e-005,-0.875667
-1.1637849e-005,-0.874
-1.1637599e-005,-0.874
-1.1637349e-005,-0.875667
-1.1637099e-005,-0.875667
-1.1636849e-005,-0.874
-1.1636599e-005,-0.874
-1.1636349e-005,-0.875667
-1.1636099e-005,-0.875667
-1.1635849e-005,-0.874
-1.1635599e-005,-0.874
-1.1635349e-005,-0.875667
-1.1635099e-005,-0.875667
-1.1634849e-005,-0.874
-1.1634599e-005,-0.874
-1.1634349e-005,-0.875667
-1.1634099e-005,-0.875667
-1.1633849e-005,-0.874
-1.1633599e-005,-0.874
-1.1633349e-005,-0.875667
-1.1633099e-005,-0.875667
-1.1632849e-005,-0.874
-1.1632599e-005,-0.874
-1.1632349e-005,-0.875667
-1.1632099e-005,-0.875667
-1.1631849e-005,-0.874
-1.1631599e-005,-0.874
-1.1631349e-005,-0.875667
-1.1631099e-005,-0.875667
-1.1630849e-005,-0.874
-1.1630599e-005,-0.874
-1.1630349e-005,-0.875667
-1.1630099e-005,-0.875667
-1.1629849e-005,-0.874
-1.1629599e-005,-0.874
-1.1629349e-005,-0.874
-1.1629099e-005,-0.875667
-1.1628849e-005,-0.874
-1.1628599e-005,-0.874
-1.1628349e-005,-0.875667
-1.1628099e-005,-0.875667
-1.1627849e-005,-0.874
-1.1627599e-005,-0.874
-1.1627349e-005,-0.875667
-1.1627099e-005,-0.875667
-1.1626849e-005,-0.874
-1.1626599e-005,-0.874
-1.1626349e-005,-0.875667
-1.1626099e-005,-0.875667
-1.1625849e-005,-0.874
-1.1625599e-005,-0.874
-1.1625349e-005,-0.875667
-1.1625099e-005,-0.875667
-1.1624849e-005,-0.874
-1.1624599e-005,-0.874
-1.1624349e-005,-0.875667
-1.1624099e-005,-0.875667
-1.1623849e-005,-0.874
-1.1623599e-005,-0.874
-1.1623349e-005,-0.875667
-1.1623099e-005,-0.875667
-1.1622849e-005,-0.874
-1.1622599e-005,-0.874
-1.1622349e-005,-0.875667
-1.1622099e-005,-0.875667
-1.1621849e-005,-0.874
-1.1621599e-005,-0.874
-1.1621349e-005,-0.874
-1.1621099e-005,-0.875667
-1.1620849e-005,-0.874
-1.1620599e-005,-0.874
-1.1620349e-005,-0.874
-1.1620099e-005,-0.875667
-1.1619849e-005,-0.874
-1.1619599e-005,-0.874
-1.1619349e-005,-0.874
-1.1619099e-005,-0.875667
-1.1618849e-005,-0.874
-1.1618599e-005,-0.874
-1.1618349e-005,-0.874
-1.1618099e-005,-0.875667
-1.1617849e-005,-0.874
-1.1617599e-005,-0.874
-1.1617349e-005,-0.874
-1.1617099e-005,-0.875667
-1.1616849e-005,-0.874
-1.1616599e-005,-0.874
-1.1616349e-005,-0.874
-1.1616099e-005,-0.875667
-1.1615849e-005,-0.874
-1.1615599e-005,-0.874
-1.1615349e-005,-0.874
-1.1615099e-005,-0.875667
-1.1614849e-005,-0.874
-1.1614599e-005,-0.874
-1.1614349e-005,-0.874
-1.1614099e-005,-0.875667
-1.1613849e-005,-0.874
-1.1613599e-005,-0.874
-1.1613349e-005,-0.874
-1.1613099e-005,-0.875667
-1.1612849e-005,-0.874
-1.1612599e-005,-0.874
-1.1612349e-005,-0.874
-1.1612099e-005,-0.875667
-1.1611849e-005,-0.874
-1.1611599e-005,-0.874
-1.1611349e-005,-0.874
-1.1611099e-005,-0.875667
-1.1610849e-005,-0.874
-1.1610599e-005,-0.874
-1.1610349e-005,-0.874
-1.1610099e-005,-0.875667
-1.1609849e-005,-0.874
-1.1609599e-005,-0.874
-1.1609349e-005,-0.874
-1.1609099e-005,-0.875667
-1.1608849e-005,-0.874
-1.1608599e-005,-0.874
-1.1608349e-005,-0.874
-1.1608099e-005,-0.875667
-1.1607849e-005,-0.874
-1.1607599e-005,-0.874
-1.1607349e-005,-0.874
-1.1607099e-005,-0.875667
-1.1606849e-005,-0.874
-1.1606599e-005,-0.874
-1.1606349e-005,-0.874
-1.1606099e-005,-0.875667
-1.1605849e-005,-0.874
-1.1605599e-005,-0.874
-1.1605349e-005,-0.874
-1.1605099e-005,-0.875667
-1.1604849e-005,-0.874
-1.1604599e-005,-0.874
-1.1604349e-005,-0.874
-1.1604099e-005,-0.875667
-1.1603849e-005,-0.874
-1.1603599e-005,-0.874
-1.1603349e-005,-0.875667
-1.1603099e-005,-0.875667
-1.1602849e-005,-0.874
-1.1602599e-005,-0.874
-1.1602349e-005,-0.875667
-1.1602099e-005,-0.875667
-1.1601849e-005,-0.874
-1.1601599e-005,-0.874
-1.1601349e-005,-0.875667
-1.1601099e-005,-0.875667
-1.1600849e-005,-0.874
-1.1600599e-005,-0.874
-1.1600349e-005,-0.875667
-1.1600099e-005,-0.875667
-1.1599849e-005,-0.874
-1.1599599e-005,-0.874
-1.1599349e-005,-0.875667
-1.1599099e-005,-0.874
-1.1598849e-005,-0.874
-1.1598599e-005,-0.874
-1.1598349e-005,-0.874
-1.1598099e-005,-0.874
-1.1597849e-005,-0.874
-1.1597599e-005,-0.874
-1.1597349e-005,-0.874
-1.1597099e-005,-0.875667
-1.1596849e-005,-0.874
-1.1596599e-005,-0.874
-1.1596349e-005,-0.875667
-1.1596099e-005,-0.875667
-1.1595849e-005,-0.874
-1.1595599e-005,-0.874
-1.1595349e-005,-0.875667
-1.1595099e-005,-0.875667
-1.1594849e-005,-0.874
-1.1594599e-005,-0.874
-1.1594349e-005,-0.875667
-1.1594099e-005,-0.875667
-1.1593849e-005,-0.874
-1.1593599e-005,-0.874
-1.1593349e-005,-0.875667
-1.1593099e-005,-0.875667
-1.1592849e-005,-0.874
-1.1592599e-005,-0.874
-1.1592349e-005,-0.875667
-1.1592099e-005,-0.875667
-1.1591849e-005,-0.874
-1.1591599e-005,-0.874
-1.1591349e-005,-0.875667
-1.1591099e-005,-0.875667
-1.1590849e-005,-0.874
-1.1590599e-005,-0.874
-1.1590349e-005,-0.875667
-1.1590099e-005,-0.875667
-1.1589849e-005,-0.874
-1.1589599e-005,-0.874
-1.1589349e-005,-0.875667
-1.1589099e-005,-0.875667
-1.1588849e-005,-0.874
-1.1588599e-005,-0.874
-1.1588349e-005,-0.875667
-1.1588099e-005,-0.875667
-1.1587849e-005,-0.874
-1.1587599e-005,-0.874
-1.1587349e-005,-0.875667
-1.1587099e-005,-0.874
-1.1586849e-005,-0.874
-1.1586599e-005,-0.874
-1.1586349e-005,-0.875667
-1.1586099e-005,-0.874
-1.1585849e-005,-0.874
-1.1585599e-005,-0.874
-1.1585349e-005,-0.875667
-1.1585099e-005,-0.875667
-1.1584849e-005,-0.874
-1.1584599e-005,-0.874
-1.1584349e-005,-0.875667
-1.1584099e-005,-0.875667
-1.1583849e-005,-0.874
-1.1583599e-005,-0.874
-1.1583349e-005,-0.875667
-1.1583099e-005,-0.875667
-1.1582849e-005,-0.874
-1.1582599e-005,-0.874
-1.1582349e-005,-0.875667
-1.1582099e-005,-0.875667
-1.1581849e-005,-0.874
-1.1581599e-005,-0.874
-1.1581349e-005,-0.875667
-1.1581099e-005,-0.875667
-1.1580849e-005,-0.875667
-1.1580599e-005,-0.874
-1.1580349e-005,-0.875667
-1.1580099e-005,-0.875667
-1.1579849e-005,-0.874
-1.1579599e-005,-0.874
-1.1579349e-005,-0.875667
-1.1579099e-005,-0.875667
-1.1578849e-005,-0.874
-1.1578599e-005,-0.874
-1.1578349e-005,-0.875667
-1.1578099e-005,-0.875667
-1.1577849e-005,-0.874
-1.1577599e-005,-0.874
-1.1577349e-005,-0.875667
-1.1577099e-005,-0.875667
-1.1576849e-005,-0.874
-1.1576599e-005,-0.874
-1.1576349e-005,-0.875667
-1.1576099e-005,-0.875667
-1.1575849e-005,-0.874
-1.1575599e-005,-0.874
-1.1575349e-005,-0.875667
-1.1575099e-005,-0.875667
-1.1574849e-005,-0.874
-1.1574599e-005,-0.874
-1.1574349e-005,-0.875667
-1.1574099e-005,-0.875667
-1.1573849e-005,-0.874
-1.1573599e-005,-0.874
-1.1573349e-005,-0.875667
-1.1573099e-005,-0.875667
-1.1572849e-005,-0.874
-1.1572599e-005,-0.874
-1.1572349e-005,-0.874
-1.1572099e-005,-0.875667
-1.1571849e-005,-0.874
-1.1571599e-005,-0.874
-1.1571349e-005,-0.874
-1.1571099e-005,-0.875667
-1.1570849e-005,-0.874
-1.1570599e-005,-0.874
-1.1570349e-005,-0.874
-1.1570099e-005,-0.874
-1.1569849e-005,-0.874
-1.1569599e-005,-0.874
-1.1569349e-005,-0.874
-1.1569099e-005,-0.875667
-1.1568849e-005,-0.874
-1.1568599e-005,-0.874
-1.1568349e-005,-0.874
-1.1568099e-005,-0.875667
-1.1567849e-005,-0.874
-1.1567599e-005,-0.874
-1.1567349e-005,-0.874
-1.1567099e-005,-0.875667
-1.1566849e-005,-0.874
-1.1566599e-005,-0.874
-1.1566349e-005,-0.874
-1.1566099e-005,-0.875667
-1.1565849e-005,-0.874
-1.1565599e-005,-0.874
-1.1565349e-005,-0.874
-1.1565099e-005,-0.875667
-1.1564849e-005,-0.874
-1.1564599e-005,-0.874
-1.1564349e-005,-0.874
-1.1564099e-005,-0.875667
-1.1563849e-005,-0.874
-1.1563599e-005,-0.874
-1.1563349e-005,-0.874
-1.1563099e-005,-0.875667
-1.1562849e-005,-0.874
-1.1562599e-005,-0.874
-1.1562349e-005,-0.874
-1.1562099e-005,-0.875667
-1.1561849e-005,-0.874
-1.1561599e-005,-0.874
-1.1561349e-005,-0.875667
-1.1561099e-005,-0.875667
-1.1560849e-005,-0.874
-1.1560599e-005,-0.874
-1.1560349e-005,-0.875667
-1.1560099e-005,-0.875667
-1.1559849e-005,-0.874
-1.1559599e-005,-0.874
-1.1559349e-005,-0.875667
-1.1559099e-005,-0.875667
-1.1558849e-005,-0.874
-1.1558599e-005,-0.874
-1.1558349e-005,-0.874
-1.1558099e-005,-0.875667
-1.1557849e-005,-0.874
-1.1557599e-005,-0.874
-1.1557349e-005,-0.874
-1.1557099e-005,-0.875667
-1.1556849e-005,-0.874
-1.1556599e-005,-0.874
-1.1556349e-005,-0.874
-1.1556099e-005,-0.875667
-1.1555849e-005,-0.874
-1.1555599e-005,-0.874
-1.1555349e-005,-0.875667
-1.1555099e-005,-0.875667
-1.1554849e-005,-0.874
-1.1554599e-005,-0.874
-1.1554349e-005,-0.874
-1.1554099e-005,-0.875667
-1.1553849e-005,-0.874
-1.1553599e-005,-0.874
-1.1553349e-005,-0.874
-1.1553099e-005,-0.875667
-1.1552849e-005,-0.874
-1.1552599e-005,-0.874
-1.1552349e-005,-0.874
-1.1552099e-005,-0.875667
-1.1551849e-005,-0.874
-1.1551599e-005,-0.874
-1.1551349e-005,-0.874
-1.1551099e-005,-0.875667
-1.1550849e-005,-0.874
-1.1550599e-005,-0.874
-1.1550349e-005,-0.874
-1.1550099e-005,-0.875667
-1.1549849e-005,-0.874
-1.1549599e-005,-0.874
-1.1549349e-005,-0.874
-1.1549099e-005,-0.875667
-1.1548849e-005,-0.874
-1.1548599e-005,-0.874
-1.1548349e-005,-0.874
-1.1548099e-005,-0.875667
-1.1547849e-005,-0.874
-1.1547599e-005,-0.874
-1.1547349e-005,-0.874
-1.1547099e-005,-0.875667
-1.1546849e-005,-0.874
-1.1546599e-005,-0.874
-1.1546349e-005,-0.874
-1.1546099e-005,-0.875667
-1.1545849e-005,-0.874
-1.1545599e-005,-0.874
-1.1545349e-005,-0.874
-1.1545099e-005,-0.875667
-1.1544849e-005,-0.874
-1.1544599e-005,-0.874
-1.1544349e-005,-0.874
-1.1544099e-005,-0.875667
-1.1543849e-005,-0.874
-1.1543599e-005,-0.874
-1.1543349e-005,-0.874
-1.1543099e-005,-0.875667
-1.1542849e-005,-0.874
-1.1542599e-005,-0.874
-1.1542349e-005,-0.874
-1.1542099e-005,-0.875667
-1.1541849e-005,-0.874
-1.1541599e-005,-0.874
-1.1541349e-005,-0.874
-1.1541099e-005,-0.875667
-1.1540849e-005,-0.874
-1.1540599e-005,-0.874
-1.1540349e-005,-0.874
-1.1540099e-005,-0.875667
-1.1539849e-005,-0.874
-1.1539599e-005,-0.874
-1.1539349e-005,-0.874
-1.1539099e-005,-0.875667
-1.1538849e-005,-0.874
-1.1538599e-005,-0.874
-1.1538349e-005,-0.874
-1.1538099e-005,-0.875667
-1.1537849e-005,-0.874
-1.1537599e-005,-0.874
-1.1537349e-005,-0.875667
-1.1537099e-005,-0.875667
-1.1536849e-005,-0.874
-1.1536599e-005,-0.874
-1.1536349e-005,-0.875667
-1.1536099e-005,-0.875667
-1.1535849e-005,-0.874
-1.1535599e-005,-0.874
-1.1535349e-005,-0.875667
-1.1535099e-005,-0.875667
-1.1534849e-005,-0.874
-1.1534599e-005,-0.874
-1.1534349e-005,-0.874
-1.1534099e-005,-0.875667
-1.1533849e-005,-0.874
-1.1533599e-005,-0.874
-1.1533349e-005,-0.875667
-1.1533099e-005,-0.875667
-1.1532849e-005,-0.874
-1.1532599e-005,-0.874
-1.1532349e-005,-0.875667
-1.1532099e-005,-0.875667
-1.1531849e-005,-0.874
-1.1531599e-005,-0.874
-1.1531349e-005,-0.875667
-1.1531099e-005,-0.875667
-1.1530849e-005,-0.874
-1.1530599e-005,-0.874
-1.1530349e-005,-0.875667
-1.1530099e-005,-0.875667
-1.1529849e-005,-0.874
-1.1529599e-005,-0.874
-1.1529349e-005,-0.875667
-1.1529099e-005,-0.875667
-1.1528849e-005,-0.874
-1.1528599e-005,-0.874
-1.1528349e-005,-0.875667
-1.1528099e-005,-0.875667
-1.1527849e-005,-0.874
-1.1527599e-005,-0.874
-1.1527349e-005,-0.875667
-1.1527099e-005,-0.875667
-1.1526849e-005,-0.874
-1.1526599e-005,-0.874
-1.1526349e-005,-0.875667
-1.1526099e-005,-0.875667
-1.1525849e-005,-0.874
-1.1525599e-005,-0.874
-1.1525349e-005,-0.875667
-1.1525099e-005,-0.875667
-1.1524849e-005,-0.874
-1.1524599e-005,-0.874
-1.1524349e-005,-0.875667
-1.1524099e-005,-0.875667
-1.1523849e-005,-0.874
-1.1523599e-005,-0.874
-1.1523349e-005,-0.875667
-1.1523099e-005,-0.875667
-1.1522849e-005,-0.874
-1.1522599e-005,-0.874
-1.1522349e-005,-0.875667
-1.1522099e-005,-0.875667
-1.1521849e-005,-0.874
-1.1521599e-005,-0.874
-1.1521349e-005,-0.874
-1.1521099e-005,-0.875667
-1.1520849e-005,-0.874
-1.1520599e-005,-0.874
-1.1520349e-005,-0.874
-1.1520099e-005,-0.875667
-1.1519849e-005,-0.874
-1.1519599e-005,-0.874
-1.1519349e-005,-0.874
-1.1519099e-005,-0.875667
-1.1518849e-005,-0.874
-1.1518599e-005,-0.874
-1.1518349e-005,-0.874
-1.1518099e-005,-0.875667
-1.1517849e-005,-0.874
-1.1517599e-005,-0.874
-1.1517349e-005,-0.874
-1.1517099e-005,-0.875667
-1.1516849e-005,-0.874
-1.1516599e-005,-0.874
-1.1516349e-005,-0.874
-1.1516099e-005,-0.875667
-1.1515849e-005,-0.874
-1.1515599e-005,-0.874
-1.1515349e-005,-0.875667
-1.1515099e-005,-0.875667
-1.1514849e-005,-0.874
-1.1514599e-005,-0.874
-1.1514349e-005,-0.875667
-1.1514099e-005,-0.875667
-1.1513849e-005,-0.874
-1.1513599e-005,-0.874
-1.1513349e-005,-0.874
-1.1513099e-005,-0.875667
-1.1512849e-005,-0.874
-1.1512599e-005,-0.874
-1.1512349e-005,-0.874
-1.1512099e-005,-0.875667
-1.1511849e-005,-0.874
-1.1511599e-005,-0.874
-1.1511349e-005,-0.875667
-1.1511099e-005,-0.875667
-1.1510849e-005,-0.874
-1.1510599e-005,-0.874
-1.1510349e-005,-0.875667
-1.1510099e-005,-0.875667
-1.1509849e-005,-0.874
-1.1509599e-005,-0.874
-1.1509349e-005,-0.875667
-1.1509099e-005,-0.875667
-1.1508849e-005,-0.874
-1.1508599e-005,-0.874
-1.1508349e-005,-0.875667
-1.1508099e-005,-0.875667
-1.1507849e-005,-0.874
-1.1507599e-005,-0.874
-1.1507349e-005,-0.875667
-1.1507099e-005,-0.875667
-1.1506849e-005,-0.874
-1.1506599e-005,-0.874
-1.1506349e-005,-0.875667
-1.1506099e-005,-0.875667
-1.1505849e-005,-0.874
-1.1505599e-005,-0.874
-1.1505349e-005,-0.875667
-1.1505099e-005,-0.875667
-1.1504849e-005,-0.874
-1.1504599e-005,-0.874
-1.1504349e-005,-0.875667
-1.1504099e-005,-0.875667
-1.1503849e-005,-0.874
-1.1503599e-005,-0.874
-1.1503349e-005,-0.875667
-1.1503099e-005,-0.875667
-1.1502849e-005,-0.874
-1.1502599e-005,-0.874
-1.1502349e-005,-0.875667
-1.1502099e-005,-0.875667
-1.1501849e-005,-0.874
-1.1501599e-005,-0.874
-1.1501349e-005,-0.875667
-1.1501099e-005,-0.875667
-1.1500849e-005,-0.874
-1.1500599e-005,-0.874
-1.1500349e-005,-0.874
-1.1500099e-005,-0.875667
-1.1499849e-005,-0.874
-1.1499599e-005,-0.874
-1.1499349e-005,-0.875667
-1.1499099e-005,-0.875667
-1.1498849e-005,-0.874
-1.1498599e-005,-0.874
-1.1498349e-005,-0.875667
-1.1498099e-005,-0.875667
-1.1497849e-005,-0.874
-1.1497599e-005,-0.874
-1.1497349e-005,-0.875667
-1.1497099e-005,-0.875667
-1.1496849e-005,-0.874
-1.1496599e-005,-0.874
-1.1496349e-005,-0.875667
-1.1496099e-005,-0.875667
-1.1495849e-005,-0.874
-1.1495599e-005,-0.874
-1.1495349e-005,-0.875667
-1.1495099e-005,-0.875667
-1.1494849e-005,-0.874
-1.1494599e-005,-0.874
-1.1494349e-005,-0.875667
-1.1494099e-005,-0.875667
-1.1493849e-005,-0.874
-1.1493599e-005,-0.874
-1.1493349e-005,-0.875667
-1.1493099e-005,-0.875667
-1.1492849e-005,-0.874
-1.1492599e-005,-0.874
-1.1492349e-005,-0.875667
-1.1492099e-005,-0.875667
-1.1491849e-005,-0.874
-1.1491599e-005,-0.874
-1.1491349e-005,-0.875667
-1.1491099e-005,-0.875667
-1.1490849e-005,-0.874
-1.1490599e-005,-0.874
-1.1490349e-005,-0.875667
-1.1490099e-005,-0.875667
-1.1489849e-005,-0.874
-1.1489599e-005,-0.874
-1.1489349e-005,-0.875667
-1.1489099e-005,-0.875667
-1.1488849e-005,-0.875667
-1.1488599e-005,-0.874
-1.1488349e-005,-0.875667
-1.1488099e-005,-0.875667
-1.1487849e-005,-0.874
-1.1487599e-005,-0.874
-1.1487349e-005,-0.875667
-1.1487099e-005,-0.875667
-1.1486849e-005,-0.874
-1.1486599e-005,-0.874
-1.1486349e-005,-0.874
-1.1486099e-005,-0.875667
-1.1485849e-005,-0.874
-1.1485599e-005,-0.874
-1.1485349e-005,-0.874
-1.1485099e-005,-0.875667
-1.1484849e-005,-0.874
-1.1484599e-005,-0.874
-1.1484349e-005,-0.875667
-1.1484099e-005,-0.875667
-1.1483849e-005,-0.874
-1.1483599e-005,-0.874
-1.1483349e-005,-0.875667
-1.1483099e-005,-0.875667
-1.1482849e-005,-0.874
-1.1482599e-005,-0.874
-1.1482349e-005,-0.875667
-1.1482099e-005,-0.875667
-1.1481849e-005,-0.874
-1.1481599e-005,-0.874
-1.1481349e-005,-0.875667
-1.1481099e-005,-0.875667
-1.1480849e-005,-0.874
-1.1480599e-005,-0.874
-1.1480349e-005,-0.875667
-1.1480099e-005,-0.875667
-1.1479849e-005,-0.874
-1.1479599e-005,-0.874
-1.1479349e-005,-0.875667
-1.1479099e-005,-0.875667
-1.1478849e-005,-0.874
-1.1478599e-005,-0.874
-1.1478349e-005,-0.875667
-1.1478099e-005,-0.875667
-1.1477849e-005,-0.874
-1.1477599e-005,-0.874
-1.1477349e-005,-0.875667
-1.1477099e-005,-0.875667
-1.1476849e-005,-0.875667
-1.1476599e-005,-0.874
-1.1476349e-005,-0.875667
-1.1476099e-005,-0.875667
-1.1475849e-005,-0.875667
-1.1475599e-005,-0.874
-1.1475349e-005,-0.875667
-1.1475099e-005,-0.875667
-1.1474849e-005,-0.874
-1.1474599e-005,-0.874
-1.1474349e-005,-0.875667
-1.1474099e-005,-0.875667
-1.1473849e-005,-0.874
-1.1473599e-005,-0.874
-1.1473349e-005,-0.875667
-1.1473099e-005,-0.875667
-1.1472849e-005,-0.874
-1.1472599e-005,-0.874
-1.1472349e-005,-0.875667
-1.1472099e-005,-0.875667
-1.1471849e-005,-0.874
-1.1471599e-005,-0.874
-1.1471349e-005,-0.875667
-1.1471099e-005,-0.875667
-1.1470849e-005,-0.874
-1.1470599e-005,-0.874
-1.1470349e-005,-0.875667
-1.1470099e-005,-0.875667
-1.1469849e-005,-0.874
-1.1469599e-005,-0.874
-1.1469349e-005,-0.875667
-1.1469099e-005,-0.875667
-1.1468849e-005,-0.874
-1.1468599e-005,-0.874
-1.1468349e-005,-0.875667
-1.1468099e-005,-0.875667
-1.1467849e-005,-0.874
-1.1467599e-005,-0.874
-1.1467349e-005,-0.875667
-1.1467099e-005,-0.875667
-1.1466849e-005,-0.874
-1.1466599e-005,-0.874
-1.1466349e-005,-0.875667
-1.1466099e-005,-0.875667
-1.1465849e-005,-0.874
-1.1465599e-005,-0.874
-1.1465349e-005,-0.875667
-1.1465099e-005,-0.875667
-1.1464849e-005,-0.874
-1.1464599e-005,-0.874
-1.1464349e-005,-0.875667
-1.1464099e-005,-0.875667
-1.1463849e-005,-0.874
-1.1463599e-005,-0.874
-1.1463349e-005,-0.874
-1.1463099e-005,-0.875667
-1.1462849e-005,-0.874
-1.1462599e-005,-0.874
-1.1462349e-005,-0.875667
-1.1462099e-005,-0.875667
-1.1461849e-005,-0.874
-1.1461599e-005,-0.874
-1.1461349e-005,-0.874
-1.1461099e-005,-0.875667
-1.1460849e-005,-0.874
-1.1460599e-005,-0.874
-1.1460349e-005,-0.874
-1.1460099e-005,-0.875667
-1.1459849e-005,-0.874
-1.1459599e-005,-0.874
-1.1459349e-005,-0.875667
-1.1459099e-005,-0.875667
-1.1458849e-005,-0.874
-1.1458599e-005,-0.874
-1.1458349e-005,-0.875667
-1.1458099e-005,-0.875667
-1.1457849e-005,-0.874
-1.1457599e-005,-0.874
-1.1457349e-005,-0.875667
-1.1457099e-005,-0.875667
-1.1456849e-005,-0.874
-1.1456599e-005,-0.874
-1.1456349e-005,-0.875667
-1.1456099e-005,-0.875667
-1.1455849e-005,-0.874
-1.1455599e-005,-0.874
-1.1455349e-005,-0.875667
-1.1455099e-005,-0.875667
-1.1454849e-005,-0.874
-1.1454599e-005,-0.874
-1.1454349e-005,-0.875667
-1.1454099e-005,-0.875667
-1.1453849e-005,-0.874
-1.1453599e-005,-0.874
-1.1453349e-005,-0.875667
-1.1453099e-005,-0.875667
-1.1452849e-005,-0.874
-1.1452599e-005,-0.874
-1.1452349e-005,-0.874
-1.1452099e-005,-0.875667
-1.1451849e-005,-0.874
-1.1451599e-005,-0.874
-1.1451349e-005,-0.874
-1.1451099e-005,-0.875667
-1.1450849e-005,-0.874
-1.1450599e-005,-0.874
-1.1450349e-005,-0.874
-1.1450099e-005,-0.875667
-1.1449849e-005,-0.874
-1.1449599e-005,-0.874
-1.1449349e-005,-0.874
-1.1449099e-005,-0.875667
-1.1448849e-005,-0.874
-1.1448599e-005,-0.874
-1.1448349e-005,-0.874
-1.1448099e-005,-0.875667
-1.1447849e-005,-0.874
-1.1447599e-005,-0.874
-1.1447349e-005,-0.874
-1.1447099e-005,-0.875667
-1.1446849e-005,-0.874
-1.1446599e-005,-0.874
-1.1446349e-005,-0.874
-1.1446099e-005,-0.874
-1.1445849e-005,-0.874
-1.1445599e-005,-0.874
-1.1445349e-005,-0.875667
-1.1445099e-005,-0.875667
-1.1444849e-005,-0.874
-1.1444599e-005,-0.874
-1.1444349e-005,-0.875667
-1.1444099e-005,-0.875667
-1.1443849e-005,-0.874
-1.1443599e-005,-0.874
-1.1443349e-005,-0.875667
-1.1443099e-005,-0.875667
-1.1442849e-005,-0.874
-1.1442599e-005,-0.874
-1.1442349e-005,-0.875667
-1.1442099e-005,-0.875667
-1.1441849e-005,-0.874
-1.1441599e-005,-0.874
-1.1441349e-005,-0.875667
-1.1441099e-005,-0.875667
-1.1440849e-005,-0.874
-1.1440599e-005,-0.874
-1.1440349e-005,-0.875667
-1.1440099e-005,-0.875667
-1.1439849e-005,-0.874
-1.1439599e-005,-0.874
-1.1439349e-005,-0.875667
-1.1439099e-005,-0.875667
-1.1438849e-005,-0.874
-1.1438599e-005,-0.874
-1.1438349e-005,-0.875667
-1.1438099e-005,-0.875667
-1.1437849e-005,-0.874
-1.1437599e-005,-0.874
-1.1437349e-005,-0.875667
-1.1437099e-005,-0.875667
-1.1436849e-005,-0.874
-1.1436599e-005,-0.874
-1.1436349e-005,-0.874
-1.1436099e-005,-0.875667
-1.1435849e-005,-0.874
-1.1435599e-005,-0.874
-1.1435349e-005,-0.874
-1.1435099e-005,-0.875667
-1.1434849e-005,-0.874
-1.1434599e-005,-0.874
-1.1434349e-005,-0.875667
-1.1434099e-005,-0.875667
-1.1433849e-005,-0.874
-1.1433599e-005,-0.874
-1.1433349e-005,-0.875667
-1.1433099e-005,-0.875667
-1.1432849e-005,-0.874
-1.1432599e-005,-0.874
-1.1432349e-005,-0.875667
-1.1432099e-005,-0.874
-1.1431849e-005,-0.874
-1.1431599e-005,-0.874
-1.1431349e-005,-0.875667
-1.1431099e-005,-0.875667
-1.1430849e-005,-0.874
-1.1430599e-005,-0.874
-1.1430349e-005,-0.875667
-1.1430099e-005,-0.875667
-1.1429849e-005,-0.874
-1.1429599e-005,-0.874
-1.1429349e-005,-0.875667
-1.1429099e-005,-0.875667
-1.1428849e-005,-0.874
-1.1428599e-005,-0.874
-1.1428349e-005,-0.875667
-1.1428099e-005,-0.875667
-1.1427849e-005,-0.874
-1.1427599e-005,-0.874
-1.1427349e-005,-0.875667
-1.1427099e-005,-0.875667
-1.1426849e-005,-0.874
-1.1426599e-005,-0.874
-1.1426349e-005,-0.875667
-1.1426099e-005,-0.874
-1.1425849e-005,-0.874
-1.1425599e-005,-0.874
-1.1425349e-005,-0.875667
-1.1425099e-005,-0.875667
-1.1424849e-005,-0.874
-1.1424599e-005,-0.874
-1.1424349e-005,-0.875667
-1.1424099e-005,-0.875667
-1.1423849e-005,-0.874
-1.1423599e-005,-0.874
-1.1423349e-005,-0.875667
-1.1423099e-005,-0.875667
-1.1422849e-005,-0.874
-1.1422599e-005,-0.874
-1.1422349e-005,-0.875667
-1.1422099e-005,-0.875667
-1.1421849e-005,-0.874
-1.1421599e-005,-0.874
-1.1421349e-005,-0.874
-1.1421099e-005,-0.875667
-1.1420849e-005,-0.874
-1.1420599e-005,-0.874
-1.1420349e-005,-0.875667
-1.1420099e-005,-0.875667
-1.1419849e-005,-0.874
-1.1419599e-005,-0.874
-1.1419349e-005,-0.875667
-1.1419099e-005,-0.875667
-1.1418849e-005,-0.874
-1.1418599e-005,-0.874
-1.1418349e-005,-0.874
-1.1418099e-005,-0.875667
-1.1417849e-005,-0.874
-1.1417599e-005,-0.874
-1.1417349e-005,-0.875667
-1.1417099e-005,-0.875667
-1.1416849e-005,-0.874
-1.1416599e-005,-0.874
-1.1416349e-005,-0.875667
-1.1416099e-005,-0.875667
-1.1415849e-005,-0.874
-1.1415599e-005,-0.874
-1.1415349e-005,-0.875667
-1.1415099e-005,-0.875667
-1.1414849e-005,-0.874
-1.1414599e-005,-0.874
-1.1414349e-005,-0.875667
-1.1414099e-005,-0.875667
-1.1413849e-005,-0.874
-1.1413599e-005,-0.874
-1.1413349e-005,-0.874
-1.1413099e-005,-0.874
-1.1412849e-005,-0.874
-1.1412599e-005,-0.874
-1.1412349e-005,-0.874
-1.1412099e-005,-0.874
-1.1411849e-005,-0.874
-1.1411599e-005,-0.874
-1.1411349e-005,-0.875667
-1.1411099e-005,-0.875667
-1.1410849e-005,-0.874
-1.1410599e-005,-0.874
-1.1410349e-005,-0.875667
-1.1410099e-005,-0.875667
-1.1409849e-005,-0.874
-1.1409599e-005,-0.874
-1.1409349e-005,-0.875667
-1.1409099e-005,-0.875667
-1.1408849e-005,-0.874
-1.1408599e-005,-0.874
-1.1408349e-005,-0.875667
-1.1408099e-005,-0.875667
-1.1407849e-005,-0.874
-1.1407599e-005,-0.874
-1.1407349e-005,-0.875667
-1.1407099e-005,-0.875667
-1.1406849e-005,-0.874
-1.1406599e-005,-0.874
-1.1406349e-005,-0.875667
-1.1406099e-005,-0.875667
-1.1405849e-005,-0.874
-1.1405599e-005,-0.874
-1.1405349e-005,-0.875667
-1.1405099e-005,-0.875667
-1.1404849e-005,-0.874
-1.1404599e-005,-0.874
-1.1404349e-005,-0.875667
-1.1404099e-005,-0.875667
-1.1403849e-005,-0.874
-1.1403599e-005,-0.874
-1.1403349e-005,-0.875667
-1.1403099e-005,-0.874
-1.1402849e-005,-0.874
-1.1402599e-005,-0.874
-1.1402349e-005,-0.875667
-1.1402099e-005,-0.874
-1.1401849e-005,-0.874
-1.1401599e-005,-0.874
-1.1401349e-005,-0.875667
-1.1401099e-005,-0.874
-1.1400849e-005,-0.874
-1.1400599e-005,-0.874
-1.1400349e-005,-0.874
-1.1400099e-005,-0.874
-1.1399849e-005,-0.874
-1.1399599e-005,-0.874
-1.1399349e-005,-0.874
-1.1399099e-005,-0.874
-1.1398849e-005,-0.874
-1.1398599e-005,-0.874
-1.1398349e-005,-0.874
-1.1398099e-005,-0.874
-1.1397849e-005,-0.874
-1.1397599e-005,-0.874
-1.1397349e-005,-0.874
-1.1397099e-005,-0.874
-1.1396849e-005,-0.874
-1.1396599e-005,-0.874
-1.1396349e-005,-0.874
-1.1396099e-005,-0.875667
-1.1395849e-005,-0.874
-1.1395599e-005,-0.874
-1.1395349e-005,-0.874
-1.1395099e-005,-0.875667
-1.1394849e-005,-0.874
-1.1394599e-005,-0.874
-1.1394349e-005,-0.874
-1.1394099e-005,-0.875667
-1.1393849e-005,-0.874
-1.1393599e-005,-0.874
-1.1393349e-005,-0.874
-1.1393099e-005,-0.875667
-1.1392849e-005,-0.874
-1.1392599e-005,-0.874
-1.1392349e-005,-0.874
-1.1392099e-005,-0.875667
-1.1391849e-005,-0.874
-1.1391599e-005,-0.874
-1.1391349e-005,-0.875667
-1.1391099e-005,-0.875667
-1.1390849e-005,-0.874
-1.1390599e-005,-0.874
-1.1390349e-005,-0.875667
-1.1390099e-005,-0.875667
-1.1389849e-005,-0.874
-1.1389599e-005,-0.874
-1.1389349e-005,-0.874
-1.1389099e-005,-0.875667
-1.1388849e-005,-0.874
-1.1388599e-005,-0.874
-1.1388349e-005,-0.874
-1.1388099e-005,-0.874
-1.1387849e-005,-0.874
-1.1387599e-005,-0.874
-1.1387349e-005,-0.874
-1.1387099e-005,-0.874
-1.1386849e-005,-0.874
-1.1386599e-005,-0.874
-1.1386349e-005,-0.874
-1.1386099e-005,-0.874
-1.1385849e-005,-0.874
-1.1385599e-005,-0.874
-1.1385349e-005,-0.875667
-1.1385099e-005,-0.874
-1.1384849e-005,-0.874
-1.1384599e-005,-0.874
-1.1384349e-005,-0.874
-1.1384099e-005,-0.874
-1.1383849e-005,-0.874
-1.1383599e-005,-0.874
-1.1383349e-005,-0.874
-1.1383099e-005,-0.874
-1.1382849e-005,-0.874
-1.1382599e-005,-0.874
-1.1382349e-005,-0.874
-1.1382099e-005,-0.874
-1.1381849e-005,-0.874
-1.1381599e-005,-0.874
-1.1381349e-005,-0.874
-1.1381099e-005,-0.874
-1.1380849e-005,-0.874
-1.1380599e-005,-0.874
-1.1380349e-005,-0.874
-1.1380099e-005,-0.875667
-1.1379849e-005,-0.874
-1.1379599e-005,-0.874
-1.1379349e-005,-0.875667
-1.1379099e-005,-0.875667
-1.1378849e-005,-0.874
-1.1378599e-005,-0.874
-1.1378349e-005,-0.875667
-1.1378099e-005,-0.875667
-1.1377849e-005,-0.874
-1.1377599e-005,-0.874
-1.1377349e-005,-0.875667
-1.1377099e-005,-0.875667
-1.1376849e-005,-0.874
-1.1376599e-005,-0.874
-1.1376349e-005,-0.875667
-1.1376099e-005,-0.874
-1.1375849e-005,-0.874
-1.1375599e-005,-0.874
-1.1375349e-005,-0.875667
-1.1375099e-005,-0.874
-1.1374849e-005,-0.874
-1.1374599e-005,-0.874
-1.1374349e-005,-0.874
-1.1374099e-005,-0.874
-1.1373849e-005,-0.874
-1.1373599e-005,-0.874
-1.1373349e-005,-0.874
-1.1373099e-005,-0.874
-1.1372849e-005,-0.874
-1.1372599e-005,-0.874
-1.1372349e-005,-0.874
-1.1372099e-005,-0.874
-1.1371849e-005,-0.874
-1.1371599e-005,-0.874
-1.1371349e-005,-0.874
-1.1371099e-005,-0.874
-1.1370849e-005,-0.874
-1.1370599e-005,-0.874
-1.1370349e-005,-0.874
-1.1370099e-005,-0.874
-1.1369849e-005,-0.874
-1.1369599e-005,-0.874
-1.1369349e-005,-0.874
-1.1369099e-005,-0.875667
-1.1368849e-005,-0.874
-1.1368599e-005,-0.874
-1.1368349e-005,-0.874
-1.1368099e-005,-0.875667
-1.1367849e-005,-0.874
-1.1367599e-005,-0.874
-1.1367349e-005,-0.874
-1.1367099e-005,-0.875667
-1.1366849e-005,-0.874
-1.1366599e-005,-0.874
-1.1366349e-005,-0.874
-1.1366099e-005,-0.875667
-1.1365849e-005,-0.874
-1.1365599e-005,-0.874
-1.1365349e-005,-0.875667
-1.1365099e-005,-0.875667
-1.1364849e-005,-0.874
-1.1364599e-005,-0.874
-1.1364349e-005,-0.875667
-1.1364099e-005,-0.875667
-1.1363849e-005,-0.874
-1.1363599e-005,-0.874
-1.1363349e-005,-0.875667
-1.1363099e-005,-0.875667
-1.1362849e-005,-0.874
-1.1362599e-005,-0.874
-1.1362349e-005,-0.875667
-1.1362099e-005,-0.875667
-1.1361849e-005,-0.874
-1.1361599e-005,-0.874
-1.1361349e-005,-0.874
-1.1361099e-005,-0.875667
-1.1360849e-005,-0.874
-1.1360599e-005,-0.874
-1.1360349e-005,-0.874
-1.1360099e-005,-0.875667
-1.1359849e-005,-0.874
-1.1359599e-005,-0.874
-1.1359349e-005,-0.874
-1.1359099e-005,-0.875667
-1.1358849e-005,-0.874
-1.1358599e-005,-0.874
-1.1358349e-005,-0.874
-1.1358099e-005,-0.874
-1.1357849e-005,-0.874
-1.1357599e-005,-0.874
-1.1357349e-005,-0.874
-1.1357099e-005,-0.874
-1.1356849e-005,-0.874
-1.1356599e-005,-0.874
-1.1356349e-005,-0.874
-1.1356099e-005,-0.874
-1.1355849e-005,-0.874
-1.1355599e-005,-0.874
-1.1355349e-005,-0.874
-1.1355099e-005,-0.874
-1.1354849e-005,-0.874
-1.1354599e-005,-0.874
-1.1354349e-005,-0.874
-1.1354099e-005,-0.875667
-1.1353849e-005,-0.874
-1.1353599e-005,-0.874
-1.1353349e-005,-0.874
-1.1353099e-005,-0.875667
-1.1352849e-005,-0.874
-1.1352599e-005,-0.874
-1.1352349e-005,-0.875667
-1.1352099e-005,-0.875667
-1.1351849e-005,-0.874
-1.1351599e-005,-0.874
-1.1351349e-005,-0.874
-1.1351099e-005,-0.875667
-1.1350849e-005,-0.874
-1.1350599e-005,-0.874
-1.1350349e-005,-0.874
-1.1350099e-005,-0.875667
-1.1349849e-005,-0.874
-1.1349599e-005,-0.874
-1.1349349e-005,-0.874
-1.1349099e-005,-0.875667
-1.1348849e-005,-0.874
-1.1348599e-005,-0.874
-1.1348349e-005,-0.874
-1.1348099e-005,-0.875667
-1.1347849e-005,-0.874
-1.1347599e-005,-0.874
-1.1347349e-005,-0.874
-1.1347099e-005,-0.875667
-1.1346849e-005,-0.875667
-1.1346599e-005,-0.874
-1.1346349e-005,-0.874
-1.1346099e-005,-0.875667
-1.1345849e-005,-0.874
-1.1345599e-005,-0.874
-1.1345349e-005,-0.874
-1.1345099e-005,-0.875667
-1.1344849e-005,-0.874
-1.1344599e-005,-0.874
-1.1344349e-005,-0.874
-1.1344099e-005,-0.875667
-1.1343849e-005,-0.874
-1.1343599e-005,-0.874
-1.1343349e-005,-0.874
-1.1343099e-005,-0.875667
-1.1342849e-005,-0.874
-1.1342599e-005,-0.874
-1.1342349e-005,-0.874
-1.1342099e-005,-0.875667
-1.1341849e-005,-0.874
-1.1341599e-005,-0.874
-1.1341349e-005,-0.874
-1.1341099e-005,-0.875667
-1.1340849e-005,-0.874
-1.1340599e-005,-0.874
-1.1340349e-005,-0.874
-1.1340099e-005,-0.875667
-1.1339849e-005,-0.874
-1.1339599e-005,-0.874
-1.1339349e-005,-0.874
-1.1339099e-005,-0.875667
-1.1338849e-005,-0.874
-1.1338599e-005,-0.874
-1.1338349e-005,-0.875667
-1.1338099e-005,-0.875667
-1.1337849e-005,-0.874
-1.1337599e-005,-0.874
-1.1337349e-005,-0.875667
-1.1337099e-005,-0.875667
-1.1336849e-005,-0.874
-1.1336599e-005,-0.874
-1.1336349e-005,-0.875667
-1.1336099e-005,-0.875667
-1.1335849e-005,-0.874
-1.1335599e-005,-0.874
-1.1335349e-005,-0.875667
-1.1335099e-005,-0.875667
-1.1334849e-005,-0.874
-1.1334599e-005,-0.874
-1.1334349e-005,-0.874
-1.1334099e-005,-0.875667
-1.1333849e-005,-0.874
-1.1333599e-005,-0.874
-1.1333349e-005,-0.874
-1.1333099e-005,-0.875667
-1.1332849e-005,-0.874
-1.1332599e-005,-0.874
-1.1332349e-005,-0.874
-1.1332099e-005,-0.875667
-1.1331849e-005,-0.874
-1.1331599e-005,-0.874
-1.1331349e-005,-0.874
-1.1331099e-005,-0.875667
-1.1330849e-005,-0.874
-1.1330599e-005,-0.874
-1.1330349e-005,-0.874
-1.1330099e-005,-0.875667
-1.1329849e-005,-0.874
-1.1329599e-005,-0.874
-1.1329349e-005,-0.874
-1.1329099e-005,-0.875667
-1.1328849e-005,-0.874
-1.1328599e-005,-0.874
-1.1328349e-005,-0.875667
-1.1328099e-005,-0.875667
-1.1327849e-005,-0.874
-1.1327599e-005,-0.874
-1.1327349e-005,-0.875667
-1.1327099e-005,-0.875667
-1.1326849e-005,-0.874
-1.1326599e-005,-0.874
-1.1326349e-005,-0.875667
-1.1326099e-005,-0.874
-1.1325849e-005,-0.874
-1.1325599e-005,-0.874
-1.1325349e-005,-0.875667
-1.1325099e-005,-0.875667
-1.1324849e-005,-0.874
-1.1324599e-005,-0.874
-1.1324349e-005,-0.874
-1.1324099e-005,-0.875667
-1.1323849e-005,-0.874
-1.1323599e-005,-0.874
-1.1323349e-005,-0.874
-1.1323099e-005,-0.874
-1.1322849e-005,-0.874
-1.1322599e-005,-0.874
-1.1322349e-005,-0.875667
-1.1322099e-005,-0.874
-1.1321849e-005,-0.874
-1.1321599e-005,-0.874
-1.1321349e-005,-0.875667
-1.1321099e-005,-0.874
-1.1320849e-005,-0.874
-1.1320599e-005,-0.874
-1.1320349e-005,-0.875667
-1.1320099e-005,-0.875667
-1.1319849e-005,-0.874
-1.1319599e-005,-0.874
-1.1319349e-005,-0.875667
-1.1319099e-005,-0.875667
-1.1318849e-005,-0.874
-1.1318599e-005,-0.874
-1.1318349e-005,-0.875667
-1.1318099e-005,-0.875667
-1.1317849e-005,-0.874
-1.1317599e-005,-0.874
-1.1317349e-005,-0.875667
-1.1317099e-005,-0.875667
-1.1316849e-005,-0.874
-1.1316599e-005,-0.874
-1.1316349e-005,-0.874
-1.1316099e-005,-0.875667
-1.1315849e-005,-0.874
-1.1315599e-005,-0.874
-1.1315349e-005,-0.874
-1.1315099e-005,-0.875667
-1.1314849e-005,-0.874
-1.1314599e-005,-0.874
-1.1314349e-005,-0.874
-1.1314099e-005,-0.875667
-1.1313849e-005,-0.874
-1.1313599e-005,-0.874
-1.1313349e-005,-0.874
-1.1313099e-005,-0.875667
-1.1312849e-005,-0.874
-1.1312599e-005,-0.874
-1.1312349e-005,-0.874
-1.1312099e-005,-0.874
-1.1311849e-005,-0.874
-1.1311599e-005,-0.874
-1.1311349e-005,-0.874
-1.1311099e-005,-0.874
-1.1310849e-005,-0.874
-1.1310599e-005,-0.874
-1.1310349e-005,-0.874
-1.1310099e-005,-0.874
-1.1309849e-005,-0.874
-1.1309599e-005,-0.874
-1.1309349e-005,-0.874
-1.1309099e-005,-0.874
-1.1308849e-005,-0.874
-1.1308599e-005,-0.874
-1.1308349e-005,-0.874
-1.1308099e-005,-0.874
-1.1307849e-005,-0.874
-1.1307599e-005,-0.874
-1.1307349e-005,-0.875667
-1.1307099e-005,-0.875667
-1.1306849e-005,-0.874
-1.1306599e-005,-0.874
-1.1306349e-005,-0.875667
-1.1306099e-005,-0.875667
-1.1305849e-005,-0.874
-1.1305599e-005,-0.874
-1.1305349e-005,-0.875667
-1.1305099e-005,-0.875667
-1.1304849e-005,-0.874
-1.1304599e-005,-0.874
-1.1304349e-005,-0.875667
-1.1304099e-005,-0.875667
-1.1303849e-005,-0.874
-1.1303599e-005,-0.874
-1.1303349e-005,-0.875667
-1.1303099e-005,-0.875667
-1.1302849e-005,-0.874
-1.1302599e-005,-0.874
-1.1302349e-005,-0.875667
-1.1302099e-005,-0.875667
-1.1301849e-005,-0.874
-1.1301599e-005,-0.874
-1.1301349e-005,-0.875667
-1.1301099e-005,-0.875667
-1.1300849e-005,-0.874
-1.1300599e-005,-0.874
-1.1300349e-005,-0.875667
-1.1300099e-005,-0.875667
-1.1299849e-005,-0.874
-1.1299599e-005,-0.874
-1.1299349e-005,-0.875667
-1.1299099e-005,-0.875667
-1.1298849e-005,-0.874
-1.1298599e-005,-0.874
-1.1298349e-005,-0.875667
-1.1298099e-005,-0.875667
-1.1297849e-005,-0.874
-1.1297599e-005,-0.874
-1.1297349e-005,-0.875667
-1.1297099e-005,-0.875667
-1.1296849e-005,-0.874
-1.1296599e-005,-0.874
-1.1296349e-005,-0.875667
-1.1296099e-005,-0.875667
-1.1295849e-005,-0.874
-1.1295599e-005,-0.874
-1.1295349e-005,-0.875667
-1.1295099e-005,-0.875667
-1.1294849e-005,-0.874
-1.1294599e-005,-0.874
-1.1294349e-005,-0.875667
-1.1294099e-005,-0.875667
-1.1293849e-005,-0.874
-1.1293599e-005,-0.874
-1.1293349e-005,-0.875667
-1.1293099e-005,-0.875667
-1.1292849e-005,-0.874
-1.1292599e-005,-0.874
-1.1292349e-005,-0.875667
-1.1292099e-005,-0.875667
-1.1291849e-005,-0.874
-1.1291599e-005,-0.874
-1.1291349e-005,-0.875667
-1.1291099e-005,-0.875667
-1.1290849e-005,-0.874
-1.1290599e-005,-0.874
-1.1290349e-005,-0.874
-1.1290099e-005,-0.875667
-1.1289849e-005,-0.874
-1.1289599e-005,-0.874
-1.1289349e-005,-0.874
-1.1289099e-005,-0.875667
-1.1288849e-005,-0.874
-1.1288599e-005,-0.874
-1.1288349e-005,-0.875667
-1.1288099e-005,-0.875667
-1.1287849e-005,-0.874
-1.1287599e-005,-0.874
-1.1287349e-005,-0.875667
-1.1287099e-005,-0.875667
-1.1286849e-005,-0.874
-1.1286599e-005,-0.874
-1.1286349e-005,-0.875667
-1.1286099e-005,-0.875667
-1.1285849e-005,-0.874
-1.1285599e-005,-0.874
-1.1285349e-005,-0.875667
-1.1285099e-005,-0.875667
-1.1284849e-005,-0.874
-1.1284599e-005,-0.874
-1.1284349e-005,-0.874
-1.1284099e-005,-0.875667
-1.1283849e-005,-0.874
-1.1283599e-005,-0.874
-1.1283349e-005,-0.874
-1.1283099e-005,-0.875667
-1.1282849e-005,-0.874
-1.1282599e-005,-0.874
-1.1282349e-005,-0.874
-1.1282099e-005,-0.875667
-1.1281849e-005,-0.874
-1.1281599e-005,-0.874
-1.1281349e-005,-0.874
-1.1281099e-005,-0.875667
-1.1280849e-005,-0.874
-1.1280599e-005,-0.874
-1.1280349e-005,-0.874
-1.1280099e-005,-0.875667
-1.1279849e-005,-0.874
-1.1279599e-005,-0.874
-1.1279349e-005,-0.874
-1.1279099e-005,-0.875667
-1.1278849e-005,-0.874
-1.1278599e-005,-0.874
-1.1278349e-005,-0.874
-1.1278099e-005,-0.875667
-1.1277849e-005,-0.874
-1.1277599e-005,-0.874
-1.1277349e-005,-0.874
-1.1277099e-005,-0.875667
-1.1276849e-005,-0.874
-1.1276599e-005,-0.874
-1.1276349e-005,-0.874
-1.1276099e-005,-0.875667
-1.1275849e-005,-0.874
-1.1275599e-005,-0.874
-1.1275349e-005,-0.874
-1.1275099e-005,-0.874
-1.1274849e-005,-0.874
-1.1274599e-005,-0.874
-1.1274349e-005,-0.874
-1.1274099e-005,-0.874
-1.1273849e-005,-0.874
-1.1273599e-005,-0.874
-1.1273349e-005,-0.874
-1.1273099e-005,-0.874
-1.1272849e-005,-0.874
-1.1272599e-005,-0.874
-1.1272349e-005,-0.874
-1.1272099e-005,-0.874
-1.1271849e-005,-0.874
-1.1271599e-005,-0.874
-1.1271349e-005,-0.874
-1.1271099e-005,-0.874
-1.1270849e-005,-0.874
-1.1270599e-005,-0.874
-1.1270349e-005,-0.874
-1.1270099e-005,-0.874
-1.1269849e-005,-0.874
-1.1269599e-005,-0.874
-1.1269349e-005,-0.874
-1.1269099e-005,-0.874
-1.1268849e-005,-0.874
-1.1268599e-005,-0.874
-1.1268349e-005,-0.874
-1.1268099e-005,-0.875667
-1.1267849e-005,-0.874
-1.1267599e-005,-0.874
-1.1267349e-005,-0.874
-1.1267099e-005,-0.875667
-1.1266849e-005,-0.874
-1.1266599e-005,-0.874
-1.1266349e-005,-0.874
-1.1266099e-005,-0.875667
-1.1265849e-005,-0.874
-1.1265599e-005,-0.874
-1.1265349e-005,-0.874
-1.1265099e-005,-0.875667
-1.1264849e-005,-0.874
-1.1264599e-005,-0.874
-1.1264349e-005,-0.874
-1.1264099e-005,-0.875667
-1.1263849e-005,-0.874
-1.1263599e-005,-0.874
-1.1263349e-005,-0.874
-1.1263099e-005,-0.874
-1.1262849e-005,-0.874
-1.1262599e-005,-0.874
-1.1262349e-005,-0.875667
-1.1262099e-005,-0.874
-1.1261849e-005,-0.874
-1.1261599e-005,-0.874
-1.1261349e-005,-0.875667
-1.1261099e-005,-0.875667
-1.1260849e-005,-0.874
-1.1260599e-005,-0.874
-1.1260349e-005,-0.875667
-1.1260099e-005,-0.875667
-1.1259849e-005,-0.874
-1.1259599e-005,-0.874
-1.1259349e-005,-0.875667
-1.1259099e-005,-0.875667
-1.1258849e-005,-0.874
-1.1258599e-005,-0.874
-1.1258349e-005,-0.875667
-1.1258099e-005,-0.875667
-1.1257849e-005,-0.874
-1.1257599e-005,-0.874
-1.1257349e-005,-0.875667
-1.1257099e-005,-0.875667
-1.1256849e-005,-0.874
-1.1256599e-005,-0.874
-1.1256349e-005,-0.875667
-1.1256099e-005,-0.875667
-1.1255849e-005,-0.874
-1.1255599e-005,-0.874
-1.1255349e-005,-0.875667
-1.1255099e-005,-0.875667
-1.1254849e-005,-0.875667
-1.1254599e-005,-0.874
-1.1254349e-005,-0.875667
-1.1254099e-005,-0.875667
-1.1253849e-005,-0.874
-1.1253599e-005,-0.874
-1.1253349e-005,-0.875667
-1.1253099e-005,-0.875667
-1.1252849e-005,-0.874
-1.1252599e-005,-0.874
-1.1252349e-005,-0.875667
-1.1252099e-005,-0.875667
-1.1251849e-005,-0.874
-1.1251599e-005,-0.874
-1.1251349e-005,-0.875667
-1.1251099e-005,-0.875667
-1.1250849e-005,-0.874
-1.1250599e-005,-0.874
-1.1250349e-005,-0.875667
-1.1250099e-005,-0.875667
-1.1249849e-005,-0.874
-1.1249599e-005,-0.874
-1.1249349e-005,-0.874
-1.1249099e-005,-0.875667
-1.1248849e-005,-0.874
-1.1248599e-005,-0.874
-1.1248349e-005,-0.874
-1.1248099e-005,-0.875667
-1.1247849e-005,-0.874
-1.1247599e-005,-0.874
-1.1247349e-005,-0.874
-1.1247099e-005,-0.875667
-1.1246849e-005,-0.874
-1.1246599e-005,-0.874
-1.1246349e-005,-0.874
-1.1246099e-005,-0.875667
-1.1245849e-005,-0.874
-1.1245599e-005,-0.874
-1.1245349e-005,-0.874
-1.1245099e-005,-0.875667
-1.1244849e-005,-0.874
-1.1244599e-005,-0.874
-1.1244349e-005,-0.874
-1.1244099e-005,-0.875667
-1.1243849e-005,-0.874
-1.1243599e-005,-0.874
-1.1243349e-005,-0.874
-1.1243099e-005,-0.875667
-1.1242849e-005,-0.874
-1.1242599e-005,-0.874
-1.1242349e-005,-0.875667
-1.1242099e-005,-0.875667
-1.1241849e-005,-0.874
-1.1241599e-005,-0.874
-1.1241349e-005,-0.875667
-1.1241099e-005,-0.875667
-1.1240849e-005,-0.874
-1.1240599e-005,-0.874
-1.1240349e-005,-0.875667
-1.1240099e-005,-0.875667
-1.1239849e-005,-0.874
-1.1239599e-005,-0.874
-1.1239349e-005,-0.875667
-1.1239099e-005,-0.875667
-1.1238849e-005,-0.874
-1.1238599e-005,-0.874
-1.1238349e-005,-0.875667
-1.1238099e-005,-0.875667
-1.1237849e-005,-0.874
-1.1237599e-005,-0.874
-1.1237349e-005,-0.875667
-1.1237099e-005,-0.875667
-1.1236849e-005,-0.874
-1.1236599e-005,-0.874
-1.1236349e-005,-0.875667
-1.1236099e-005,-0.875667
-1.1235849e-005,-0.874
-1.1235599e-005,-0.874
-1.1235349e-005,-0.875667
-1.1235099e-005,-0.875667
-1.1234849e-005,-0.874
-1.1234599e-005,-0.874
-1.1234349e-005,-0.875667
-1.1234099e-005,-0.875667
-1.1233849e-005,-0.874
-1.1233599e-005,-0.874
-1.1233349e-005,-0.875667
-1.1233099e-005,-0.875667
-1.1232849e-005,-0.874
-1.1232599e-005,-0.874
-1.1232349e-005,-0.875667
-1.1232099e-005,-0.875667
-1.1231849e-005,-0.874
-1.1231599e-005,-0.874
-1.1231349e-005,-0.874
-1.1231099e-005,-0.875667
-1.1230849e-005,-0.874
-1.1230599e-005,-0.874
-1.1230349e-005,-0.874
-1.1230099e-005,-0.875667
-1.1229849e-005,-0.874
-1.1229599e-005,-0.874
-1.1229349e-005,-0.875667
-1.1229099e-005,-0.875667
-1.1228849e-005,-0.874
-1.1228599e-005,-0.874
-1.1228349e-005,-0.875667
-1.1228099e-005,-0.875667
-1.1227849e-005,-0.874
-1.1227599e-005,-0.874
-1.1227349e-005,-0.875667
-1.1227099e-005,-0.875667
-1.1226849e-005,-0.874
-1.1226599e-005,-0.874
-1.1226349e-005,-0.874
-1.1226099e-005,-0.875667
-1.1225849e-005,-0.874
-1.1225599e-005,-0.874
-1.1225349e-005,-0.874
-1.1225099e-005,-0.875667
-1.1224849e-005,-0.874
-1.1224599e-005,-0.874
-1.1224349e-005,-0.874
-1.1224099e-005,-0.875667
-1.1223849e-005,-0.874
-1.1223599e-005,-0.874
-1.1223349e-005,-0.875667
-1.1223099e-005,-0.875667
-1.1222849e-005,-0.874
-1.1222599e-005,-0.874
-1.1222349e-005,-0.875667
-1.1222099e-005,-0.875667
-1.1221849e-005,-0.874
-1.1221599e-005,-0.874
-1.1221349e-005,-0.875667
-1.1221099e-005,-0.875667
-1.1220849e-005,-0.874
-1.1220599e-005,-0.874
-1.1220349e-005,-0.875667
-1.1220099e-005,-0.875667
-1.1219849e-005,-0.874
-1.1219599e-005,-0.874
-1.1219349e-005,-0.875667
-1.1219099e-005,-0.875667
-1.1218849e-005,-0.874
-1.1218599e-005,-0.874
-1.1218349e-005,-0.875667
-1.1218099e-005,-0.875667
-1.1217849e-005,-0.874
-1.1217599e-005,-0.874
-1.1217349e-005,-0.875667
-1.1217099e-005,-0.875667
-1.1216849e-005,-0.874
-1.1216599e-005,-0.874
-1.1216349e-005,-0.875667
-1.1216099e-005,-0.875667
-1.1215849e-005,-0.874
-1.1215599e-005,-0.874
-1.1215349e-005,-0.875667
-1.1215099e-005,-0.875667
-1.1214849e-005,-0.874
-1.1214599e-005,-0.874
-1.1214349e-005,-0.875667
-1.1214099e-005,-0.875667
-1.1213849e-005,-0.874
-1.1213599e-005,-0.874
-1.1213349e-005,-0.875667
-1.1213099e-005,-0.875667
-1.1212849e-005,-0.874
-1.1212599e-005,-0.874
-1.1212349e-005,-0.875667
-1.1212099e-005,-0.875667
-1.1211849e-005,-0.874
-1.1211599e-005,-0.874
-1.1211349e-005,-0.875667
-1.1211099e-005,-0.875667
-1.1210849e-005,-0.874
-1.1210599e-005,-0.874
-1.1210349e-005,-0.875667
-1.1210099e-005,-0.875667
-1.1209849e-005,-0.874
-1.1209599e-005,-0.874
-1.1209349e-005,-0.875667
-1.1209099e-005,-0.875667
-1.1208849e-005,-0.874
-1.1208599e-005,-0.874
-1.1208349e-005,-0.875667
-1.1208099e-005,-0.875667
-1.1207849e-005,-0.874
-1.1207599e-005,-0.874
-1.1207349e-005,-0.875667
-1.1207099e-005,-0.875667
-1.1206849e-005,-0.874
-1.1206599e-005,-0.874
-1.1206349e-005,-0.875667
-1.1206099e-005,-0.874
-1.1205849e-005,-0.874
-1.1205599e-005,-0.874
-1.1205349e-005,-0.875667
-1.1205099e-005,-0.875667
-1.1204849e-005,-0.874
-1.1204599e-005,-0.874
-1.1204349e-005,-0.875667
-1.1204099e-005,-0.875667
-1.1203849e-005,-0.874
-1.1203599e-005,-0.874
-1.1203349e-005,-0.875667
-1.1203099e-005,-0.875667
-1.1202849e-005,-0.874
-1.1202599e-005,-0.874
-1.1202349e-005,-0.875667
-1.1202099e-005,-0.875667
-1.1201849e-005,-0.874
-1.1201599e-005,-0.874
-1.1201349e-005,-0.875667
-1.1201099e-005,-0.875667
-1.1200849e-005,-0.874
-1.1200599e-005,-0.874
-1.1200349e-005,-0.875667
-1.1200099e-005,-0.875667
-1.1199849e-005,-0.874
-1.1199599e-005,-0.874
-1.1199349e-005,-0.875667
-1.1199099e-005,-0.875667
-1.1198849e-005,-0.874
-1.1198599e-005,-0.874
-1.1198349e-005,-0.875667
-1.1198099e-005,-0.875667
-1.1197849e-005,-0.874
-1.1197599e-005,-0.874
-1.1197349e-005,-0.875667
-1.1197099e-005,-0.875667
-1.1196849e-005,-0.874
-1.1196599e-005,-0.874
-1.1196349e-005,-0.875667
-1.1196099e-005,-0.875667
-1.1195849e-005,-0.874
-1.1195599e-005,-0.874
-1.1195349e-005,-0.874
-1.1195099e-005,-0.875667
-1.1194849e-005,-0.874
-1.1194599e-005,-0.874
-1.1194349e-005,-0.874
-1.1194099e-005,-0.875667
-1.1193849e-005,-0.874
-1.1193599e-005,-0.874
-1.1193349e-005,-0.875667
-1.1193099e-005,-0.875667
-1.1192849e-005,-0.874
-1.1192599e-005,-0.874
-1.1192349e-005,-0.874
-1.1192099e-005,-0.875667
-1.1191849e-005,-0.874
-1.1191599e-005,-0.874
-1.1191349e-005,-0.874
-1.1191099e-005,-0.875667
-1.1190849e-005,-0.874
-1.1190599e-005,-0.874
-1.1190349e-005,-0.874
-1.1190099e-005,-0.875667
-1.1189849e-005,-0.874
-1.1189599e-005,-0.874
-1.1189349e-005,-0.874
-1.1189099e-005,-0.875667
-1.1188849e-005,-0.874
-1.1188599e-005,-0.874
-1.1188349e-005,-0.874
-1.1188099e-005,-0.875667
-1.1187849e-005,-0.874
-1.1187599e-005,-0.874
-1.1187349e-005,-0.874
-1.1187099e-005,-0.874
-1.1186849e-005,-0.874
-1.1186599e-005,-0.874
-1.1186349e-005,-0.874
-1.1186099e-005,-0.875667
-1.1185849e-005,-0.874
-1.1185599e-005,-0.874
-1.1185349e-005,-0.874
-1.1185099e-005,-0.875667
-1.1184849e-005,-0.874
-1.1184599e-005,-0.874
-1.1184349e-005,-0.874
-1.1184099e-005,-0.874
-1.1183849e-005,-0.874
-1.1183599e-005,-0.874
-1.1183349e-005,-0.875667
-1.1183099e-005,-0.874
-1.1182849e-005,-0.874
-1.1182599e-005,-0.874
-1.1182349e-005,-0.875667
-1.1182099e-005,-0.874
-1.1181849e-005,-0.874
-1.1181599e-005,-0.874
-1.1181349e-005,-0.875667
-1.1181099e-005,-0.875667
-1.1180849e-005,-0.874
-1.1180599e-005,-0.874
-1.1180349e-005,-0.875667
-1.1180099e-005,-0.875667
-1.1179849e-005,-0.874
-1.1179599e-005,-0.874
-1.1179349e-005,-0.875667
-1.1179099e-005,-0.875667
-1.1178849e-005,-0.874
-1.1178599e-005,-0.874
-1.1178349e-005,-0.875667
-1.1178099e-005,-0.875667
-1.1177849e-005,-0.874
-1.1177599e-005,-0.874
-1.1177349e-005,-0.875667
-1.1177099e-005,-0.874
-1.1176849e-005,-0.874
-1.1176599e-005,-0.874
-1.1176349e-005,-0.875667
-1.1176099e-005,-0.874
-1.1175849e-005,-0.874
-1.1175599e-005,-0.874
-1.1175349e-005,-0.875667
-1.1175099e-005,-0.875667
-1.1174849e-005,-0.874
-1.1174599e-005,-0.874
-1.1174349e-005,-0.875667
-1.1174099e-005,-0.875667
-1.1173849e-005,-0.874
-1.1173599e-005,-0.874
-1.1173349e-005,-0.875667
-1.1173099e-005,-0.875667
-1.1172849e-005,-0.874
-1.1172599e-005,-0.874
-1.1172349e-005,-0.875667
-1.1172099e-005,-0.875667
-1.1171849e-005,-0.874
-1.1171599e-005,-0.874
-1.1171349e-005,-0.875667
-1.1171099e-005,-0.875667
-1.1170849e-005,-0.874
-1.1170599e-005,-0.874
-1.1170349e-005,-0.875667
-1.1170099e-005,-0.875667
-1.1169849e-005,-0.875667
-1.1169599e-005,-0.874
-1.1169349e-005,-0.875667
-1.1169099e-005,-0.875667
-1.1168849e-005,-0.874
-1.1168599e-005,-0.874
-1.1168349e-005,-0.875667
-1.1168099e-005,-0.875667
-1.1167849e-005,-0.874
-1.1167599e-005,-0.874
-1.1167349e-005,-0.875667
-1.1167099e-005,-0.875667
-1.1166849e-005,-0.874
-1.1166599e-005,-0.874
-1.1166349e-005,-0.875667
-1.1166099e-005,-0.875667
-1.1165849e-005,-0.874
-1.1165599e-005,-0.874
-1.1165349e-005,-0.875667
-1.1165099e-005,-0.875667
-1.1164849e-005,-0.874
-1.1164599e-005,-0.874
-1.1164349e-005,-0.875667
-1.1164099e-005,-0.875667
-1.1163849e-005,-0.874
-1.1163599e-005,-0.874
-1.1163349e-005,-0.875667
-1.1163099e-005,-0.875667
-1.1162849e-005,-0.874
-1.1162599e-005,-0.874
-1.1162349e-005,-0.875667
-1.1162099e-005,-0.875667
-1.1161849e-005,-0.874
-1.1161599e-005,-0.874
-1.1161349e-005,-0.875667
-1.1161099e-005,-0.875667
-1.1160849e-005,-0.874
-1.1160599e-005,-0.874
-1.1160349e-005,-0.875667
-1.1160099e-005,-0.875667
-1.1159849e-005,-0.874
-1.1159599e-005,-0.874
-1.1159349e-005,-0.875667
-1.1159099e-005,-0.875667
-1.1158849e-005,-0.874
-1.1158599e-005,-0.874
-1.1158349e-005,-0.875667
-1.1158099e-005,-0.875667
-1.1157849e-005,-0.874
-1.1157599e-005,-0.874
-1.1157349e-005,-0.875667
-1.1157099e-005,-0.875667
-1.1156849e-005,-0.874
-1.1156599e-005,-0.874
-1.1156349e-005,-0.875667
-1.1156099e-005,-0.875667
-1.1155849e-005,-0.874
-1.1155599e-005,-0.874
-1.1155349e-005,-0.875667
-1.1155099e-005,-0.875667
-1.1154849e-005,-0.874
-1.1154599e-005,-0.874
-1.1154349e-005,-0.875667
-1.1154099e-005,-0.875667
-1.1153849e-005,-0.874
-1.1153599e-005,-0.874
-1.1153349e-005,-0.875667
-1.1153099e-005,-0.875667
-1.1152849e-005,-0.874
-1.1152599e-005,-0.874
-1.1152349e-005,-0.875667
-1.1152099e-005,-0.875667
-1.1151849e-005,-0.874
-1.1151599e-005,-0.874
-1.1151349e-005,-0.875667
-1.1151099e-005,-0.875667
-1.1150849e-005,-0.874
-1.1150599e-005,-0.874
-1.1150349e-005,-0.875667
-1.1150099e-005,-0.875667
-1.1149849e-005,-0.874
-1.1149599e-005,-0.874
-1.1149349e-005,-0.875667
-1.1149099e-005,-0.875667
-1.1148849e-005,-0.874
-1.1148599e-005,-0.874
-1.1148349e-005,-0.875667
-1.1148099e-005,-0.875667
-1.1147849e-005,-0.874
-1.1147599e-005,-0.874
-1.1147349e-005,-0.875667
-1.1147099e-005,-0.875667
-1.1146849e-005,-0.874
-1.1146599e-005,-0.874
-1.1146349e-005,-0.875667
-1.1146099e-005,-0.875667
-1.1145849e-005,-0.874
-1.1145599e-005,-0.874
-1.1145349e-005,-0.874
-1.1145099e-005,-0.875667
-1.1144849e-005,-0.874
-1.1144599e-005,-0.874
-1.1144349e-005,-0.875667
-1.1144099e-005,-0.875667
-1.1143849e-005,-0.874
-1.1143599e-005,-0.874
-1.1143349e-005,-0.875667
-1.1143099e-005,-0.875667
-1.1142849e-005,-0.874
-1.1142599e-005,-0.874
-1.1142349e-005,-0.875667
-1.1142099e-005,-0.875667
-1.1141849e-005,-0.874
-1.1141599e-005,-0.874
-1.1141349e-005,-0.875667
-1.1141099e-005,-0.875667
-1.1140849e-005,-0.874
-1.1140599e-005,-0.874
-1.1140349e-005,-0.875667
-1.1140099e-005,-0.875667
-1.1139849e-005,-0.874
-1.1139599e-005,-0.874
-1.1139349e-005,-0.875667
-1.1139099e-005,-0.875667
-1.1138849e-005,-0.874
-1.1138599e-005,-0.874
-1.1138349e-005,-0.875667
-1.1138099e-005,-0.875667
-1.1137849e-005,-0.874
-1.1137599e-005,-0.874
-1.1137349e-005,-0.875667
-1.1137099e-005,-0.875667
-1.1136849e-005,-0.874
-1.1136599e-005,-0.874
-1.1136349e-005,-0.875667
-1.1136099e-005,-0.875667
-1.1135849e-005,-0.874
-1.1135599e-005,-0.874
-1.1135349e-005,-0.875667
-1.1135099e-005,-0.875667
-1.1134849e-005,-0.874
-1.1134599e-005,-0.874
-1.1134349e-005,-0.874
-1.1134099e-005,-0.874
-1.1133849e-005,-0.874
-1.1133599e-005,-0.874
-1.1133349e-005,-0.875667
-1.1133099e-005,-0.875667
-1.1132849e-005,-0.874
-1.1132599e-005,-0.874
-1.1132349e-005,-0.874
-1.1132099e-005,-0.875667
-1.1131849e-005,-0.874
-1.1131599e-005,-0.874
-1.1131349e-005,-0.874
-1.1131099e-005,-0.875667
-1.1130849e-005,-0.874
-1.1130599e-005,-0.874
-1.1130349e-005,-0.874
-1.1130099e-005,-0.875667
-1.1129849e-005,-0.874
-1.1129599e-005,-0.874
-1.1129349e-005,-0.875667
-1.1129099e-005,-0.875667
-1.1128849e-005,-0.874
-1.1128599e-005,-0.874
-1.1128349e-005,-0.875667
-1.1128099e-005,-0.875667
-1.1127849e-005,-0.874
-1.1127599e-005,-0.874
-1.1127349e-005,-0.875667
-1.1127099e-005,-0.875667
-1.1126849e-005,-0.874
-1.1126599e-005,-0.874
-1.1126349e-005,-0.875667
-1.1126099e-005,-0.875667
-1.1125849e-005,-0.874
-1.1125599e-005,-0.874
-1.1125349e-005,-0.875667
-1.1125099e-005,-0.875667
-1.1124849e-005,-0.874
-1.1124599e-005,-0.874
-1.1124349e-005,-0.875667
-1.1124099e-005,-0.875667
-1.1123849e-005,-0.874
-1.1123599e-005,-0.874
-1.1123349e-005,-0.875667
-1.1123099e-005,-0.875667
-1.1122849e-005,-0.874
-1.1122599e-005,-0.874
-1.1122349e-005,-0.875667
-1.1122099e-005,-0.875667
-1.1121849e-005,-0.874
-1.1121599e-005,-0.874
-1.1121349e-005,-0.875667
-1.1121099e-005,-0.875667
-1.1120849e-005,-0.874
-1.1120599e-005,-0.874
-1.1120349e-005,-0.874
-1.1120099e-005,-0.875667
-1.1119849e-005,-0.874
-1.1119599e-005,-0.874
-1.1119349e-005,-0.874
-1.1119099e-005,-0.875667
-1.1118849e-005,-0.874
-1.1118599e-005,-0.874
-1.1118349e-005,-0.875667
-1.1118099e-005,-0.875667
-1.1117849e-005,-0.874
-1.1117599e-005,-0.874
-1.1117349e-005,-0.875667
-1.1117099e-005,-0.875667
-1.1116849e-005,-0.874
-1.1116599e-005,-0.874
-1.1116349e-005,-0.875667
-1.1116099e-005,-0.875667
-1.1115849e-005,-0.874
-1.1115599e-005,-0.874
-1.1115349e-005,-0.875667
-1.1115099e-005,-0.875667
-1.1114849e-005,-0.874
-1.1114599e-005,-0.874
-1.1114349e-005,-0.875667
-1.1114099e-005,-0.875667
-1.1113849e-005,-0.874
-1.1113599e-005,-0.874
-1.1113349e-005,-0.875667
-1.1113099e-005,-0.875667
-1.1112849e-005,-0.874
-1.1112599e-005,-0.874
-1.1112349e-005,-0.875667
-1.1112099e-005,-0.875667
-1.1111849e-005,-0.874
-1.1111599e-005,-0.874
-1.1111349e-005,-0.874
-1.1111099e-005,-0.875667
-1.1110849e-005,-0.874
-1.1110599e-005,-0.874
-1.1110349e-005,-0.874
-1.1110099e-005,-0.875667
-1.1109849e-005,-0.874
-1.1109599e-005,-0.874
-1.1109349e-005,-0.874
-1.1109099e-005,-0.875667
-1.1108849e-005,-0.874
-1.1108599e-005,-0.874
-1.1108349e-005,-0.874
-1.1108099e-005,-0.875667
-1.1107849e-005,-0.874
-1.1107599e-005,-0.874
-1.1107349e-005,-0.874
-1.1107099e-005,-0.875667
-1.1106849e-005,-0.874
-1.1106599e-005,-0.874
-1.1106349e-005,-0.874
-1.1106099e-005,-0.875667
-1.1105849e-005,-0.874
-1.1105599e-005,-0.874
-1.1105349e-005,-0.874
-1.1105099e-005,-0.875667
-1.1104849e-005,-0.874
-1.1104599e-005,-0.874
-1.1104349e-005,-0.874
-1.1104099e-005,-0.875667
-1.1103849e-005,-0.874
-1.1103599e-005,-0.874
-1.1103349e-005,-0.874
-1.1103099e-005,-0.874
-1.1102849e-005,-0.874
-1.1102599e-005,-0.874
-1.1102349e-005,-0.874
-1.1102099e-005,-0.874
-1.1101849e-005,-0.874
-1.1101599e-005,-0.874
-1.1101349e-005,-0.874
-1.1101099e-005,-0.874
-1.1100849e-005,-0.874
-1.1100599e-005,-0.874
-1.1100349e-005,-0.874
-1.1100099e-005,-0.874
-1.1099849e-005,-0.874
-1.1099599e-005,-0.874
-1.1099349e-005,-0.874
-1.1099099e-005,-0.874
-1.1098849e-005,-0.874
-1.1098599e-005,-0.874
-1.1098349e-005,-0.875667
-1.1098099e-005,-0.875667
-1.1097849e-005,-0.874
-1.1097599e-005,-0.874
-1.1097349e-005,-0.875667
-1.1097099e-005,-0.875667
-1.1096849e-005,-0.874
-1.1096599e-005,-0.874
-1.1096349e-005,-0.875667
-1.1096099e-005,-0.875667
-1.1095849e-005,-0.874
-1.1095599e-005,-0.874
-1.1095349e-005,-0.875667
-1.1095099e-005,-0.875667
-1.1094849e-005,-0.874
-1.1094599e-005,-0.874
-1.1094349e-005,-0.874
-1.1094099e-005,-0.875667
-1.1093849e-005,-0.874
-1.1093599e-005,-0.874
-1.1093349e-005,-0.874
-1.1093099e-005,-0.875667
-1.1092849e-005,-0.874
-1.1092599e-005,-0.874
-1.1092349e-005,-0.874
-1.1092099e-005,-0.875667
-1.1091849e-005,-0.874
-1.1091599e-005,-0.874
-1.1091349e-005,-0.875667
-1.1091099e-005,-0.875667
-1.1090849e-005,-0.874
-1.1090599e-005,-0.874
-1.1090349e-005,-0.875667
-1.1090099e-005,-0.875667
-1.1089849e-005,-0.874
-1.1089599e-005,-0.874
-1.1089349e-005,-0.875667
-1.1089099e-005,-0.875667
-1.1088849e-005,-0.874
-1.1088599e-005,-0.874
-1.1088349e-005,-0.874
-1.1088099e-005,-0.875667
-1.1087849e-005,-0.872333
-1.1087599e-005,-0.874
-1.1087349e-005,-0.874
-1.1087099e-005,-0.875667
-1.1086849e-005,-0.874
-1.1086599e-005,-0.874
-1.1086349e-005,-0.874
-1.1086099e-005,-0.875667
-1.1085849e-005,-0.874
-1.1085599e-005,-0.874
-1.1085349e-005,-0.874
-1.1085099e-005,-0.875667
-1.1084849e-005,-0.874
-1.1084599e-005,-0.874
-1.1084349e-005,-0.874
-1.1084099e-005,-0.875667
-1.1083849e-005,-0.874
-1.1083599e-005,-0.874
-1.1083349e-005,-0.874
-1.1083099e-005,-0.875667
-1.1082849e-005,-0.874
-1.1082599e-005,-0.874
-1.1082349e-005,-0.875667
-1.1082099e-005,-0.875667
-1.1081849e-005,-0.874
-1.1081599e-005,-0.874
-1.1081349e-005,-0.875667
-1.1081099e-005,-0.875667
-1.1080849e-005,-0.874
-1.1080599e-005,-0.874
-1.1080349e-005,-0.875667
-1.1080099e-005,-0.875667
-1.1079849e-005,-0.874
-1.1079599e-005,-0.874
-1.1079349e-005,-0.874
-1.1079099e-005,-0.874
-1.1078849e-005,-0.874
-1.1078599e-005,-0.874
-1.1078349e-005,-0.874
-1.1078099e-005,-0.874
-1.1077849e-005,-0.874
-1.1077599e-005,-0.874
-1.1077349e-005,-0.874
-1.1077099e-005,-0.874
-1.1076849e-005,-0.874
-1.1076599e-005,-0.874
-1.1076349e-005,-0.874
-1.1076099e-005,-0.875667
-1.1075849e-005,-0.874
-1.1075599e-005,-0.874
-1.1075349e-005,-0.874
-1.1075099e-005,-0.874
-1.1074849e-005,-0.874
-1.1074599e-005,-0.874
-1.1074349e-005,-0.874
-1.1074099e-005,-0.875667
-1.1073849e-005,-0.874
-1.1073599e-005,-0.874
-1.1073349e-005,-0.874
-1.1073099e-005,-0.874
-1.1072849e-005,-0.874
-1.1072599e-005,-0.874
-1.1072349e-005,-0.874
-1.1072099e-005,-0.874
-1.1071849e-005,-0.874
-1.1071599e-005,-0.874
-1.1071349e-005,-0.875667
-1.1071099e-005,-0.874
-1.1070849e-005,-0.874
-1.1070599e-005,-0.874
-1.1070349e-005,-0.875667
-1.1070099e-005,-0.875667
-1.1069849e-005,-0.874
-1.1069599e-005,-0.874
-1.1069349e-005,-0.875667
-1.1069099e-005,-0.875667
-1.1068849e-005,-0.874
-1.1068599e-005,-0.874
-1.1068349e-005,-0.875667
-1.1068099e-005,-0.875667
-1.1067849e-005,-0.874
-1.1067599e-005,-0.874
-1.1067349e-005,-0.875667
-1.1067099e-005,-0.875667
-1.1066849e-005,-0.874
-1.1066599e-005,-0.874
-1.1066349e-005,-0.875667
-1.1066099e-005,-0.875667
-1.1065849e-005,-0.874
-1.1065599e-005,-0.874
-1.1065349e-005,-0.875667
-1.1065099e-005,-0.875667
-1.1064849e-005,-0.874
-1.1064599e-005,-0.874
-1.1064349e-005,-0.875667
-1.1064099e-005,-0.875667
-1.1063849e-005,-0.874
-1.1063599e-005,-0.874
-1.1063349e-005,-0.874
-1.1063099e-005,-0.875667
-1.1062849e-005,-0.874
-1.1062599e-005,-0.874
-1.1062349e-005,-0.874
-1.1062099e-005,-0.875667
-1.1061849e-005,-0.874
-1.1061599e-005,-0.874
-1.1061349e-005,-0.874
-1.1061099e-005,-0.875667
-1.1060849e-005,-0.874
-1.1060599e-005,-0.874
-1.1060349e-005,-0.874
-1.1060099e-005,-0.875667
-1.1059849e-005,-0.874
-1.1059599e-005,-0.874
-1.1059349e-005,-0.874
-1.1059099e-005,-0.875667
-1.1058849e-005,-0.874
-1.1058599e-005,-0.874
-1.1058349e-005,-0.874
-1.1058099e-005,-0.875667
-1.1057849e-005,-0.874
-1.1057599e-005,-0.874
-1.1057349e-005,-0.874
-1.1057099e-005,-0.875667
-1.1056849e-005,-0.874
-1.1056599e-005,-0.874
-1.1056349e-005,-0.874
-1.1056099e-005,-0.875667
-1.1055849e-005,-0.874
-1.1055599e-005,-0.874
-1.1055349e-005,-0.874
-1.1055099e-005,-0.874
-1.1054849e-005,-0.874
-1.1054599e-005,-0.874
-1.1054349e-005,-0.874
-1.1054099e-005,-0.874
-1.1053849e-005,-0.874
-1.1053599e-005,-0.874
-1.1053349e-005,-0.874
-1.1053099e-005,-0.874
-1.1052849e-005,-0.874
-1.1052599e-005,-0.874
-1.1052349e-005,-0.874
-1.1052099e-005,-0.875667
-1.1051849e-005,-0.874
-1.1051599e-005,-0.874
-1.1051349e-005,-0.875667
-1.1051099e-005,-0.875667
-1.1050849e-005,-0.874
-1.1050599e-005,-0.874
-1.1050349e-005,-0.875667
-1.1050099e-005,-0.875667
-1.1049849e-005,-0.874
-1.1049599e-005,-0.874
-1.1049349e-005,-0.875667
-1.1049099e-005,-0.875667
-1.1048849e-005,-0.874
-1.1048599e-005,-0.874
-1.1048349e-005,-0.874
-1.1048099e-005,-0.875667
-1.1047849e-005,-0.874
-1.1047599e-005,-0.874
-1.1047349e-005,-0.874
-1.1047099e-005,-0.875667
-1.1046849e-005,-0.874
-1.1046599e-005,-0.874
-1.1046349e-005,-0.874
-1.1046099e-005,-0.875667
-1.1045849e-005,-0.874
-1.1045599e-005,-0.874
-1.1045349e-005,-0.874
-1.1045099e-005,-0.875667
-1.1044849e-005,-0.874
-1.1044599e-005,-0.874
-1.1044349e-005,-0.874
-1.1044099e-005,-0.875667
-1.1043849e-005,-0.874
-1.1043599e-005,-0.874
-1.1043349e-005,-0.874
-1.1043099e-005,-0.875667
-1.1042849e-005,-0.874
-1.1042599e-005,-0.874
-1.1042349e-005,-0.874
-1.1042099e-005,-0.874
-1.1041849e-005,-0.874
-1.1041599e-005,-0.874
-1.1041349e-005,-0.874
-1.1041099e-005,-0.874
-1.1040849e-005,-0.874
-1.1040599e-005,-0.874
-1.1040349e-005,-0.874
-1.1040099e-005,-0.875667
-1.1039849e-005,-0.874
-1.1039599e-005,-0.874
-1.1039349e-005,-0.874
-1.1039099e-005,-0.875667
-1.1038849e-005,-0.874
-1.1038599e-005,-0.874
-1.1038349e-005,-0.874
-1.1038099e-005,-0.875667
-1.1037849e-005,-0.874
-1.1037599e-005,-0.874
-1.1037349e-005,-0.875667
-1.1037099e-005,-0.875667
-1.1036849e-005,-0.874
-1.1036599e-005,-0.874
-1.1036349e-005,-0.875667
-1.1036099e-005,-0.875667
-1.1035849e-005,-0.874
-1.1035599e-005,-0.874
-1.1035349e-005,-0.875667
-1.1035099e-005,-0.875667
-1.1034849e-005,-0.874
-1.1034599e-005,-0.874
-1.1034349e-005,-0.874
-1.1034099e-005,-0.875667
-1.1033849e-005,-0.874
-1.1033599e-005,-0.874
-1.1033349e-005,-0.874
-1.1033099e-005,-0.875667
-1.1032849e-005,-0.874
-1.1032599e-005,-0.874
-1.1032349e-005,-0.874
-1.1032099e-005,-0.875667
-1.1031849e-005,-0.874
-1.1031599e-005,-0.874
-1.1031349e-005,-0.874
-1.1031099e-005,-0.875667
-1.1030849e-005,-0.874
-1.1030599e-005,-0.874
-1.1030349e-005,-0.874
-1.1030099e-005,-0.875667
-1.1029849e-005,-0.874
-1.1029599e-005,-0.874
-1.1029349e-005,-0.874
-1.1029099e-005,-0.875667
-1.1028849e-005,-0.874
-1.1028599e-005,-0.874
-1.1028349e-005,-0.875667
-1.1028099e-005,-0.875667
-1.1027849e-005,-0.874
-1.1027599e-005,-0.874
-1.1027349e-005,-0.875667
-1.1027099e-005,-0.875667
-1.1026849e-005,-0.874
-1.1026599e-005,-0.874
-1.1026349e-005,-0.875667
-1.1026099e-005,-0.875667
-1.1025849e-005,-0.874
-1.1025599e-005,-0.874
-1.1025349e-005,-0.875667
-1.1025099e-005,-0.875667
-1.1024849e-005,-0.874
-1.1024599e-005,-0.874
-1.1024349e-005,-0.875667
-1.1024099e-005,-0.874
-1.1023849e-005,-0.874
-1.1023599e-005,-0.874
-1.1023349e-005,-0.875667
-1.1023099e-005,-0.874
-1.1022849e-005,-0.874
-1.1022599e-005,-0.874
-1.1022349e-005,-0.875667
-1.1022099e-005,-0.875667
-1.1021849e-005,-0.874
-1.1021599e-005,-0.874
-1.1021349e-005,-0.875667
-1.1021099e-005,-0.875667
-1.1020849e-005,-0.874
-1.1020599e-005,-0.874
-1.1020349e-005,-0.875667
-1.1020099e-005,-0.875667
-1.1019849e-005,-0.874
-1.1019599e-005,-0.874
-1.1019349e-005,-0.875667
-1.1019099e-005,-0.875667
-1.1018849e-005,-0.874
-1.1018599e-005,-0.874
-1.1018349e-005,-0.875667
-1.1018099e-005,-0.875667
-1.1017849e-005,-0.874
-1.1017599e-005,-0.874
-1.1017349e-005,-0.875667
-1.1017099e-005,-0.875667
-1.1016849e-005,-0.874
-1.1016599e-005,-0.874
-1.1016349e-005,-0.875667
-1.1016099e-005,-0.875667
-1.1015849e-005,-0.874
-1.1015599e-005,-0.874
-1.1015349e-005,-0.875667
-1.1015099e-005,-0.875667
-1.1014849e-005,-0.874
-1.1014599e-005,-0.874
-1.1014349e-005,-0.875667
-1.1014099e-005,-0.875667
-1.1013849e-005,-0.874
-1.1013599e-005,-0.874
-1.1013349e-005,-0.875667
-1.1013099e-005,-0.875667
-1.1012849e-005,-0.874
-1.1012599e-005,-0.874
-1.1012349e-005,-0.875667
-1.1012099e-005,-0.875667
-1.1011849e-005,-0.874
-1.1011599e-005,-0.874
-1.1011349e-005,-0.875667
-1.1011099e-005,-0.874
-1.1010849e-005,-0.874
-1.1010599e-005,-0.874
-1.1010349e-005,-0.875667
-1.1010099e-005,-0.874
-1.1009849e-005,-0.874
-1.1009599e-005,-0.874
-1.1009349e-005,-0.875667
-1.1009099e-005,-0.875667
-1.1008849e-005,-0.874
-1.1008599e-005,-0.874
-1.1008349e-005,-0.875667
-1.1008099e-005,-0.875667
-1.1007849e-005,-0.874
-1.1007599e-005,-0.874
-1.1007349e-005,-0.875667
-1.1007099e-005,-0.875667
-1.1006849e-005,-0.874
-1.1006599e-005,-0.874
-1.1006349e-005,-0.875667
-1.1006099e-005,-0.875667
-1.1005849e-005,-0.874
-1.1005599e-005,-0.874
-1.1005349e-005,-0.875667
-1.1005099e-005,-0.875667
-1.1004849e-005,-0.874
-1.1004599e-005,-0.874
-1.1004349e-005,-0.875667
-1.1004099e-005,-0.875667
-1.1003849e-005,-0.874
-1.1003599e-005,-0.874
-1.1003349e-005,-0.875667
-1.1003099e-005,-0.875667
-1.1002849e-005,-0.874
-1.1002599e-005,-0.874
-1.1002349e-005,-0.875667
-1.1002099e-005,-0.875667
-1.1001849e-005,-0.874
-1.1001599e-005,-0.874
-1.1001349e-005,-0.875667
-1.1001099e-005,-0.875667
-1.1000849e-005,-0.874
-1.1000599e-005,-0.874
-1.1000349e-005,-0.875667
-1.1000099e-005,-0.875667
-1.0999849e-005,-0.874
-1.0999599e-005,-0.874
-1.0999349e-005,-0.875667
-1.0999099e-005,-0.875667
-1.0998849e-005,-0.874
-1.0998599e-005,-0.874
-1.0998349e-005,-0.875667
-1.0998099e-005,-0.875667
-1.0997849e-005,-0.874
-1.0997599e-005,-0.874
-1.0997349e-005,-0.875667
-1.0997099e-005,-0.875667
-1.0996849e-005,-0.874
-1.0996599e-005,-0.874
-1.0996349e-005,-0.875667
-1.0996099e-005,-0.875667
-1.0995849e-005,-0.874
-1.0995599e-005,-0.874
-1.0995349e-005,-0.875667
-1.0995099e-005,-0.875667
-1.0994849e-005,-0.874
-1.0994599e-005,-0.874
-1.0994349e-005,-0.875667
-1.0994099e-005,-0.875667
-1.0993849e-005,-0.874
-1.0993599e-005,-0.874
-1.0993349e-005,-0.875667
-1.0993099e-005,-0.875667
-1.0992849e-005,-0.874
-1.0992599e-005,-0.874
-1.0992349e-005,-0.875667
-1.0992099e-005,-0.875667
-1.0991849e-005,-0.874
-1.0991599e-005,-0.874
-1.0991349e-005,-0.875667
-1.0991099e-005,-0.874
-1.0990849e-005,-0.874
-1.0990599e-005,-0.874
-1.0990349e-005,-0.875667
-1.0990099e-005,-0.874
-1.0989849e-005,-0.874
-1.0989599e-005,-0.874
-1.0989349e-005,-0.875667
-1.0989099e-005,-0.875667
-1.0988849e-005,-0.874
-1.0988599e-005,-0.874
-1.0988349e-005,-0.875667
-1.0988099e-005,-0.875667
-1.0987849e-005,-0.874
-1.0987599e-005,-0.874
-1.0987349e-005,-0.875667
-1.0987099e-005,-0.875667
-1.0986849e-005,-0.875667
-1.0986599e-005,-0.874
-1.0986349e-005,-0.875667
-1.0986099e-005,-0.875667
-1.0985849e-005,-0.874
-1.0985599e-005,-0.874
-1.0985349e-005,-0.875667
-1.0985099e-005,-0.875667
-1.0984849e-005,-0.875667
-1.0984599e-005,-0.874
-1.0984349e-005,-0.875667
-1.0984099e-005,-0.875667
-1.0983849e-005,-0.875667
-1.0983599e-005,-0.874
-1.0983349e-005,-0.875667
-1.0983099e-005,-0.875667
-1.0982849e-005,-0.874
-1.0982599e-005,-0.874
-1.0982349e-005,-0.875667
-1.0982099e-005,-0.874
-1.0981849e-005,-0.874
-1.0981599e-005,-0.874
-1.0981349e-005,-0.875667
-1.0981099e-005,-0.875667
-1.0980849e-005,-0.874
-1.0980599e-005,-0.874
-1.0980349e-005,-0.875667
-1.0980099e-005,-0.875667
-1.0979849e-005,-0.874
-1.0979599e-005,-0.874
-1.0979349e-005,-0.875667
-1.0979099e-005,-0.875667
-1.0978849e-005,-0.874
-1.0978599e-005,-0.874
-1.0978349e-005,-0.875667
-1.0978099e-005,-0.875667
-1.0977849e-005,-0.874
-1.0977599e-005,-0.874
-1.0977349e-005,-0.875667
-1.0977099e-005,-0.875667
-1.0976849e-005,-0.874
-1.0976599e-005,-0.874
-1.0976349e-005,-0.875667
-1.0976099e-005,-0.875667
-1.0975849e-005,-0.874
-1.0975599e-005,-0.874
-1.0975349e-005,-0.875667
-1.0975099e-005,-0.874
-1.0974849e-005,-0.874
-1.0974599e-005,-0.874
-1.0974349e-005,-0.875667
-1.0974099e-005,-0.875667
-1.0973849e-005,-0.874
-1.0973599e-005,-0.874
-1.0973349e-005,-0.875667
-1.0973099e-005,-0.875667
-1.0972849e-005,-0.874
-1.0972599e-005,-0.874
-1.0972349e-005,-0.875667
-1.0972099e-005,-0.875667
-1.0971849e-005,-0.874
-1.0971599e-005,-0.874
-1.0971349e-005,-0.875667
-1.0971099e-005,-0.875667
-1.0970849e-005,-0.874
-1.0970599e-005,-0.874
-1.0970349e-005,-0.874
-1.0970099e-005,-0.874
-1.0969849e-005,-0.874
-1.0969599e-005,-0.874
-1.0969349e-005,-0.875667
-1.0969099e-005,-0.875667
-1.0968849e-005,-0.874
-1.0968599e-005,-0.874
-1.0968349e-005,-0.875667
-1.0968099e-005,-0.875667
-1.0967849e-005,-0.875667
-1.0967599e-005,-0.874
-1.0967349e-005,-0.875667
-1.0967099e-005,-0.875667
-1.0966849e-005,-0.875667
-1.0966599e-005,-0.874
-1.0966349e-005,-0.875667
-1.0966099e-005,-0.875667
-1.0965849e-005,-0.875667
-1.0965599e-005,-0.874
-1.0965349e-005,-0.875667
-1.0965099e-005,-0.875667
-1.0964849e-005,-0.874
-1.0964599e-005,-0.874
-1.0964349e-005,-0.875667
-1.0964099e-005,-0.875667
-1.0963849e-005,-0.874
-1.0963599e-005,-0.874
-1.0963349e-005,-0.875667
-1.0963099e-005,-0.875667
-1.0962849e-005,-0.874
-1.0962599e-005,-0.874
-1.0962349e-005,-0.875667
-1.0962099e-005,-0.875667
-1.0961849e-005,-0.874
-1.0961599e-005,-0.874
-1.0961349e-005,-0.875667
-1.0961099e-005,-0.875667
-1.0960849e-005,-0.874
-1.0960599e-005,-0.874
-1.0960349e-005,-0.874
-1.0960099e-005,-0.875667
-1.0959849e-005,-0.874
-1.0959599e-005,-0.874
-1.0959349e-005,-0.875667
-1.0959099e-005,-0.875667
-1.0958849e-005,-0.874
-1.0958599e-005,-0.874
-1.0958349e-005,-0.875667
-1.0958099e-005,-0.875667
-1.0957849e-005,-0.874
-1.0957599e-005,-0.874
-1.0957349e-005,-0.875667
-1.0957099e-005,-0.875667
-1.0956849e-005,-0.874
-1.0956599e-005,-0.874
-1.0956349e-005,-0.875667
-1.0956099e-005,-0.875667
-1.0955849e-005,-0.874
-1.0955599e-005,-0.874
-1.0955349e-005,-0.875667
-1.0955099e-005,-0.875667
-1.0954849e-005,-0.874
-1.0954599e-005,-0.874
-1.0954349e-005,-0.875667
-1.0954099e-005,-0.875667
-1.0953849e-005,-0.874
-1.0953599e-005,-0.874
-1.0953349e-005,-0.875667
-1.0953099e-005,-0.875667
-1.0952849e-005,-0.874
-1.0952599e-005,-0.874
-1.0952349e-005,-0.875667
-1.0952099e-005,-0.875667
-1.0951849e-005,-0.874
-1.0951599e-005,-0.874
-1.0951349e-005,-0.875667
-1.0951099e-005,-0.875667
-1.0950849e-005,-0.874
-1.0950599e-005,-0.874
-1.0950349e-005,-0.875667
-1.0950099e-005,-0.875667
-1.0949849e-005,-0.874
-1.0949599e-005,-0.874
-1.0949349e-005,-0.875667
-1.0949099e-005,-0.875667
-1.0948849e-005,-0.874
-1.0948599e-005,-0.874
-1.0948349e-005,-0.875667
-1.0948099e-005,-0.875667
-1.0947849e-005,-0.874
-1.0947599e-005,-0.874
-1.0947349e-005,-0.875667
-1.0947099e-005,-0.875667
-1.0946849e-005,-0.874
-1.0946599e-005,-0.874
-1.0946349e-005,-0.875667
-1.0946099e-005,-0.875667
-1.0945849e-005,-0.874
-1.0945599e-005,-0.874
-1.0945349e-005,-0.875667
-1.0945099e-005,-0.875667
-1.0944849e-005,-0.874
-1.0944599e-005,-0.874
-1.0944349e-005,-0.875667
-1.0944099e-005,-0.875667
-1.0943849e-005,-0.874
-1.0943599e-005,-0.874
-1.0943349e-005,-0.875667
-1.0943099e-005,-0.875667
-1.0942849e-005,-0.875667
-1.0942599e-005,-0.874
-1.0942349e-005,-0.875667
-1.0942099e-005,-0.875667
-1.0941849e-005,-0.875667
-1.0941599e-005,-0.874
-1.0941349e-005,-0.875667
-1.0941099e-005,-0.875667
-1.0940849e-005,-0.875667
-1.0940599e-005,-0.874
-1.0940349e-005,-0.875667
-1.0940099e-005,-0.875667
-1.0939849e-005,-0.875667
-1.0939599e-005,-0.874
-1.0939349e-005,-0.875667
-1.0939099e-005,-0.875667
-1.0938849e-005,-0.875667
-1.0938599e-005,-0.874
-1.0938349e-005,-0.875667
-1.0938099e-005,-0.875667
-1.0937849e-005,-0.875667
-1.0937599e-005,-0.874
-1.0937349e-005,-0.875667
-1.0937099e-005,-0.875667
-1.0936849e-005,-0.875667
-1.0936599e-005,-0.874
-1.0936349e-005,-0.875667
-1.0936099e-005,-0.875667
-1.0935849e-005,-0.875667
-1.0935599e-005,-0.874
-1.0935349e-005,-0.875667
-1.0935099e-005,-0.875667
-1.0934849e-005,-0.874
-1.0934599e-005,-0.874
-1.0934349e-005,-0.875667
-1.0934099e-005,-0.875667
-1.0933849e-005,-0.874
-1.0933599e-005,-0.874
-1.0933349e-005,-0.875667
-1.0933099e-005,-0.875667
-1.0932849e-005,-0.874
-1.0932599e-005,-0.874
-1.0932349e-005,-0.875667
-1.0932099e-005,-0.875667
-1.0931849e-005,-0.874
-1.0931599e-005,-0.874
-1.0931349e-005,-0.875667
-1.0931099e-005,-0.875667
-1.0930849e-005,-0.874
-1.0930599e-005,-0.874
-1.0930349e-005,-0.875667
-1.0930099e-005,-0.875667
-1.0929849e-005,-0.874
-1.0929599e-005,-0.874
-1.0929349e-005,-0.875667
-1.0929099e-005,-0.875667
-1.0928849e-005,-0.874
-1.0928599e-005,-0.874
-1.0928349e-005,-0.875667
-1.0928099e-005,-0.875667
-1.0927849e-005,-0.874
-1.0927599e-005,-0.874
-1.0927349e-005,-0.875667
-1.0927099e-005,-0.874
-1.0926849e-005,-0.874
-1.0926599e-005,-0.874
-1.0926349e-005,-0.875667
-1.0926099e-005,-0.875667
-1.0925849e-005,-0.874
-1.0925599e-005,-0.874
-1.0925349e-005,-0.874
-1.0925099e-005,-0.875667
-1.0924849e-005,-0.874
-1.0924599e-005,-0.874
-1.0924349e-005,-0.874
-1.0924099e-005,-0.874
-1.0923849e-005,-0.874
-1.0923599e-005,-0.874
-1.0923349e-005,-0.874
-1.0923099e-005,-0.875667
-1.0922849e-005,-0.874
-1.0922599e-005,-0.874
-1.0922349e-005,-0.875667
-1.0922099e-005,-0.875667
-1.0921849e-005,-0.874
-1.0921599e-005,-0.874
-1.0921349e-005,-0.875667
-1.0921099e-005,-0.875667
-1.0920849e-005,-0.874
-1.0920599e-005,-0.874
-1.0920349e-005,-0.875667
-1.0920099e-005,-0.875667
-1.0919849e-005,-0.874
-1.0919599e-005,-0.874
-1.0919349e-005,-0.875667
-1.0919099e-005,-0.875667
-1.0918849e-005,-0.874
-1.0918599e-005,-0.874
-1.0918349e-005,-0.875667
-1.0918099e-005,-0.874
-1.0917849e-005,-0.874
-1.0917599e-005,-0.874
-1.0917349e-005,-0.875667
-1.0917099e-005,-0.874
-1.0916849e-005,-0.874
-1.0916599e-005,-0.874
-1.0916349e-005,-0.875667
-1.0916099e-005,-0.874
-1.0915849e-005,-0.874
-1.0915599e-005,-0.874
-1.0915349e-005,-0.875667
-1.0915099e-005,-0.874
-1.0914849e-005,-0.874
-1.0914599e-005,-0.874
-1.0914349e-005,-0.875667
-1.0914099e-005,-0.874
-1.0913849e-005,-0.874
-1.0913599e-005,-0.874
-1.0913349e-005,-0.875667
-1.0913099e-005,-0.874
-1.0912849e-005,-0.874
-1.0912599e-005,-0.874
-1.0912349e-005,-0.875667
-1.0912099e-005,-0.874
-1.0911849e-005,-0.874
-1.0911599e-005,-0.874
-1.0911349e-005,-0.875667
-1.0911099e-005,-0.874
-1.0910849e-005,-0.874
-1.0910599e-005,-0.874
-1.0910349e-005,-0.875667
-1.0910099e-005,-0.874
-1.0909849e-005,-0.874
-1.0909599e-005,-0.874
-1.0909349e-005,-0.875667
-1.0909099e-005,-0.875667
-1.0908849e-005,-0.874
-1.0908599e-005,-0.874
-1.0908349e-005,-0.874
-1.0908099e-005,-0.875667
-1.0907849e-005,-0.874
-1.0907599e-005,-0.874
-1.0907349e-005,-0.874
-1.0907099e-005,-0.875667
-1.0906849e-005,-0.874
-1.0906599e-005,-0.874
-1.0906349e-005,-0.874
-1.0906099e-005,-0.875667
-1.0905849e-005,-0.874
-1.0905599e-005,-0.874
-1.0905349e-005,-0.874
-1.0905099e-005,-0.875667
-1.0904849e-005,-0.874
-1.0904599e-005,-0.874
-1.0904349e-005,-0.875667
-1.0904099e-005,-0.875667
-1.0903849e-005,-0.874
-1.0903599e-005,-0.874
-1.0903349e-005,-0.875667
-1.0903099e-005,-0.875667
-1.0902849e-005,-0.874
-1.0902599e-005,-0.874
-1.0902349e-005,-0.875667
-1.0902099e-005,-0.875667
-1.0901849e-005,-0.874
-1.0901599e-005,-0.874
-1.0901349e-005,-0.875667
-1.0901099e-005,-0.874
-1.0900849e-005,-0.874
-1.0900599e-005,-0.874
-1.0900349e-005,-0.874
-1.0900099e-005,-0.874
-1.0899849e-005,-0.874
-1.0899599e-005,-0.874
-1.0899349e-005,-0.874
-1.0899099e-005,-0.874
-1.0898849e-005,-0.874
-1.0898599e-005,-0.874
-1.0898349e-005,-0.874
-1.0898099e-005,-0.874
-1.0897849e-005,-0.874
-1.0897599e-005,-0.874
-1.0897349e-005,-0.874
-1.0897099e-005,-0.874
-1.0896849e-005,-0.874
-1.0896599e-005,-0.874
-1.0896349e-005,-0.874
-1.0896099e-005,-0.874
-1.0895849e-005,-0.874
-1.0895599e-005,-0.874
-1.0895349e-005,-0.874
-1.0895099e-005,-0.874
-1.0894849e-005,-0.874
-1.0894599e-005,-0.874
-1.0894349e-005,-0.874
-1.0894099e-005,-0.874
-1.0893849e-005,-0.874
-1.0893599e-005,-0.874
-1.0893349e-005,-0.874
-1.0893099e-005,-0.874
-1.0892849e-005,-0.874
-1.0892599e-005,-0.874
-1.0892349e-005,-0.874
-1.0892099e-005,-0.874
-1.0891849e-005,-0.874
-1.0891599e-005,-0.874
-1.0891349e-005,-0.874
-1.0891099e-005,-0.874
-1.0890849e-005,-0.874
-1.0890599e-005,-0.874
-1.0890349e-005,-0.874
-1.0890099e-005,-0.875667
-1.0889849e-005,-0.874
-1.0889599e-005,-0.874
-1.0889349e-005,-0.875667
-1.0889099e-005,-0.875667
-1.0888849e-005,-0.874
-1.0888599e-005,-0.874
-1.0888349e-005,-0.875667
-1.0888099e-005,-0.875667
-1.0887849e-005,-0.874
-1.0887599e-005,-0.874
-1.0887349e-005,-0.875667
-1.0887099e-005,-0.875667
-1.0886849e-005,-0.874
-1.0886599e-005,-0.874
-1.0886349e-005,-0.875667
-1.0886099e-005,-0.875667
-1.0885849e-005,-0.874
-1.0885599e-005,-0.874
-1.0885349e-005,-0.875667
-1.0885099e-005,-0.875667
-1.0884849e-005,-0.875667
-1.0884599e-005,-0.874
-1.0884349e-005,-0.875667
-1.0884099e-005,-0.875667
-1.0883849e-005,-0.875667
-1.0883599e-005,-0.874
-1.0883349e-005,-0.875667
-1.0883099e-005,-0.875667
-1.0882849e-005,-0.874
-1.0882599e-005,-0.874
-1.0882349e-005,-0.875667
-1.0882099e-005,-0.875667
-1.0881849e-005,-0.874
-1.0881599e-005,-0.874
-1.0881349e-005,-0.875667
-1.0881099e-005,-0.875667
-1.0880849e-005,-0.874
-1.0880599e-005,-0.874
-1.0880349e-005,-0.875667
-1.0880099e-005,-0.875667
-1.0879849e-005,-0.874
-1.0879599e-005,-0.874
-1.0879349e-005,-0.875667
-1.0879099e-005,-0.875667
-1.0878849e-005,-0.874
-1.0878599e-005,-0.874
-1.0878349e-005,-0.875667
-1.0878099e-005,-0.875667
-1.0877849e-005,-0.874
-1.0877599e-005,-0.874
-1.0877349e-005,-0.875667
-1.0877099e-005,-0.874
-1.0876849e-005,-0.874
-1.0876599e-005,-0.874
-1.0876349e-005,-0.875667
-1.0876099e-005,-0.874
-1.0875849e-005,-0.874
-1.0875599e-005,-0.874
-1.0875349e-005,-0.875667
-1.0875099e-005,-0.875667
-1.0874849e-005,-0.874
-1.0874599e-005,-0.874
-1.0874349e-005,-0.874
-1.0874099e-005,-0.875667
-1.0873849e-005,-0.874
-1.0873599e-005,-0.874
-1.0873349e-005,-0.874
-1.0873099e-005,-0.875667
-1.0872849e-005,-0.874
-1.0872599e-005,-0.874
-1.0872349e-005,-0.874
-1.0872099e-005,-0.875667
-1.0871849e-005,-0.875667
-1.0871599e-005,-0.874
-1.0871349e-005,-0.875667
-1.0871099e-005,-0.875667
-1.0870849e-005,-0.875667
-1.0870599e-005,-0.874
-1.0870349e-005,-0.875667
-1.0870099e-005,-0.875667
-1.0869849e-005,-0.875667
-1.0869599e-005,-0.874
-1.0869349e-005,-0.875667
-1.0869099e-005,-0.875667
-1.0868849e-005,-0.875667
-1.0868599e-005,-0.874
-1.0868349e-005,-0.875667
-1.0868099e-005,-0.875667
-1.0867849e-005,-0.875667
-1.0867599e-005,-0.874
-1.0867349e-005,-0.875667
-1.0867099e-005,-0.875667
-1.0866849e-005,-0.874
-1.0866599e-005,-0.874
-1.0866349e-005,-0.875667
-1.0866099e-005,-0.875667
-1.0865849e-005,-0.874
-1.0865599e-005,-0.874
-1.0865349e-005,-0.874
-1.0865099e-005,-0.875667
-1.0864849e-005,-0.874
-1.0864599e-005,-0.874
-1.0864349e-005,-0.874
-1.0864099e-005,-0.875667
-1.0863849e-005,-0.874
-1.0863599e-005,-0.874
-1.0863349e-005,-0.874
-1.0863099e-005,-0.875667
-1.0862849e-005,-0.874
-1.0862599e-005,-0.874
-1.0862349e-005,-0.875667
-1.0862099e-005,-0.875667
-1.0861849e-005,-0.874
-1.0861599e-005,-0.874
-1.0861349e-005,-0.875667
-1.0861099e-005,-0.875667
-1.0860849e-005,-0.874
-1.0860599e-005,-0.874
-1.0860349e-005,-0.875667
-1.0860099e-005,-0.875667
-1.0859849e-005,-0.874
-1.0859599e-005,-0.874
-1.0859349e-005,-0.875667
-1.0859099e-005,-0.875667
-1.0858849e-005,-0.874
-1.0858599e-005,-0.874
-1.0858349e-005,-0.875667
-1.0858099e-005,-0.875667
-1.0857849e-005,-0.874
-1.0857599e-005,-0.874
-1.0857349e-005,-0.875667
-1.0857099e-005,-0.875667
-1.0856849e-005,-0.874
-1.0856599e-005,-0.874
-1.0856349e-005,-0.875667
-1.0856099e-005,-0.875667
-1.0855849e-005,-0.874
-1.0855599e-005,-0.874
-1.0855349e-005,-0.875667
-1.0855099e-005,-0.875667
-1.0854849e-005,-0.874
-1.0854599e-005,-0.874
-1.0854349e-005,-0.875667
-1.0854099e-005,-0.875667
-1.0853849e-005,-0.874
-1.0853599e-005,-0.874
-1.0853349e-005,-0.875667
-1.0853099e-005,-0.875667
-1.0852849e-005,-0.874
-1.0852599e-005,-0.874
-1.0852349e-005,-0.875667
-1.0852099e-005,-0.875667
-1.0851849e-005,-0.874
-1.0851599e-005,-0.874
-1.0851349e-005,-0.875667
-1.0851099e-005,-0.875667
-1.0850849e-005,-0.874
-1.0850599e-005,-0.874
-1.0850349e-005,-0.875667
-1.0850099e-005,-0.875667
-1.0849849e-005,-0.874
-1.0849599e-005,-0.874
-1.0849349e-005,-0.875667
-1.0849099e-005,-0.875667
-1.0848849e-005,-0.874
-1.0848599e-005,-0.874
-1.0848349e-005,-0.874
-1.0848099e-005,-0.875667
-1.0847849e-005,-0.874
-1.0847599e-005,-0.874
-1.0847349e-005,-0.874
-1.0847099e-005,-0.875667
-1.0846849e-005,-0.874
-1.0846599e-005,-0.874
-1.0846349e-005,-0.874
-1.0846099e-005,-0.875667
-1.0845849e-005,-0.874
-1.0845599e-005,-0.874
-1.0845349e-005,-0.875667
-1.0845099e-005,-0.875667
-1.0844849e-005,-0.874
-1.0844599e-005,-0.874
-1.0844349e-005,-0.875667
-1.0844099e-005,-0.875667
-1.0843849e-005,-0.874
-1.0843599e-005,-0.874
-1.0843349e-005,-0.875667
-1.0843099e-005,-0.875667
-1.0842849e-005,-0.874
-1.0842599e-005,-0.874
-1.0842349e-005,-0.875667
-1.0842099e-005,-0.875667
-1.0841849e-005,-0.874
-1.0841599e-005,-0.874
-1.0841349e-005,-0.874
-1.0841099e-005,-0.875667
-1.0840849e-005,-0.874
-1.0840599e-005,-0.874
-1.0840349e-005,-0.874
-1.0840099e-005,-0.875667
-1.0839849e-005,-0.874
-1.0839599e-005,-0.874
-1.0839349e-005,-0.874
-1.0839099e-005,-0.875667
-1.0838849e-005,-0.874
-1.0838599e-005,-0.874
-1.0838349e-005,-0.875667
-1.0838099e-005,-0.875667
-1.0837849e-005,-0.874
-1.0837599e-005,-0.874
-1.0837349e-005,-0.874
-1.0837099e-005,-0.875667
-1.0836849e-005,-0.874
-1.0836599e-005,-0.874
-1.0836349e-005,-0.875667
-1.0836099e-005,-0.875667
-1.0835849e-005,-0.874
-1.0835599e-005,-0.874
-1.0835349e-005,-0.875667
-1.0835099e-005,-0.875667
-1.0834849e-005,-0.874
-1.0834599e-005,-0.874
-1.0834349e-005,-0.875667
-1.0834099e-005,-0.875667
-1.0833849e-005,-0.874
-1.0833599e-005,-0.874
-1.0833349e-005,-0.875667
-1.0833099e-005,-0.875667
-1.0832849e-005,-0.874
-1.0832599e-005,-0.874
-1.0832349e-005,-0.875667
-1.0832099e-005,-0.875667
-1.0831849e-005,-0.874
-1.0831599e-005,-0.874
-1.0831349e-005,-0.874
-1.0831099e-005,-0.875667
-1.0830849e-005,-0.874
-1.0830599e-005,-0.874
-1.0830349e-005,-0.874
-1.0830099e-005,-0.875667
-1.0829849e-005,-0.874
-1.0829599e-005,-0.874
-1.0829349e-005,-0.874
-1.0829099e-005,-0.875667
-1.0828849e-005,-0.874
-1.0828599e-005,-0.874
-1.0828349e-005,-0.875667
-1.0828099e-005,-0.875667
-1.0827849e-005,-0.874
-1.0827599e-005,-0.874
-1.0827349e-005,-0.875667
-1.0827099e-005,-0.875667
-1.0826849e-005,-0.874
-1.0826599e-005,-0.874
-1.0826349e-005,-0.875667
-1.0826099e-005,-0.874
-1.0825849e-005,-0.874
-1.0825599e-005,-0.874
-1.0825349e-005,-0.875667
-1.0825099e-005,-0.875667
-1.0824849e-005,-0.874
-1.0824599e-005,-0.874
-1.0824349e-005,-0.875667
-1.0824099e-005,-0.874
-1.0823849e-005,-0.874
-1.0823599e-005,-0.874
-1.0823349e-005,-0.875667
-1.0823099e-005,-0.875667
-1.0822849e-005,-0.874
-1.0822599e-005,-0.874
-1.0822349e-005,-0.875667
-1.0822099e-005,-0.875667
-1.0821849e-005,-0.874
-1.0821599e-005,-0.874
-1.0821349e-005,-0.875667
-1.0821099e-005,-0.875667
-1.0820849e-005,-0.874
-1.0820599e-005,-0.874
-1.0820349e-005,-0.875667
-1.0820099e-005,-0.875667
-1.0819849e-005,-0.874
-1.0819599e-005,-0.874
-1.0819349e-005,-0.874
-1.0819099e-005,-0.875667
-1.0818849e-005,-0.874
-1.0818599e-005,-0.874
-1.0818349e-005,-0.874
-1.0818099e-005,-0.875667
-1.0817849e-005,-0.874
-1.0817599e-005,-0.874
-1.0817349e-005,-0.874
-1.0817099e-005,-0.875667
-1.0816849e-005,-0.874
-1.0816599e-005,-0.874
-1.0816349e-005,-0.874
-1.0816099e-005,-0.875667
-1.0815849e-005,-0.874
-1.0815599e-005,-0.874
-1.0815349e-005,-0.874
-1.0815099e-005,-0.875667
-1.0814849e-005,-0.874
-1.0814599e-005,-0.874
-1.0814349e-005,-0.874
-1.0814099e-005,-0.875667
-1.0813849e-005,-0.874
-1.0813599e-005,-0.874
-1.0813349e-005,-0.875667
-1.0813099e-005,-0.875667
-1.0812849e-005,-0.874
-1.0812599e-005,-0.874
-1.0812349e-005,-0.875667
-1.0812099e-005,-0.875667
-1.0811849e-005,-0.874
-1.0811599e-005,-0.874
-1.0811349e-005,-0.875667
-1.0811099e-005,-0.875667
-1.0810849e-005,-0.874
-1.0810599e-005,-0.874
-1.0810349e-005,-0.875667
-1.0810099e-005,-0.875667
-1.0809849e-005,-0.874
-1.0809599e-005,-0.874
-1.0809349e-005,-0.875667
-1.0809099e-005,-0.875667
-1.0808849e-005,-0.874
-1.0808599e-005,-0.874
-1.0808349e-005,-0.874
-1.0808099e-005,-0.875667
-1.0807849e-005,-0.874
-1.0807599e-005,-0.874
-1.0807349e-005,-0.874
-1.0807099e-005,-0.875667
-1.0806849e-005,-0.874
-1.0806599e-005,-0.874
-1.0806349e-005,-0.874
-1.0806099e-005,-0.875667
-1.0805849e-005,-0.874
-1.0805599e-005,-0.874
-1.0805349e-005,-0.874
-1.0805099e-005,-0.875667
-1.0804849e-005,-0.874
-1.0804599e-005,-0.874
-1.0804349e-005,-0.874
-1.0804099e-005,-0.875667
-1.0803849e-005,-0.874
-1.0803599e-005,-0.874
-1.0803349e-005,-0.874
-1.0803099e-005,-0.874
-1.0802849e-005,-0.874
-1.0802599e-005,-0.874
-1.0802349e-005,-0.874
-1.0802099e-005,-0.874
-1.0801849e-005,-0.874
-1.0801599e-005,-0.874
-1.0801349e-005,-0.875667
-1.0801099e-005,-0.875667
-1.0800849e-005,-0.874
-1.0800599e-005,-0.874
-1.0800349e-005,-0.875667
-1.0800099e-005,-0.875667
-1.0799849e-005,-0.874
-1.0799599e-005,-0.874
-1.0799349e-005,-0.875667
-1.0799099e-005,-0.875667
-1.0798849e-005,-0.874
-1.0798599e-005,-0.874
-1.0798349e-005,-0.875667
-1.0798099e-005,-0.875667
-1.0797849e-005,-0.874
-1.0797599e-005,-0.874
-1.0797349e-005,-0.875667
-1.0797099e-005,-0.875667
-1.0796849e-005,-0.874
-1.0796599e-005,-0.874
-1.0796349e-005,-0.875667
-1.0796099e-005,-0.875667
-1.0795849e-005,-0.874
-1.0795599e-005,-0.874
-1.0795349e-005,-0.875667
-1.0795099e-005,-0.875667
-1.0794849e-005,-0.874
-1.0794599e-005,-0.874
-1.0794349e-005,-0.875667
-1.0794099e-005,-0.875667
-1.0793849e-005,-0.874
-1.0793599e-005,-0.874
-1.0793349e-005,-0.874
-1.0793099e-005,-0.875667
-1.0792849e-005,-0.874
-1.0792599e-005,-0.874
-1.0792349e-005,-0.874
-1.0792099e-005,-0.875667
-1.0791849e-005,-0.874
-1.0791599e-005,-0.874
-1.0791349e-005,-0.875667
-1.0791099e-005,-0.875667
-1.0790849e-005,-0.874
-1.0790599e-005,-0.874
-1.0790349e-005,-0.875667
-1.0790099e-005,-0.875667
-1.0789849e-005,-0.874
-1.0789599e-005,-0.874
-1.0789349e-005,-0.875667
-1.0789099e-005,-0.875667
-1.0788849e-005,-0.874
-1.0788599e-005,-0.874
-1.0788349e-005,-0.875667
-1.0788099e-005,-0.875667
-1.0787849e-005,-0.874
-1.0787599e-005,-0.874
-1.0787349e-005,-0.875667
-1.0787099e-005,-0.875667
-1.0786849e-005,-0.874
-1.0786599e-005,-0.874
-1.0786349e-005,-0.875667
-1.0786099e-005,-0.875667
-1.0785849e-005,-0.874
-1.0785599e-005,-0.874
-1.0785349e-005,-0.875667
-1.0785099e-005,-0.875667
-1.0784849e-005,-0.874
-1.0784599e-005,-0.874
-1.0784349e-005,-0.875667
-1.0784099e-005,-0.875667
-1.0783849e-005,-0.874
-1.0783599e-005,-0.874
-1.0783349e-005,-0.875667
-1.0783099e-005,-0.875667
-1.0782849e-005,-0.874
-1.0782599e-005,-0.874
-1.0782349e-005,-0.875667
-1.0782099e-005,-0.875667
-1.0781849e-005,-0.874
-1.0781599e-005,-0.874
-1.0781349e-005,-0.875667
-1.0781099e-005,-0.875667
-1.0780849e-005,-0.874
-1.0780599e-005,-0.874
-1.0780349e-005,-0.875667
-1.0780099e-005,-0.875667
-1.0779849e-005,-0.874
-1.0779599e-005,-0.874
-1.0779349e-005,-0.875667
-1.0779099e-005,-0.875667
-1.0778849e-005,-0.874
-1.0778599e-005,-0.874
-1.0778349e-005,-0.875667
-1.0778099e-005,-0.875667
-1.0777849e-005,-0.874
-1.0777599e-005,-0.874
-1.0777349e-005,-0.875667
-1.0777099e-005,-0.875667
-1.0776849e-005,-0.874
-1.0776599e-005,-0.874
-1.0776349e-005,-0.875667
-1.0776099e-005,-0.875667
-1.0775849e-005,-0.874
-1.0775599e-005,-0.874
-1.0775349e-005,-0.874
-1.0775099e-005,-0.875667
-1.0774849e-005,-0.874
-1.0774599e-005,-0.874
-1.0774349e-005,-0.875667
-1.0774099e-005,-0.875667
-1.0773849e-005,-0.874
-1.0773599e-005,-0.874
-1.0773349e-005,-0.875667
-1.0773099e-005,-0.875667
-1.0772849e-005,-0.874
-1.0772599e-005,-0.874
-1.0772349e-005,-0.875667
-1.0772099e-005,-0.875667
-1.0771849e-005,-0.874
-1.0771599e-005,-0.874
-1.0771349e-005,-0.874
-1.0771099e-005,-0.875667
-1.0770849e-005,-0.874
-1.0770599e-005,-0.874
-1.0770349e-005,-0.874
-1.0770099e-005,-0.875667
-1.0769849e-005,-0.874
-1.0769599e-005,-0.874
-1.0769349e-005,-0.875667
-1.0769099e-005,-0.875667
-1.0768849e-005,-0.874
-1.0768599e-005,-0.874
-1.0768349e-005,-0.875667
-1.0768099e-005,-0.875667
-1.0767849e-005,-0.874
-1.0767599e-005,-0.874
-1.0767349e-005,-0.875667
-1.0767099e-005,-0.875667
-1.0766849e-005,-0.874
-1.0766599e-005,-0.874
-1.0766349e-005,-0.875667
-1.0766099e-005,-0.875667
-1.0765849e-005,-0.874
-1.0765599e-005,-0.874
-1.0765349e-005,-0.875667
-1.0765099e-005,-0.875667
-1.0764849e-005,-0.874
-1.0764599e-005,-0.874
-1.0764349e-005,-0.875667
-1.0764099e-005,-0.875667
-1.0763849e-005,-0.874
-1.0763599e-005,-0.874
-1.0763349e-005,-0.875667
-1.0763099e-005,-0.875667
-1.0762849e-005,-0.874
-1.0762599e-005,-0.874
-1.0762349e-005,-0.875667
-1.0762099e-005,-0.875667
-1.0761849e-005,-0.874
-1.0761599e-005,-0.874
-1.0761349e-005,-0.875667
-1.0761099e-005,-0.875667
-1.0760849e-005,-0.874
-1.0760599e-005,-0.874
-1.0760349e-005,-0.875667
-1.0760099e-005,-0.875667
-1.0759849e-005,-0.874
-1.0759599e-005,-0.874
-1.0759349e-005,-0.875667
-1.0759099e-005,-0.875667
-1.0758849e-005,-0.874
-1.0758599e-005,-0.874
-1.0758349e-005,-0.875667
-1.0758099e-005,-0.875667
-1.0757849e-005,-0.874
-1.0757599e-005,-0.874
-1.0757349e-005,-0.875667
-1.0757099e-005,-0.875667
-1.0756849e-005,-0.874
-1.0756599e-005,-0.874
-1.0756349e-005,-0.875667
-1.0756099e-005,-0.875667
-1.0755849e-005,-0.874
-1.0755599e-005,-0.874
-1.0755349e-005,-0.874
-1.0755099e-005,-0.875667
-1.0754849e-005,-0.874
-1.0754599e-005,-0.874
-1.0754349e-005,-0.874
-1.0754099e-005,-0.875667
-1.0753849e-005,-0.874
-1.0753599e-005,-0.874
-1.0753349e-005,-0.874
-1.0753099e-005,-0.875667
-1.0752849e-005,-0.874
-1.0752599e-005,-0.874
-1.0752349e-005,-0.874
-1.0752099e-005,-0.875667
-1.0751849e-005,-0.874
-1.0751599e-005,-0.874
-1.0751349e-005,-0.874
-1.0751099e-005,-0.875667
-1.0750849e-005,-0.874
-1.0750599e-005,-0.874
-1.0750349e-005,-0.874
-1.0750099e-005,-0.875667
-1.0749849e-005,-0.874
-1.0749599e-005,-0.874
-1.0749349e-005,-0.874
-1.0749099e-005,-0.875667
-1.0748849e-005,-0.874
-1.0748599e-005,-0.874
-1.0748349e-005,-0.874
-1.0748099e-005,-0.875667
-1.0747849e-005,-0.874
-1.0747599e-005,-0.874
-1.0747349e-005,-0.874
-1.0747099e-005,-0.875667
-1.0746849e-005,-0.874
-1.0746599e-005,-0.874
-1.0746349e-005,-0.874
-1.0746099e-005,-0.875667
-1.0745849e-005,-0.874
-1.0745599e-005,-0.874
-1.0745349e-005,-0.874
-1.0745099e-005,-0.875667
-1.0744849e-005,-0.874
-1.0744599e-005,-0.874
-1.0744349e-005,-0.875667
-1.0744099e-005,-0.875667
-1.0743849e-005,-0.874
-1.0743599e-005,-0.874
-1.0743349e-005,-0.875667
-1.0743099e-005,-0.875667
-1.0742849e-005,-0.874
-1.0742599e-005,-0.874
-1.0742349e-005,-0.875667
-1.0742099e-005,-0.875667
-1.0741849e-005,-0.874
-1.0741599e-005,-0.874
-1.0741349e-005,-0.875667
-1.0741099e-005,-0.875667
-1.0740849e-005,-0.874
-1.0740599e-005,-0.874
-1.0740349e-005,-0.875667
-1.0740099e-005,-0.875667
-1.0739849e-005,-0.874
-1.0739599e-005,-0.874
-1.0739349e-005,-0.875667
-1.0739099e-005,-0.875667
-1.0738849e-005,-0.874
-1.0738599e-005,-0.874
-1.0738349e-005,-0.875667
-1.0738099e-005,-0.875667
-1.0737849e-005,-0.875667
-1.0737599e-005,-0.874
-1.0737349e-005,-0.875667
-1.0737099e-005,-0.875667
-1.0736849e-005,-0.875667
-1.0736599e-005,-0.874
-1.0736349e-005,-0.875667
-1.0736099e-005,-0.875667
-1.0735849e-005,-0.875667
-1.0735599e-005,-0.874
-1.0735349e-005,-0.875667
-1.0735099e-005,-0.875667
-1.0734849e-005,-0.874
-1.0734599e-005,-0.874
-1.0734349e-005,-0.875667
-1.0734099e-005,-0.875667
-1.0733849e-005,-0.874
-1.0733599e-005,-0.874
-1.0733349e-005,-0.875667
-1.0733099e-005,-0.875667
-1.0732849e-005,-0.874
-1.0732599e-005,-0.874
-1.0732349e-005,-0.875667
-1.0732099e-005,-0.875667
-1.0731849e-005,-0.874
-1.0731599e-005,-0.874
-1.0731349e-005,-0.875667
-1.0731099e-005,-0.875667
-1.0730849e-005,-0.874
-1.0730599e-005,-0.874
-1.0730349e-005,-0.875667
-1.0730099e-005,-0.875667
-1.0729849e-005,-0.874
-1.0729599e-005,-0.874
-1.0729349e-005,-0.875667
-1.0729099e-005,-0.875667
-1.0728849e-005,-0.874
-1.0728599e-005,-0.874
-1.0728349e-005,-0.875667
-1.0728099e-005,-0.875667
-1.0727849e-005,-0.874
-1.0727599e-005,-0.874
-1.0727349e-005,-0.875667
-1.0727099e-005,-0.875667
-1.0726849e-005,-0.874
-1.0726599e-005,-0.874
-1.0726349e-005,-0.874
-1.0726099e-005,-0.875667
-1.0725849e-005,-0.874
-1.0725599e-005,-0.874
-1.0725349e-005,-0.874
-1.0725099e-005,-0.875667
-1.0724849e-005,-0.874
-1.0724599e-005,-0.874
-1.0724349e-005,-0.874
-1.0724099e-005,-0.875667
-1.0723849e-005,-0.874
-1.0723599e-005,-0.874
-1.0723349e-005,-0.874
-1.0723099e-005,-0.875667
-1.0722849e-005,-0.874
-1.0722599e-005,-0.874
-1.0722349e-005,-0.875667
-1.0722099e-005,-0.875667
-1.0721849e-005,-0.874
-1.0721599e-005,-0.874
-1.0721349e-005,-0.874
-1.0721099e-005,-0.875667
-1.0720849e-005,-0.874
-1.0720599e-005,-0.874
-1.0720349e-005,-0.874
-1.0720099e-005,-0.875667
-1.0719849e-005,-0.874
-1.0719599e-005,-0.874
-1.0719349e-005,-0.875667
-1.0719099e-005,-0.875667
-1.0718849e-005,-0.874
-1.0718599e-005,-0.874
-1.0718349e-005,-0.875667
-1.0718099e-005,-0.875667
-1.0717849e-005,-0.874
-1.0717599e-005,-0.874
-1.0717349e-005,-0.875667
-1.0717099e-005,-0.875667
-1.0716849e-005,-0.874
-1.0716599e-005,-0.874
-1.0716349e-005,-0.875667
-1.0716099e-005,-0.875667
-1.0715849e-005,-0.874
-1.0715599e-005,-0.874
-1.0715349e-005,-0.875667
-1.0715099e-005,-0.875667
-1.0714849e-005,-0.874
-1.0714599e-005,-0.874
-1.0714349e-005,-0.875667
-1.0714099e-005,-0.875667
-1.0713849e-005,-0.874
-1.0713599e-005,-0.874
-1.0713349e-005,-0.875667
-1.0713099e-005,-0.875667
-1.0712849e-005,-0.874
-1.0712599e-005,-0.874
-1.0712349e-005,-0.875667
-1.0712099e-005,-0.875667
-1.0711849e-005,-0.874
-1.0711599e-005,-0.874
-1.0711349e-005,-0.875667
-1.0711099e-005,-0.875667
-1.0710849e-005,-0.874
-1.0710599e-005,-0.874
-1.0710349e-005,-0.875667
-1.0710099e-005,-0.875667
-1.0709849e-005,-0.874
-1.0709599e-005,-0.874
-1.0709349e-005,-0.875667
-1.0709099e-005,-0.875667
-1.0708849e-005,-0.874
-1.0708599e-005,-0.874
-1.0708349e-005,-0.875667
-1.0708099e-005,-0.875667
-1.0707849e-005,-0.874
-1.0707599e-005,-0.874
-1.0707349e-005,-0.875667
-1.0707099e-005,-0.875667
-1.0706849e-005,-0.874
-1.0706599e-005,-0.874
-1.0706349e-005,-0.875667
-1.0706099e-005,-0.875667
-1.0705849e-005,-0.874
-1.0705599e-005,-0.874
-1.0705349e-005,-0.875667
-1.0705099e-005,-0.875667
-1.0704849e-005,-0.874
-1.0704599e-005,-0.874
-1.0704349e-005,-0.875667
-1.0704099e-005,-0.875667
-1.0703849e-005,-0.874
-1.0703599e-005,-0.874
-1.0703349e-005,-0.875667
-1.0703099e-005,-0.875667
-1.0702849e-005,-0.874
-1.0702599e-005,-0.874
-1.0702349e-005,-0.874
-1.0702099e-005,-0.875667
-1.0701849e-005,-0.874
-1.0701599e-005,-0.874
-1.0701349e-005,-0.874
-1.0701099e-005,-0.875667
-1.0700849e-005,-0.874
-1.0700599e-005,-0.874
-1.0700349e-005,-0.874
-1.0700099e-005,-0.875667
-1.0699849e-005,-0.874
-1.0699599e-005,-0.874
-1.0699349e-005,-0.874
-1.0699099e-005,-0.875667
-1.0698849e-005,-0.874
-1.0698599e-005,-0.874
-1.0698349e-005,-0.874
-1.0698099e-005,-0.874
-1.0697849e-005,-0.874
-1.0697599e-005,-0.874
-1.0697349e-005,-0.874
-1.0697099e-005,-0.874
-1.0696849e-005,-0.874
-1.0696599e-005,-0.874
-1.0696349e-005,-0.874
-1.0696099e-005,-0.874
-1.0695849e-005,-0.874
-1.0695599e-005,-0.874
-1.0695349e-005,-0.874
-1.0695099e-005,-0.874
-1.0694849e-005,-0.874
-1.0694599e-005,-0.874
-1.0694349e-005,-0.874
-1.0694099e-005,-0.874
-1.0693849e-005,-0.874
-1.0693599e-005,-0.874
-1.0693349e-005,-0.874
-1.0693099e-005,-0.874
-1.0692849e-005,-0.874
-1.0692599e-005,-0.874
-1.0692349e-005,-0.874
-1.0692099e-005,-0.875667
-1.0691849e-005,-0.874
-1.0691599e-005,-0.874
-1.0691349e-005,-0.874
-1.0691099e-005,-0.875667
-1.0690849e-005,-0.874
-1.0690599e-005,-0.874
-1.0690349e-005,-0.875667
-1.0690099e-005,-0.875667
-1.0689849e-005,-0.874
-1.0689599e-005,-0.874
-1.0689349e-005,-0.875667
-1.0689099e-005,-0.875667
-1.0688849e-005,-0.874
-1.0688599e-005,-0.874
-1.0688349e-005,-0.875667
-1.0688099e-005,-0.875667
-1.0687849e-005,-0.874
-1.0687599e-005,-0.874
-1.0687349e-005,-0.875667
-1.0687099e-005,-0.875667
-1.0686849e-005,-0.874
-1.0686599e-005,-0.874
-1.0686349e-005,-0.875667
-1.0686099e-005,-0.875667
-1.0685849e-005,-0.874
-1.0685599e-005,-0.874
-1.0685349e-005,-0.875667
-1.0685099e-005,-0.875667
-1.0684849e-005,-0.874
-1.0684599e-005,-0.874
-1.0684349e-005,-0.875667
-1.0684099e-005,-0.875667
-1.0683849e-005,-0.874
-1.0683599e-005,-0.874
-1.0683349e-005,-0.874
-1.0683099e-005,-0.875667
-1.0682849e-005,-0.874
-1.0682599e-005,-0.874
-1.0682349e-005,-0.874
-1.0682099e-005,-0.875667
-1.0681849e-005,-0.874
-1.0681599e-005,-0.874
-1.0681349e-005,-0.875667
-1.0681099e-005,-0.875667
-1.0680849e-005,-0.874
-1.0680599e-005,-0.874
-1.0680349e-005,-0.875667
-1.0680099e-005,-0.875667
-1.0679849e-005,-0.874
-1.0679599e-005,-0.874
-1.0679349e-005,-0.875667
-1.0679099e-005,-0.875667
-1.0678849e-005,-0.874
-1.0678599e-005,-0.874
-1.0678349e-005,-0.875667
-1.0678099e-005,-0.875667
-1.0677849e-005,-0.874
-1.0677599e-005,-0.874
-1.0677349e-005,-0.875667
-1.0677099e-005,-0.875667
-1.0676849e-005,-0.874
-1.0676599e-005,-0.874
-1.0676349e-005,-0.875667
-1.0676099e-005,-0.875667
-1.0675849e-005,-0.874
-1.0675599e-005,-0.874
-1.0675349e-005,-0.874
-1.0675099e-005,-0.875667
-1.0674849e-005,-0.874
-1.0674599e-005,-0.874
-1.0674349e-005,-0.874
-1.0674099e-005,-0.875667
-1.0673849e-005,-0.874
-1.0673599e-005,-0.874
-1.0673349e-005,-0.874
-1.0673099e-005,-0.875667
-1.0672849e-005,-0.874
-1.0672599e-005,-0.874
-1.0672349e-005,-0.874
-1.0672099e-005,-0.875667
-1.0671849e-005,-0.874
-1.0671599e-005,-0.874
-1.0671349e-005,-0.874
-1.0671099e-005,-0.875667
-1.0670849e-005,-0.874
-1.0670599e-005,-0.874
-1.0670349e-005,-0.874
-1.0670099e-005,-0.875667
-1.0669849e-005,-0.874
-1.0669599e-005,-0.874
-1.0669349e-005,-0.874
-1.0669099e-005,-0.875667
-1.0668849e-005,-0.874
-1.0668599e-005,-0.874
-1.0668349e-005,-0.874
-1.0668099e-005,-0.875667
-1.0667849e-005,-0.874
-1.0667599e-005,-0.874
-1.0667349e-005,-0.874
-1.0667099e-005,-0.875667
-1.0666849e-005,-0.874
-1.0666599e-005,-0.874
-1.0666349e-005,-0.874
-1.0666099e-005,-0.875667
-1.0665849e-005,-0.874
-1.0665599e-005,-0.874
-1.0665349e-005,-0.874
-1.0665099e-005,-0.875667
-1.0664849e-005,-0.874
-1.0664599e-005,-0.874
-1.0664349e-005,-0.874
-1.0664099e-005,-0.875667
-1.0663849e-005,-0.874
-1.0663599e-005,-0.874
-1.0663349e-005,-0.874
-1.0663099e-005,-0.875667
-1.0662849e-005,-0.874
-1.0662599e-005,-0.874
-1.0662349e-005,-0.874
-1.0662099e-005,-0.874
-1.0661849e-005,-0.874
-1.0661599e-005,-0.874
-1.0661349e-005,-0.874
-1.0661099e-005,-0.874
-1.0660849e-005,-0.874
-1.0660599e-005,-0.874
-1.0660349e-005,-0.874
-1.0660099e-005,-0.874
-1.0659849e-005,-0.874
-1.0659599e-005,-0.874
-1.0659349e-005,-0.874
-1.0659099e-005,-0.874
-1.0658849e-005,-0.874
-1.0658599e-005,-0.874
-1.0658349e-005,-0.874
-1.0658099e-005,-0.874
-1.0657849e-005,-0.874
-1.0657599e-005,-0.874
-1.0657349e-005,-0.874
-1.0657099e-005,-0.874
-1.0656849e-005,-0.874
-1.0656599e-005,-0.874
-1.0656349e-005,-0.874
-1.0656099e-005,-0.874
-1.0655849e-005,-0.874
-1.0655599e-005,-0.874
-1.0655349e-005,-0.874
-1.0655099e-005,-0.874
-1.0654849e-005,-0.874
-1.0654599e-005,-0.874
-1.0654349e-005,-0.875667
-1.0654099e-005,-0.874
-1.0653849e-005,-0.874
-1.0653599e-005,-0.874
-1.0653349e-005,-0.875667
-1.0653099e-005,-0.875667
-1.0652849e-005,-0.874
-1.0652599e-005,-0.874
-1.0652349e-005,-0.875667
-1.0652099e-005,-0.875667
-1.0651849e-005,-0.874
-1.0651599e-005,-0.874
-1.0651349e-005,-0.875667
-1.0651099e-005,-0.875667
-1.0650849e-005,-0.874
-1.0650599e-005,-0.874
-1.0650349e-005,-0.875667
-1.0650099e-005,-0.875667
-1.0649849e-005,-0.874
-1.0649599e-005,-0.874
-1.0649349e-005,-0.875667
-1.0649099e-005,-0.875667
-1.0648849e-005,-0.874
-1.0648599e-005,-0.874
-1.0648349e-005,-0.875667
-1.0648099e-005,-0.875667
-1.0647849e-005,-0.874
-1.0647599e-005,-0.874
-1.0647349e-005,-0.875667
-1.0647099e-005,-0.875667
-1.0646849e-005,-0.874
-1.0646599e-005,-0.874
-1.0646349e-005,-0.875667
-1.0646099e-005,-0.875667
-1.0645849e-005,-0.874
-1.0645599e-005,-0.874
-1.0645349e-005,-0.875667
-1.0645099e-005,-0.875667
-1.0644849e-005,-0.874
-1.0644599e-005,-0.874
-1.0644349e-005,-0.875667
-1.0644099e-005,-0.875667
-1.0643849e-005,-0.874
-1.0643599e-005,-0.874
-1.0643349e-005,-0.874
-1.0643099e-005,-0.875667
-1.0642849e-005,-0.874
-1.0642599e-005,-0.874
-1.0642349e-005,-0.874
-1.0642099e-005,-0.875667
-1.0641849e-005,-0.874
-1.0641599e-005,-0.874
-1.0641349e-005,-0.874
-1.0641099e-005,-0.875667
-1.0640849e-005,-0.874
-1.0640599e-005,-0.874
-1.0640349e-005,-0.875667
-1.0640099e-005,-0.875667
-1.0639849e-005,-0.874
-1.0639599e-005,-0.874
-1.0639349e-005,-0.875667
-1.0639099e-005,-0.875667
-1.0638849e-005,-0.874
-1.0638599e-005,-0.874
-1.0638349e-005,-0.875667
-1.0638099e-005,-0.875667
-1.0637849e-005,-0.874
-1.0637599e-005,-0.874
-1.0637349e-005,-0.875667
-1.0637099e-005,-0.875667
-1.0636849e-005,-0.874
-1.0636599e-005,-0.874
-1.0636349e-005,-0.875667
-1.0636099e-005,-0.875667
-1.0635849e-005,-0.874
-1.0635599e-005,-0.874
-1.0635349e-005,-0.875667
-1.0635099e-005,-0.875667
-1.0634849e-005,-0.874
-1.0634599e-005,-0.874
-1.0634349e-005,-0.875667
-1.0634099e-005,-0.875667
-1.0633849e-005,-0.874
-1.0633599e-005,-0.874
-1.0633349e-005,-0.875667
-1.0633099e-005,-0.875667
-1.0632849e-005,-0.874
-1.0632599e-005,-0.874
-1.0632349e-005,-0.875667
-1.0632099e-005,-0.874
-1.0631849e-005,-0.874
-1.0631599e-005,-0.874
-1.0631349e-005,-0.875667
-1.0631099e-005,-0.875667
-1.0630849e-005,-0.874
-1.0630599e-005,-0.874
-1.0630349e-005,-0.875667
-1.0630099e-005,-0.875667
-1.0629849e-005,-0.874
-1.0629599e-005,-0.874
-1.0629349e-005,-0.875667
-1.0629099e-005,-0.875667
-1.0628849e-005,-0.874
-1.0628599e-005,-0.874
-1.0628349e-005,-0.875667
-1.0628099e-005,-0.875667
-1.0627849e-005,-0.874
-1.0627599e-005,-0.874
-1.0627349e-005,-0.875667
-1.0627099e-005,-0.875667
-1.0626849e-005,-0.874
-1.0626599e-005,-0.874
-1.0626349e-005,-0.875667
-1.0626099e-005,-0.875667
-1.0625849e-005,-0.874
-1.0625599e-005,-0.874
-1.0625349e-005,-0.875667
-1.0625099e-005,-0.875667
-1.0624849e-005,-0.874
-1.0624599e-005,-0.874
-1.0624349e-005,-0.875667
-1.0624099e-005,-0.875667
-1.0623849e-005,-0.874
-1.0623599e-005,-0.874
-1.0623349e-005,-0.875667
-1.0623099e-005,-0.875667
-1.0622849e-005,-0.874
-1.0622599e-005,-0.874
-1.0622349e-005,-0.875667
-1.0622099e-005,-0.875667
-1.0621849e-005,-0.874
-1.0621599e-005,-0.874
-1.0621349e-005,-0.875667
-1.0621099e-005,-0.875667
-1.0620849e-005,-0.874
-1.0620599e-005,-0.874
-1.0620349e-005,-0.875667
-1.0620099e-005,-0.875667
-1.0619849e-005,-0.874
-1.0619599e-005,-0.874
-1.0619349e-005,-0.875667
-1.0619099e-005,-0.875667
-1.0618849e-005,-0.874
-1.0618599e-005,-0.874
-1.0618349e-005,-0.875667
-1.0618099e-005,-0.875667
-1.0617849e-005,-0.874
-1.0617599e-005,-0.874
-1.0617349e-005,-0.875667
-1.0617099e-005,-0.875667
-1.0616849e-005,-0.874
-1.0616599e-005,-0.874
-1.0616349e-005,-0.875667
-1.0616099e-005,-0.874
-1.0615849e-005,-0.874
-1.0615599e-005,-0.874
-1.0615349e-005,-0.875667
-1.0615099e-005,-0.874
-1.0614849e-005,-0.874
-1.0614599e-005,-0.874
-1.0614349e-005,-0.875667
-1.0614099e-005,-0.874
-1.0613849e-005,-0.874
-1.0613599e-005,-0.874
-1.0613349e-005,-0.874
-1.0613099e-005,-0.874
-1.0612849e-005,-0.874
-1.0612599e-005,-0.874
-1.0612349e-005,-0.874
-1.0612099e-005,-0.874
-1.0611849e-005,-0.874
-1.0611599e-005,-0.874
-1.0611349e-005,-0.875667
-1.0611099e-005,-0.875667
-1.0610849e-005,-0.874
-1.0610599e-005,-0.874
-1.0610349e-005,-0.875667
-1.0610099e-005,-0.875667
-1.0609849e-005,-0.874
-1.0609599e-005,-0.874
-1.0609349e-005,-0.875667
-1.0609099e-005,-0.875667
-1.0608849e-005,-0.874
-1.0608599e-005,-0.874
-1.0608349e-005,-0.875667
-1.0608099e-005,-0.875667
-1.0607849e-005,-0.874
-1.0607599e-005,-0.874
-1.0607349e-005,-0.875667
-1.0607099e-005,-0.875667
-1.0606849e-005,-0.874
-1.0606599e-005,-0.874
-1.0606349e-005,-0.875667
-1.0606099e-005,-0.875667
-1.0605849e-005,-0.875667
-1.0605599e-005,-0.874
-1.0605349e-005,-0.875667
-1.0605099e-005,-0.875667
-1.0604849e-005,-0.875667
-1.0604599e-005,-0.874
-1.0604349e-005,-0.875667
-1.0604099e-005,-0.875667
-1.0603849e-005,-0.875667
-1.0603599e-005,-0.874
-1.0603349e-005,-0.875667
-1.0603099e-005,-0.875667
-1.0602849e-005,-0.874
-1.0602599e-005,-0.874
-1.0602349e-005,-0.875667
-1.0602099e-005,-0.875667
-1.0601849e-005,-0.874
-1.0601599e-005,-0.874
-1.0601349e-005,-0.875667
-1.0601099e-005,-0.875667
-1.0600849e-005,-0.874
-1.0600599e-005,-0.874
-1.0600349e-005,-0.874
-1.0600099e-005,-0.875667
-1.0599849e-005,-0.874
-1.0599599e-005,-0.874
-1.0599349e-005,-0.874
-1.0599099e-005,-0.875667
-1.0598849e-005,-0.874
-1.0598599e-005,-0.874
-1.0598349e-005,-0.874
-1.0598099e-005,-0.875667
-1.0597849e-005,-0.874
-1.0597599e-005,-0.874
-1.0597349e-005,-0.874
-1.0597099e-005,-0.875667
-1.0596849e-005,-0.874
-1.0596599e-005,-0.874
-1.0596349e-005,-0.875667
-1.0596099e-005,-0.875667
-1.0595849e-005,-0.874
-1.0595599e-005,-0.874
-1.0595349e-005,-0.875667
-1.0595099e-005,-0.875667
-1.0594849e-005,-0.874
-1.0594599e-005,-0.874
-1.0594349e-005,-0.875667
-1.0594099e-005,-0.875667
-1.0593849e-005,-0.874
-1.0593599e-005,-0.874
-1.0593349e-005,-0.875667
-1.0593099e-005,-0.875667
-1.0592849e-005,-0.874
-1.0592599e-005,-0.874
-1.0592349e-005,-0.875667
-1.0592099e-005,-0.875667
-1.0591849e-005,-0.874
-1.0591599e-005,-0.874
-1.0591349e-005,-0.875667
-1.0591099e-005,-0.875667
-1.0590849e-005,-0.874
-1.0590599e-005,-0.874
-1.0590349e-005,-0.874
-1.0590099e-005,-0.875667
-1.0589849e-005,-0.874
-1.0589599e-005,-0.874
-1.0589349e-005,-0.874
-1.0589099e-005,-0.875667
-1.0588849e-005,-0.874
-1.0588599e-005,-0.874
-1.0588349e-005,-0.874
-1.0588099e-005,-0.875667
-1.0587849e-005,-0.874
-1.0587599e-005,-0.874
-1.0587349e-005,-0.874
-1.0587099e-005,-0.875667
-1.0586849e-005,-0.874
-1.0586599e-005,-0.874
-1.0586349e-005,-0.874
-1.0586099e-005,-0.875667
-1.0585849e-005,-0.874
-1.0585599e-005,-0.874
-1.0585349e-005,-0.875667
-1.0585099e-005,-0.874
-1.0584849e-005,-0.874
-1.0584599e-005,-0.874
-1.0584349e-005,-0.875667
-1.0584099e-005,-0.875667
-1.0583849e-005,-0.874
-1.0583599e-005,-0.874
-1.0583349e-005,-0.875667
-1.0583099e-005,-0.875667
-1.0582849e-005,-0.874
-1.0582599e-005,-0.874
-1.0582349e-005,-0.874
-1.0582099e-005,-0.875667
-1.0581849e-005,-0.874
-1.0581599e-005,-0.874
-1.0581349e-005,-0.874
-1.0581099e-005,-0.875667
-1.0580849e-005,-0.874
-1.0580599e-005,-0.874
-1.0580349e-005,-0.874
-1.0580099e-005,-0.875667
-1.0579849e-005,-0.874
-1.0579599e-005,-0.874
-1.0579349e-005,-0.874
-1.0579099e-005,-0.875667
-1.0578849e-005,-0.874
-1.0578599e-005,-0.874
-1.0578349e-005,-0.875667
-1.0578099e-005,-0.875667
-1.0577849e-005,-0.874
-1.0577599e-005,-0.874
-1.0577349e-005,-0.875667
-1.0577099e-005,-0.875667
-1.0576849e-005,-0.874
-1.0576599e-005,-0.874
-1.0576349e-005,-0.875667
-1.0576099e-005,-0.875667
-1.0575849e-005,-0.874
-1.0575599e-005,-0.874
-1.0575349e-005,-0.875667
-1.0575099e-005,-0.875667
-1.0574849e-005,-0.874
-1.0574599e-005,-0.874
-1.0574349e-005,-0.875667
-1.0574099e-005,-0.875667
-1.0573849e-005,-0.874
-1.0573599e-005,-0.874
-1.0573349e-005,-0.874
-1.0573099e-005,-0.875667
-1.0572849e-005,-0.874
-1.0572599e-005,-0.874
-1.0572349e-005,-0.874
-1.0572099e-005,-0.875667
-1.0571849e-005,-0.874
-1.0571599e-005,-0.874
-1.0571349e-005,-0.874
-1.0571099e-005,-0.875667
-1.0570849e-005,-0.874
-1.0570599e-005,-0.874
-1.0570349e-005,-0.874
-1.0570099e-005,-0.875667
-1.0569849e-005,-0.874
-1.0569599e-005,-0.874
-1.0569349e-005,-0.875667
-1.0569099e-005,-0.875667
-1.0568849e-005,-0.874
-1.0568599e-005,-0.874
-1.0568349e-005,-0.875667
-1.0568099e-005,-0.875667
-1.0567849e-005,-0.874
-1.0567599e-005,-0.874
-1.0567349e-005,-0.874
-1.0567099e-005,-0.875667
-1.0566849e-005,-0.874
-1.0566599e-005,-0.874
-1.0566349e-005,-0.874
-1.0566099e-005,-0.875667
-1.0565849e-005,-0.874
-1.0565599e-005,-0.874
-1.0565349e-005,-0.874
-1.0565099e-005,-0.875667
-1.0564849e-005,-0.874
-1.0564599e-005,-0.874
-1.0564349e-005,-0.874
-1.0564099e-005,-0.875667
-1.0563849e-005,-0.874
-1.0563599e-005,-0.874
-1.0563349e-005,-0.874
-1.0563099e-005,-0.875667
-1.0562849e-005,-0.874
-1.0562599e-005,-0.874
-1.0562349e-005,-0.874
-1.0562099e-005,-0.874
-1.0561849e-005,-0.874
-1.0561599e-005,-0.874
-1.0561349e-005,-0.874
-1.0561099e-005,-0.874
-1.0560849e-005,-0.874
-1.0560599e-005,-0.874
-1.0560349e-005,-0.874
-1.0560099e-005,-0.875667
-1.0559849e-005,-0.874
-1.0559599e-005,-0.874
-1.0559349e-005,-0.874
-1.0559099e-005,-0.875667
-1.0558849e-005,-0.874
-1.0558599e-005,-0.874
-1.0558349e-005,-0.875667
-1.0558099e-005,-0.875667
-1.0557849e-005,-0.874
-1.0557599e-005,-0.874
-1.0557349e-005,-0.875667
-1.0557099e-005,-0.875667
-1.0556849e-005,-0.874
-1.0556599e-005,-0.874
-1.0556349e-005,-0.875667
-1.0556099e-005,-0.875667
-1.0555849e-005,-0.874
-1.0555599e-005,-0.874
-1.0555349e-005,-0.875667
-1.0555099e-005,-0.875667
-1.0554849e-005,-0.874
-1.0554599e-005,-0.874
-1.0554349e-005,-0.875667
-1.0554099e-005,-0.875667
-1.0553849e-005,-0.874
-1.0553599e-005,-0.874
-1.0553349e-005,-0.875667
-1.0553099e-005,-0.875667
-1.0552849e-005,-0.874
-1.0552599e-005,-0.874
-1.0552349e-005,-0.875667
-1.0552099e-005,-0.875667
-1.0551849e-005,-0.874
-1.0551599e-005,-0.874
-1.0551349e-005,-0.875667
-1.0551099e-005,-0.875667
-1.0550849e-005,-0.874
-1.0550599e-005,-0.874
-1.0550349e-005,-0.875667
-1.0550099e-005,-0.875667
-1.0549849e-005,-0.874
-1.0549599e-005,-0.874
-1.0549349e-005,-0.875667
-1.0549099e-005,-0.874
-1.0548849e-005,-0.874
-1.0548599e-005,-0.874
-1.0548349e-005,-0.875667
-1.0548099e-005,-0.874
-1.0547849e-005,-0.874
-1.0547599e-005,-0.874
-1.0547349e-005,-0.875667
-1.0547099e-005,-0.875667
-1.0546849e-005,-0.874
-1.0546599e-005,-0.874
-1.0546349e-005,-0.875667
-1.0546099e-005,-0.875667
-1.0545849e-005,-0.874
-1.0545599e-005,-0.874
-1.0545349e-005,-0.875667
-1.0545099e-005,-0.875667
-1.0544849e-005,-0.874
-1.0544599e-005,-0.874
-1.0544349e-005,-0.874
-1.0544099e-005,-0.875667
-1.0543849e-005,-0.874
-1.0543599e-005,-0.874
-1.0543349e-005,-0.874
-1.0543099e-005,-0.875667
-1.0542849e-005,-0.874
-1.0542599e-005,-0.874
-1.0542349e-005,-0.874
-1.0542099e-005,-0.875667
-1.0541849e-005,-0.874
-1.0541599e-005,-0.874
-1.0541349e-005,-0.874
-1.0541099e-005,-0.874
-1.0540849e-005,-0.874
-1.0540599e-005,-0.874
-1.0540349e-005,-0.874
-1.0540099e-005,-0.874
-1.0539849e-005,-0.874
-1.0539599e-005,-0.874
-1.0539349e-005,-0.874
-1.0539099e-005,-0.874
-1.0538849e-005,-0.874
-1.0538599e-005,-0.874
-1.0538349e-005,-0.874
-1.0538099e-005,-0.875667
-1.0537849e-005,-0.874
-1.0537599e-005,-0.874
-1.0537349e-005,-0.875667
-1.0537099e-005,-0.875667
-1.0536849e-005,-0.874
-1.0536599e-005,-0.874
-1.0536349e-005,-0.874
-1.0536099e-005,-0.875667
-1.0535849e-005,-0.874
-1.0535599e-005,-0.874
-1.0535349e-005,-0.874
-1.0535099e-005,-0.874
-1.0534849e-005,-0.874
-1.0534599e-005,-0.874
-1.0534349e-005,-0.874
-1.0534099e-005,-0.874
-1.0533849e-005,-0.874
-1.0533599e-005,-0.874
-1.0533349e-005,-0.874
-1.0533099e-005,-0.874
-1.0532849e-005,-0.874
-1.0532599e-005,-0.874
-1.0532349e-005,-0.874
-1.0532099e-005,-0.874
-1.0531849e-005,-0.874
-1.0531599e-005,-0.874
-1.0531349e-005,-0.874
-1.0531099e-005,-0.874
-1.0530849e-005,-0.874
-1.0530599e-005,-0.874
-1.0530349e-005,-0.875667
-1.0530099e-005,-0.875667
-1.0529849e-005,-0.874
-1.0529599e-005,-0.874
-1.0529349e-005,-0.875667
-1.0529099e-005,-0.875667
-1.0528849e-005,-0.874
-1.0528599e-005,-0.874
-1.0528349e-005,-0.875667
-1.0528099e-005,-0.875667
-1.0527849e-005,-0.874
-1.0527599e-005,-0.874
-1.0527349e-005,-0.874
-1.0527099e-005,-0.875667
-1.0526849e-005,-0.874
-1.0526599e-005,-0.874
-1.0526349e-005,-0.874
-1.0526099e-005,-0.875667
-1.0525849e-005,-0.874
-1.0525599e-005,-0.874
-1.0525349e-005,-0.874
-1.0525099e-005,-0.875667
-1.0524849e-005,-0.874
-1.0524599e-005,-0.874
-1.0524349e-005,-0.875667
-1.0524099e-005,-0.875667
-1.0523849e-005,-0.874
-1.0523599e-005,-0.874
-1.0523349e-005,-0.875667
-1.0523099e-005,-0.875667
-1.0522849e-005,-0.874
-1.0522599e-005,-0.874
-1.0522349e-005,-0.874
-1.0522099e-005,-0.875667
-1.0521849e-005,-0.874
-1.0521599e-005,-0.874
-1.0521349e-005,-0.875667
-1.0521099e-005,-0.875667
-1.0520849e-005,-0.874
-1.0520599e-005,-0.874
-1.0520349e-005,-0.875667
-1.0520099e-005,-0.875667
-1.0519849e-005,-0.874
-1.0519599e-005,-0.874
-1.0519349e-005,-0.875667
-1.0519099e-005,-0.875667
-1.0518849e-005,-0.874
-1.0518599e-005,-0.874
-1.0518349e-005,-0.875667
-1.0518099e-005,-0.875667
-1.0517849e-005,-0.874
-1.0517599e-005,-0.874
-1.0517349e-005,-0.875667
-1.0517099e-005,-0.875667
-1.0516849e-005,-0.874
-1.0516599e-005,-0.874
-1.0516349e-005,-0.875667
-1.0516099e-005,-0.875667
-1.0515849e-005,-0.874
-1.0515599e-005,-0.874
-1.0515349e-005,-0.875667
-1.0515099e-005,-0.875667
-1.0514849e-005,-0.874
-1.0514599e-005,-0.874
-1.0514349e-005,-0.875667
-1.0514099e-005,-0.875667
-1.0513849e-005,-0.874
-1.0513599e-005,-0.874
-1.0513349e-005,-0.875667
-1.0513099e-005,-0.875667
-1.0512849e-005,-0.874
-1.0512599e-005,-0.874
-1.0512349e-005,-0.875667
-1.0512099e-005,-0.875667
-1.0511849e-005,-0.874
-1.0511599e-005,-0.874
-1.0511349e-005,-0.875667
-1.0511099e-005,-0.875667
-1.0510849e-005,-0.874
-1.0510599e-005,-0.874
-1.0510349e-005,-0.875667
-1.0510099e-005,-0.875667
-1.0509849e-005,-0.874
-1.0509599e-005,-0.874
-1.0509349e-005,-0.875667
-1.0509099e-005,-0.875667
-1.0508849e-005,-0.874
-1.0508599e-005,-0.874
-1.0508349e-005,-0.875667
-1.0508099e-005,-0.875667
-1.0507849e-005,-0.874
-1.0507599e-005,-0.874
-1.0507349e-005,-0.875667
-1.0507099e-005,-0.875667
-1.0506849e-005,-0.874
-1.0506599e-005,-0.874
-1.0506349e-005,-0.875667
-1.0506099e-005,-0.875667
-1.0505849e-005,-0.874
-1.0505599e-005,-0.874
-1.0505349e-005,-0.875667
-1.0505099e-005,-0.875667
-1.0504849e-005,-0.874
-1.0504599e-005,-0.874
-1.0504349e-005,-0.875667
-1.0504099e-005,-0.875667
-1.0503849e-005,-0.874
-1.0503599e-005,-0.874
-1.0503349e-005,-0.875667
-1.0503099e-005,-0.875667
-1.0502849e-005,-0.875667
-1.0502599e-005,-0.874
-1.0502349e-005,-0.875667
-1.0502099e-005,-0.875667
-1.0501849e-005,-0.874
-1.0501599e-005,-0.874
-1.0501349e-005,-0.875667
-1.0501099e-005,-0.875667
-1.0500849e-005,-0.874
-1.0500599e-005,-0.874
-1.0500349e-005,-0.875667
-1.0500099e-005,-0.875667
-1.0499849e-005,-0.874
-1.0499599e-005,-0.874
-1.0499349e-005,-0.875667
-1.0499099e-005,-0.875667
-1.0498849e-005,-0.874
-1.0498599e-005,-0.874
-1.0498349e-005,-0.874
-1.0498099e-005,-0.875667
-1.0497849e-005,-0.874
-1.0497599e-005,-0.874
-1.0497349e-005,-0.875667
-1.0497099e-005,-0.875667
-1.0496849e-005,-0.874
-1.0496599e-005,-0.874
-1.0496349e-005,-0.875667
-1.0496099e-005,-0.875667
-1.0495849e-005,-0.874
-1.0495599e-005,-0.874
-1.0495349e-005,-0.875667
-1.0495099e-005,-0.875667
-1.0494849e-005,-0.874
-1.0494599e-005,-0.874
-1.0494349e-005,-0.875667
-1.0494099e-005,-0.875667
-1.0493849e-005,-0.874
-1.0493599e-005,-0.874
-1.0493349e-005,-0.875667
-1.0493099e-005,-0.875667
-1.0492849e-005,-0.874
-1.0492599e-005,-0.874
-1.0492349e-005,-0.875667
-1.0492099e-005,-0.875667
-1.0491849e-005,-0.874
-1.0491599e-005,-0.874
-1.0491349e-005,-0.875667
-1.0491099e-005,-0.875667
-1.0490849e-005,-0.874
-1.0490599e-005,-0.874
-1.0490349e-005,-0.875667
-1.0490099e-005,-0.875667
-1.0489849e-005,-0.874
-1.0489599e-005,-0.874
-1.0489349e-005,-0.875667
-1.0489099e-005,-0.875667
-1.0488849e-005,-0.874
-1.0488599e-005,-0.874
-1.0488349e-005,-0.875667
-1.0488099e-005,-0.875667
-1.0487849e-005,-0.874
-1.0487599e-005,-0.874
-1.0487349e-005,-0.875667
-1.0487099e-005,-0.875667
-1.0486849e-005,-0.874
-1.0486599e-005,-0.874
-1.0486349e-005,-0.875667
-1.0486099e-005,-0.875667
-1.0485849e-005,-0.874
-1.0485599e-005,-0.874
-1.0485349e-005,-0.874
-1.0485099e-005,-0.875667
-1.0484849e-005,-0.874
-1.0484599e-005,-0.874
-1.0484349e-005,-0.874
-1.0484099e-005,-0.875667
-1.0483849e-005,-0.874
-1.0483599e-005,-0.874
-1.0483349e-005,-0.874
-1.0483099e-005,-0.875667
-1.0482849e-005,-0.874
-1.0482599e-005,-0.874
-1.0482349e-005,-0.875667
-1.0482099e-005,-0.875667
-1.0481849e-005,-0.874
-1.0481599e-005,-0.874
-1.0481349e-005,-0.875667
-1.0481099e-005,-0.875667
-1.0480849e-005,-0.874
-1.0480599e-005,-0.874
-1.0480349e-005,-0.875667
-1.0480099e-005,-0.875667
-1.0479849e-005,-0.874
-1.0479599e-005,-0.874
-1.0479349e-005,-0.875667
-1.0479099e-005,-0.875667
-1.0478849e-005,-0.874
-1.0478599e-005,-0.874
-1.0478349e-005,-0.874
-1.0478099e-005,-0.875667
-1.0477849e-005,-0.874
-1.0477599e-005,-0.874
-1.0477349e-005,-0.875667
-1.0477099e-005,-0.875667
-1.0476849e-005,-0.874
-1.0476599e-005,-0.874
-1.0476349e-005,-0.875667
-1.0476099e-005,-0.875667
-1.0475849e-005,-0.874
-1.0475599e-005,-0.874
-1.0475349e-005,-0.875667
-1.0475099e-005,-0.875667
-1.0474849e-005,-0.874
-1.0474599e-005,-0.874
-1.0474349e-005,-0.875667
-1.0474099e-005,-0.875667
-1.0473849e-005,-0.874
-1.0473599e-005,-0.874
-1.0473349e-005,-0.875667
-1.0473099e-005,-0.875667
-1.0472849e-005,-0.874
-1.0472599e-005,-0.874
-1.0472349e-005,-0.875667
-1.0472099e-005,-0.875667
-1.0471849e-005,-0.874
-1.0471599e-005,-0.874
-1.0471349e-005,-0.874
-1.0471099e-005,-0.875667
-1.0470849e-005,-0.874
-1.0470599e-005,-0.874
-1.0470349e-005,-0.874
-1.0470099e-005,-0.875667
-1.0469849e-005,-0.874
-1.0469599e-005,-0.874
-1.0469349e-005,-0.874
-1.0469099e-005,-0.875667
-1.0468849e-005,-0.874
-1.0468599e-005,-0.874
-1.0468349e-005,-0.874
-1.0468099e-005,-0.875667
-1.0467849e-005,-0.874
-1.0467599e-005,-0.874
-1.0467349e-005,-0.875667
-1.0467099e-005,-0.874
-1.0466849e-005,-0.874
-1.0466599e-005,-0.874
-1.0466349e-005,-0.875667
-1.0466099e-005,-0.875667
-1.0465849e-005,-0.874
-1.0465599e-005,-0.874
-1.0465349e-005,-0.875667
-1.0465099e-005,-0.875667
-1.0464849e-005,-0.874
-1.0464599e-005,-0.874
-1.0464349e-005,-0.875667
-1.0464099e-005,-0.875667
-1.0463849e-005,-0.874
-1.0463599e-005,-0.874
-1.0463349e-005,-0.875667
-1.0463099e-005,-0.875667
-1.0462849e-005,-0.874
-1.0462599e-005,-0.874
-1.0462349e-005,-0.875667
-1.0462099e-005,-0.875667
-1.0461849e-005,-0.874
-1.0461599e-005,-0.874
-1.0461349e-005,-0.874
-1.0461099e-005,-0.875667
-1.0460849e-005,-0.874
-1.0460599e-005,-0.874
-1.0460349e-005,-0.874
-1.0460099e-005,-0.875667
-1.0459849e-005,-0.874
-1.0459599e-005,-0.874
-1.0459349e-005,-0.874
-1.0459099e-005,-0.875667
-1.0458849e-005,-0.874
-1.0458599e-005,-0.874
-1.0458349e-005,-0.874
-1.0458099e-005,-0.875667
-1.0457849e-005,-0.874
-1.0457599e-005,-0.874
-1.0457349e-005,-0.875667
-1.0457099e-005,-0.875667
-1.0456849e-005,-0.874
-1.0456599e-005,-0.874
-1.0456349e-005,-0.875667
-1.0456099e-005,-0.875667
-1.0455849e-005,-0.874
-1.0455599e-005,-0.874
-1.0455349e-005,-0.875667
-1.0455099e-005,-0.875667
-1.0454849e-005,-0.874
-1.0454599e-005,-0.874
-1.0454349e-005,-0.875667
-1.0454099e-005,-0.875667
-1.0453849e-005,-0.874
-1.0453599e-005,-0.874
-1.0453349e-005,-0.875667
-1.0453099e-005,-0.875667
-1.0452849e-005,-0.874
-1.0452599e-005,-0.874
-1.0452349e-005,-0.875667
-1.0452099e-005,-0.875667
-1.0451849e-005,-0.874
-1.0451599e-005,-0.874
-1.0451349e-005,-0.875667
-1.0451099e-005,-0.875667
-1.0450849e-005,-0.874
-1.0450599e-005,-0.874
-1.0450349e-005,-0.875667
-1.0450099e-005,-0.875667
-1.0449849e-005,-0.874
-1.0449599e-005,-0.874
-1.0449349e-005,-0.875667
-1.0449099e-005,-0.875667
-1.0448849e-005,-0.874
-1.0448599e-005,-0.874
-1.0448349e-005,-0.874
-1.0448099e-005,-0.874
-1.0447849e-005,-0.874
-1.0447599e-005,-0.874
-1.0447349e-005,-0.874
-1.0447099e-005,-0.875667
-1.0446849e-005,-0.874
-1.0446599e-005,-0.874
-1.0446349e-005,-0.875667
-1.0446099e-005,-0.875667
-1.0445849e-005,-0.874
-1.0445599e-005,-0.874
-1.0445349e-005,-0.875667
-1.0445099e-005,-0.875667
-1.0444849e-005,-0.874
-1.0444599e-005,-0.874
-1.0444349e-005,-0.875667
-1.0444099e-005,-0.875667
-1.0443849e-005,-0.874
-1.0443599e-005,-0.874
-1.0443349e-005,-0.875667
-1.0443099e-005,-0.875667
-1.0442849e-005,-0.874
-1.0442599e-005,-0.874
-1.0442349e-005,-0.875667
-1.0442099e-005,-0.875667
-1.0441849e-005,-0.874
-1.0441599e-005,-0.874
-1.0441349e-005,-0.875667
-1.0441099e-005,-0.875667
-1.0440849e-005,-0.874
-1.0440599e-005,-0.874
-1.0440349e-005,-0.875667
-1.0440099e-005,-0.875667
-1.0439849e-005,-0.874
-1.0439599e-005,-0.874
-1.0439349e-005,-0.875667
-1.0439099e-005,-0.875667
-1.0438849e-005,-0.874
-1.0438599e-005,-0.874
-1.0438349e-005,-0.875667
-1.0438099e-005,-0.875667
-1.0437849e-005,-0.874
-1.0437599e-005,-0.874
-1.0437349e-005,-0.875667
-1.0437099e-005,-0.875667
-1.0436849e-005,-0.874
-1.0436599e-005,-0.874
-1.0436349e-005,-0.875667
-1.0436099e-005,-0.875667
-1.0435849e-005,-0.874
-1.0435599e-005,-0.874
-1.0435349e-005,-0.875667
-1.0435099e-005,-0.875667
-1.0434849e-005,-0.874
-1.0434599e-005,-0.874
-1.0434349e-005,-0.875667
-1.0434099e-005,-0.875667
-1.0433849e-005,-0.874
-1.0433599e-005,-0.874
-1.0433349e-005,-0.875667
-1.0433099e-005,-0.875667
-1.0432849e-005,-0.874
-1.0432599e-005,-0.874
-1.0432349e-005,-0.875667
-1.0432099e-005,-0.875667
-1.0431849e-005,-0.874
-1.0431599e-005,-0.874
-1.0431349e-005,-0.875667
-1.0431099e-005,-0.875667
-1.0430849e-005,-0.874
-1.0430599e-005,-0.874
-1.0430349e-005,-0.875667
-1.0430099e-005,-0.875667
-1.0429849e-005,-0.874
-1.0429599e-005,-0.874
-1.0429349e-005,-0.875667
-1.0429099e-005,-0.875667
-1.0428849e-005,-0.874
-1.0428599e-005,-0.874
-1.0428349e-005,-0.875667
-1.0428099e-005,-0.875667
-1.0427849e-005,-0.874
-1.0427599e-005,-0.874
-1.0427349e-005,-0.875667
-1.0427099e-005,-0.875667
-1.0426849e-005,-0.874
-1.0426599e-005,-0.874
-1.0426349e-005,-0.875667
-1.0426099e-005,-0.875667
-1.0425849e-005,-0.874
-1.0425599e-005,-0.874
-1.0425349e-005,-0.875667
-1.0425099e-005,-0.875667
-1.0424849e-005,-0.874
-1.0424599e-005,-0.874
-1.0424349e-005,-0.875667
-1.0424099e-005,-0.875667
-1.0423849e-005,-0.874
-1.0423599e-005,-0.874
-1.0423349e-005,-0.875667
-1.0423099e-005,-0.875667
-1.0422849e-005,-0.874
-1.0422599e-005,-0.874
-1.0422349e-005,-0.875667
-1.0422099e-005,-0.875667
-1.0421849e-005,-0.874
-1.0421599e-005,-0.874
-1.0421349e-005,-0.875667
-1.0421099e-005,-0.875667
-1.0420849e-005,-0.874
-1.0420599e-005,-0.874
-1.0420349e-005,-0.875667
-1.0420099e-005,-0.875667
-1.0419849e-005,-0.874
-1.0419599e-005,-0.874
-1.0419349e-005,-0.875667
-1.0419099e-005,-0.875667
-1.0418849e-005,-0.874
-1.0418599e-005,-0.874
-1.0418349e-005,-0.875667
-1.0418099e-005,-0.875667
-1.0417849e-005,-0.874
-1.0417599e-005,-0.874
-1.0417349e-005,-0.875667
-1.0417099e-005,-0.875667
-1.0416849e-005,-0.874
-1.0416599e-005,-0.874
-1.0416349e-005,-0.875667
-1.0416099e-005,-0.875667
-1.0415849e-005,-0.874
-1.0415599e-005,-0.874
-1.0415349e-005,-0.875667
-1.0415099e-005,-0.875667
-1.0414849e-005,-0.874
-1.0414599e-005,-0.874
-1.0414349e-005,-0.875667
-1.0414099e-005,-0.875667
-1.0413849e-005,-0.874
-1.0413599e-005,-0.874
-1.0413349e-005,-0.874
-1.0413099e-005,-0.875667
-1.0412849e-005,-0.874
-1.0412599e-005,-0.874
-1.0412349e-005,-0.874
-1.0412099e-005,-0.875667
-1.0411849e-005,-0.874
-1.0411599e-005,-0.874
-1.0411349e-005,-0.874
-1.0411099e-005,-0.875667
-1.0410849e-005,-0.874
-1.0410599e-005,-0.874
-1.0410349e-005,-0.874
-1.0410099e-005,-0.875667
-1.0409849e-005,-0.874
-1.0409599e-005,-0.874
-1.0409349e-005,-0.875667
-1.0409099e-005,-0.875667
-1.0408849e-005,-0.874
-1.0408599e-005,-0.874
-1.0408349e-005,-0.875667
-1.0408099e-005,-0.875667
-1.0407849e-005,-0.874
-1.0407599e-005,-0.874
-1.0407349e-005,-0.875667
-1.0407099e-005,-0.875667
-1.0406849e-005,-0.874
-1.0406599e-005,-0.874
-1.0406349e-005,-0.875667
-1.0406099e-005,-0.875667
-1.0405849e-005,-0.874
-1.0405599e-005,-0.874
-1.0405349e-005,-0.874
-1.0405099e-005,-0.874
-1.0404849e-005,-0.874
-1.0404599e-005,-0.874
-1.0404349e-005,-0.874
-1.0404099e-005,-0.874
-1.0403849e-005,-0.874
-1.0403599e-005,-0.874
-1.0403349e-005,-0.874
-1.0403099e-005,-0.875667
-1.0402849e-005,-0.874
-1.0402599e-005,-0.874
-1.0402349e-005,-0.875667
-1.0402099e-005,-0.875667
-1.0401849e-005,-0.874
-1.0401599e-005,-0.874
-1.0401349e-005,-0.875667
-1.0401099e-005,-0.875667
-1.0400849e-005,-0.874
-1.0400599e-005,-0.874
-1.0400349e-005,-0.875667
-1.0400099e-005,-0.875667
-1.0399849e-005,-0.874
-1.0399599e-005,-0.874
-1.0399349e-005,-0.875667
-1.0399099e-005,-0.875667
-1.0398849e-005,-0.874
-1.0398599e-005,-0.874
-1.0398349e-005,-0.875667
-1.0398099e-005,-0.875667
-1.0397849e-005,-0.874
-1.0397599e-005,-0.874
-1.0397349e-005,-0.875667
-1.0397099e-005,-0.875667
-1.0396849e-005,-0.875667
-1.0396599e-005,-0.874
-1.0396349e-005,-0.875667
-1.0396099e-005,-0.875667
-1.0395849e-005,-0.874
-1.0395599e-005,-0.874
-1.0395349e-005,-0.875667
-1.0395099e-005,-0.875667
-1.0394849e-005,-0.874
-1.0394599e-005,-0.874
-1.0394349e-005,-0.874
-1.0394099e-005,-0.875667
-1.0393849e-005,-0.874
-1.0393599e-005,-0.874
-1.0393349e-005,-0.875667
-1.0393099e-005,-0.875667
-1.0392849e-005,-0.874
-1.0392599e-005,-0.874
-1.0392349e-005,-0.875667
-1.0392099e-005,-0.875667
-1.0391849e-005,-0.874
-1.0391599e-005,-0.874
-1.0391349e-005,-0.875667
-1.0391099e-005,-0.875667
-1.0390849e-005,-0.874
-1.0390599e-005,-0.874
-1.0390349e-005,-0.875667
-1.0390099e-005,-0.875667
-1.0389849e-005,-0.874
-1.0389599e-005,-0.874
-1.0389349e-005,-0.875667
-1.0389099e-005,-0.875667
-1.0388849e-005,-0.875667
-1.0388599e-005,-0.874
-1.0388349e-005,-0.875667
-1.0388099e-005,-0.875667
-1.0387849e-005,-0.875667
-1.0387599e-005,-0.874
-1.0387349e-005,-0.875667
-1.0387099e-005,-0.875667
-1.0386849e-005,-0.874
-1.0386599e-005,-0.874
-1.0386349e-005,-0.875667
-1.0386099e-005,-0.875667
-1.0385849e-005,-0.874
-1.0385599e-005,-0.874
-1.0385349e-005,-0.875667
-1.0385099e-005,-0.875667
-1.0384849e-005,-0.874
-1.0384599e-005,-0.874
-1.0384349e-005,-0.875667
-1.0384099e-005,-0.875667
-1.0383849e-005,-0.874
-1.0383599e-005,-0.874
-1.0383349e-005,-0.875667
-1.0383099e-005,-0.875667
-1.0382849e-005,-0.874
-1.0382599e-005,-0.874
-1.0382349e-005,-0.875667
-1.0382099e-005,-0.875667
-1.0381849e-005,-0.874
-1.0381599e-005,-0.874
-1.0381349e-005,-0.875667
-1.0381099e-005,-0.875667
-1.0380849e-005,-0.874
-1.0380599e-005,-0.874
-1.0380349e-005,-0.875667
-1.0380099e-005,-0.875667
-1.0379849e-005,-0.874
-1.0379599e-005,-0.874
-1.0379349e-005,-0.875667
-1.0379099e-005,-0.875667
-1.0378849e-005,-0.874
-1.0378599e-005,-0.874
-1.0378349e-005,-0.875667
-1.0378099e-005,-0.875667
-1.0377849e-005,-0.874
-1.0377599e-005,-0.874
-1.0377349e-005,-0.875667
-1.0377099e-005,-0.875667
-1.0376849e-005,-0.874
-1.0376599e-005,-0.874
-1.0376349e-005,-0.875667
-1.0376099e-005,-0.875667
-1.0375849e-005,-0.874
-1.0375599e-005,-0.874
-1.0375349e-005,-0.875667
-1.0375099e-005,-0.875667
-1.0374849e-005,-0.874
-1.0374599e-005,-0.874
-1.0374349e-005,-0.875667
-1.0374099e-005,-0.875667
-1.0373849e-005,-0.874
-1.0373599e-005,-0.874
-1.0373349e-005,-0.875667
-1.0373099e-005,-0.875667
-1.0372849e-005,-0.875667
-1.0372599e-005,-0.874
-1.0372349e-005,-0.875667
-1.0372099e-005,-0.875667
-1.0371849e-005,-0.874
-1.0371599e-005,-0.874
-1.0371349e-005,-0.875667
-1.0371099e-005,-0.875667
-1.0370849e-005,-0.874
-1.0370599e-005,-0.874
-1.0370349e-005,-0.875667
-1.0370099e-005,-0.875667
-1.0369849e-005,-0.874
-1.0369599e-005,-0.874
-1.0369349e-005,-0.875667
-1.0369099e-005,-0.875667
-1.0368849e-005,-0.874
-1.0368599e-005,-0.874
-1.0368349e-005,-0.875667
-1.0368099e-005,-0.875667
-1.0367849e-005,-0.874
-1.0367599e-005,-0.874
-1.0367349e-005,-0.875667
-1.0367099e-005,-0.875667
-1.0366849e-005,-0.874
-1.0366599e-005,-0.874
-1.0366349e-005,-0.875667
-1.0366099e-005,-0.875667
-1.0365849e-005,-0.874
-1.0365599e-005,-0.874
-1.0365349e-005,-0.875667
-1.0365099e-005,-0.875667
-1.0364849e-005,-0.874
-1.0364599e-005,-0.874
-1.0364349e-005,-0.875667
-1.0364099e-005,-0.875667
-1.0363849e-005,-0.874
-1.0363599e-005,-0.874
-1.0363349e-005,-0.875667
-1.0363099e-005,-0.875667
-1.0362849e-005,-0.874
-1.0362599e-005,-0.874
-1.0362349e-005,-0.875667
-1.0362099e-005,-0.875667
-1.0361849e-005,-0.874
-1.0361599e-005,-0.874
-1.0361349e-005,-0.875667
-1.0361099e-005,-0.875667
-1.0360849e-005,-0.874
-1.0360599e-005,-0.874
-1.0360349e-005,-0.875667
-1.0360099e-005,-0.875667
-1.0359849e-005,-0.874
-1.0359599e-005,-0.874
-1.0359349e-005,-0.875667
-1.0359099e-005,-0.875667
-1.0358849e-005,-0.874
-1.0358599e-005,-0.874
-1.0358349e-005,-0.875667
-1.0358099e-005,-0.875667
-1.0357849e-005,-0.874
-1.0357599e-005,-0.874
-1.0357349e-005,-0.875667
-1.0357099e-005,-0.875667
-1.0356849e-005,-0.874
-1.0356599e-005,-0.874
-1.0356349e-005,-0.874
-1.0356099e-005,-0.875667
-1.0355849e-005,-0.874
-1.0355599e-005,-0.874
-1.0355349e-005,-0.874
-1.0355099e-005,-0.875667
-1.0354849e-005,-0.874
-1.0354599e-005,-0.874
-1.0354349e-005,-0.875667
-1.0354099e-005,-0.875667
-1.0353849e-005,-0.874
-1.0353599e-005,-0.874
-1.0353349e-005,-0.875667
-1.0353099e-005,-0.875667
-1.0352849e-005,-0.874
-1.0352599e-005,-0.874
-1.0352349e-005,-0.875667
-1.0352099e-005,-0.875667
-1.0351849e-005,-0.874
-1.0351599e-005,-0.874
-1.0351349e-005,-0.875667
-1.0351099e-005,-0.875667
-1.0350849e-005,-0.874
-1.0350599e-005,-0.874
-1.0350349e-005,-0.875667
-1.0350099e-005,-0.875667
-1.0349849e-005,-0.874
-1.0349599e-005,-0.874
-1.0349349e-005,-0.875667
-1.0349099e-005,-0.875667
-1.0348849e-005,-0.874
-1.0348599e-005,-0.874
-1.0348349e-005,-0.875667
-1.0348099e-005,-0.875667
-1.0347849e-005,-0.874
-1.0347599e-005,-0.874
-1.0347349e-005,-0.875667
-1.0347099e-005,-0.875667
-1.0346849e-005,-0.874
-1.0346599e-005,-0.874
-1.0346349e-005,-0.875667
-1.0346099e-005,-0.875667
-1.0345849e-005,-0.874
-1.0345599e-005,-0.874
-1.0345349e-005,-0.875667
-1.0345099e-005,-0.875667
-1.0344849e-005,-0.874
-1.0344599e-005,-0.874
-1.0344349e-005,-0.875667
-1.0344099e-005,-0.875667
-1.0343849e-005,-0.874
-1.0343599e-005,-0.874
-1.0343349e-005,-0.875667
-1.0343099e-005,-0.875667
-1.0342849e-005,-0.874
-1.0342599e-005,-0.874
-1.0342349e-005,-0.874
-1.0342099e-005,-0.875667
-1.0341849e-005,-0.874
-1.0341599e-005,-0.874
-1.0341349e-005,-0.874
-1.0341099e-005,-0.875667
-1.0340849e-005,-0.874
-1.0340599e-005,-0.874
-1.0340349e-005,-0.875667
-1.0340099e-005,-0.875667
-1.0339849e-005,-0.874
-1.0339599e-005,-0.874
-1.0339349e-005,-0.875667
-1.0339099e-005,-0.875667
-1.0338849e-005,-0.874
-1.0338599e-005,-0.874
-1.0338349e-005,-0.875667
-1.0338099e-005,-0.875667
-1.0337849e-005,-0.874
-1.0337599e-005,-0.874
-1.0337349e-005,-0.875667
-1.0337099e-005,-0.875667
-1.0336849e-005,-0.874
-1.0336599e-005,-0.874
-1.0336349e-005,-0.875667
-1.0336099e-005,-0.875667
-1.0335849e-005,-0.874
-1.0335599e-005,-0.874
-1.0335349e-005,-0.875667
-1.0335099e-005,-0.875667
-1.0334849e-005,-0.874
-1.0334599e-005,-0.874
-1.0334349e-005,-0.875667
-1.0334099e-005,-0.875667
-1.0333849e-005,-0.874
-1.0333599e-005,-0.874
-1.0333349e-005,-0.875667
-1.0333099e-005,-0.875667
-1.0332849e-005,-0.874
-1.0332599e-005,-0.874
-1.0332349e-005,-0.875667
-1.0332099e-005,-0.875667
-1.0331849e-005,-0.874
-1.0331599e-005,-0.874
-1.0331349e-005,-0.875667
-1.0331099e-005,-0.875667
-1.0330849e-005,-0.874
-1.0330599e-005,-0.874
-1.0330349e-005,-0.875667
-1.0330099e-005,-0.875667
-1.0329849e-005,-0.874
-1.0329599e-005,-0.874
-1.0329349e-005,-0.875667
-1.0329099e-005,-0.875667
-1.0328849e-005,-0.874
-1.0328599e-005,-0.874
-1.0328349e-005,-0.875667
-1.0328099e-005,-0.875667
-1.0327849e-005,-0.874
-1.0327599e-005,-0.874
-1.0327349e-005,-0.875667
-1.0327099e-005,-0.875667
-1.0326849e-005,-0.874
-1.0326599e-005,-0.874
-1.0326349e-005,-0.875667
-1.0326099e-005,-0.875667
-1.0325849e-005,-0.874
-1.0325599e-005,-0.874
-1.0325349e-005,-0.875667
-1.0325099e-005,-0.875667
-1.0324849e-005,-0.874
-1.0324599e-005,-0.874
-1.0324349e-005,-0.875667
-1.0324099e-005,-0.875667
-1.0323849e-005,-0.874
-1.0323599e-005,-0.874
-1.0323349e-005,-0.875667
-1.0323099e-005,-0.875667
-1.0322849e-005,-0.874
-1.0322599e-005,-0.874
-1.0322349e-005,-0.875667
-1.0322099e-005,-0.875667
-1.0321849e-005,-0.874
-1.0321599e-005,-0.874
-1.0321349e-005,-0.874
-1.0321099e-005,-0.875667
-1.0320849e-005,-0.874
-1.0320599e-005,-0.874
-1.0320349e-005,-0.874
-1.0320099e-005,-0.875667
-1.0319849e-005,-0.874
-1.0319599e-005,-0.874
-1.0319349e-005,-0.874
-1.0319099e-005,-0.875667
-1.0318849e-005,-0.874
-1.0318599e-005,-0.874
-1.0318349e-005,-0.875667
-1.0318099e-005,-0.875667
-1.0317849e-005,-0.874
-1.0317599e-005,-0.874
-1.0317349e-005,-0.875667
-1.0317099e-005,-0.875667
-1.0316849e-005,-0.874
-1.0316599e-005,-0.874
-1.0316349e-005,-0.875667
-1.0316099e-005,-0.875667
-1.0315849e-005,-0.874
-1.0315599e-005,-0.874
-1.0315349e-005,-0.875667
-1.0315099e-005,-0.875667
-1.0314849e-005,-0.874
-1.0314599e-005,-0.874
-1.0314349e-005,-0.875667
-1.0314099e-005,-0.875667
-1.0313849e-005,-0.874
-1.0313599e-005,-0.874
-1.0313349e-005,-0.875667
-1.0313099e-005,-0.875667
-1.0312849e-005,-0.874
-1.0312599e-005,-0.874
-1.0312349e-005,-0.874
-1.0312099e-005,-0.875667
-1.0311849e-005,-0.874
-1.0311599e-005,-0.874
-1.0311349e-005,-0.874
-1.0311099e-005,-0.875667
-1.0310849e-005,-0.874
-1.0310599e-005,-0.874
-1.0310349e-005,-0.875667
-1.0310099e-005,-0.875667
-1.0309849e-005,-0.874
-1.0309599e-005,-0.874
-1.0309349e-005,-0.875667
-1.0309099e-005,-0.874
-1.0308849e-005,-0.874
-1.0308599e-005,-0.874
-1.0308349e-005,-0.875667
-1.0308099e-005,-0.875667
-1.0307849e-005,-0.874
-1.0307599e-005,-0.874
-1.0307349e-005,-0.875667
-1.0307099e-005,-0.875667
-1.0306849e-005,-0.874
-1.0306599e-005,-0.874
-1.0306349e-005,-0.875667
-1.0306099e-005,-0.875667
-1.0305849e-005,-0.874
-1.0305599e-005,-0.874
-1.0305349e-005,-0.875667
-1.0305099e-005,-0.875667
-1.0304849e-005,-0.874
-1.0304599e-005,-0.874
-1.0304349e-005,-0.875667
-1.0304099e-005,-0.875667
-1.0303849e-005,-0.874
-1.0303599e-005,-0.874
-1.0303349e-005,-0.874
-1.0303099e-005,-0.875667
-1.0302849e-005,-0.874
-1.0302599e-005,-0.874
-1.0302349e-005,-0.874
-1.0302099e-005,-0.875667
-1.0301849e-005,-0.874
-1.0301599e-005,-0.874
-1.0301349e-005,-0.875667
-1.0301099e-005,-0.875667
-1.0300849e-005,-0.874
-1.0300599e-005,-0.874
-1.0300349e-005,-0.875667
-1.0300099e-005,-0.875667
-1.0299849e-005,-0.874
-1.0299599e-005,-0.874
-1.0299349e-005,-0.875667
-1.0299099e-005,-0.875667
-1.0298849e-005,-0.874
-1.0298599e-005,-0.874
-1.0298349e-005,-0.875667
-1.0298099e-005,-0.875667
-1.0297849e-005,-0.874
-1.0297599e-005,-0.874
-1.0297349e-005,-0.875667
-1.0297099e-005,-0.875667
-1.0296849e-005,-0.874
-1.0296599e-005,-0.874
-1.0296349e-005,-0.875667
-1.0296099e-005,-0.875667
-1.0295849e-005,-0.875667
-1.0295599e-005,-0.874
-1.0295349e-005,-0.875667
-1.0295099e-005,-0.875667
-1.0294849e-005,-0.875667
-1.0294599e-005,-0.874
-1.0294349e-005,-0.875667
-1.0294099e-005,-0.875667
-1.0293849e-005,-0.874
-1.0293599e-005,-0.874
-1.0293349e-005,-0.875667
-1.0293099e-005,-0.875667
-1.0292849e-005,-0.874
-1.0292599e-005,-0.874
-1.0292349e-005,-0.875667
-1.0292099e-005,-0.875667
-1.0291849e-005,-0.874
-1.0291599e-005,-0.874
-1.0291349e-005,-0.875667
-1.0291099e-005,-0.875667
-1.0290849e-005,-0.874
-1.0290599e-005,-0.874
-1.0290349e-005,-0.875667
-1.0290099e-005,-0.875667
-1.0289849e-005,-0.874
-1.0289599e-005,-0.874
-1.0289349e-005,-0.875667
-1.0289099e-005,-0.875667
-1.0288849e-005,-0.874
-1.0288599e-005,-0.874
-1.0288349e-005,-0.875667
-1.0288099e-005,-0.875667
-1.0287849e-005,-0.874
-1.0287599e-005,-0.874
-1.0287349e-005,-0.875667
-1.0287099e-005,-0.875667
-1.0286849e-005,-0.874
-1.0286599e-005,-0.874
-1.0286349e-005,-0.874
-1.0286099e-005,-0.874
-1.0285849e-005,-0.874
-1.0285599e-005,-0.874
-1.0285349e-005,-0.875667
-1.0285099e-005,-0.874
-1.0284849e-005,-0.874
-1.0284599e-005,-0.874
-1.0284349e-005,-0.874
-1.0284099e-005,-0.875667
-1.0283849e-005,-0.874
-1.0283599e-005,-0.874
-1.0283349e-005,-0.874
-1.0283099e-005,-0.875667
-1.0282849e-005,-0.874
-1.0282599e-005,-0.874
-1.0282349e-005,-0.874
-1.0282099e-005,-0.875667
-1.0281849e-005,-0.874
-1.0281599e-005,-0.874
-1.0281349e-005,-0.874
-1.0281099e-005,-0.875667
-1.0280849e-005,-0.874
-1.0280599e-005,-0.874
-1.0280349e-005,-0.874
-1.0280099e-005,-0.875667
-1.0279849e-005,-0.874
-1.0279599e-005,-0.874
-1.0279349e-005,-0.874
-1.0279099e-005,-0.875667
-1.0278849e-005,-0.874
-1.0278599e-005,-0.874
-1.0278349e-005,-0.874
-1.0278099e-005,-0.875667
-1.0277849e-005,-0.874
-1.0277599e-005,-0.874
-1.0277349e-005,-0.875667
-1.0277099e-005,-0.875667
-1.0276849e-005,-0.874
-1.0276599e-005,-0.874
-1.0276349e-005,-0.875667
-1.0276099e-005,-0.875667
-1.0275849e-005,-0.874
-1.0275599e-005,-0.874
-1.0275349e-005,-0.875667
-1.0275099e-005,-0.875667
-1.0274849e-005,-0.874
-1.0274599e-005,-0.874
-1.0274349e-005,-0.875667
-1.0274099e-005,-0.875667
-1.0273849e-005,-0.874
-1.0273599e-005,-0.874
-1.0273349e-005,-0.875667
-1.0273099e-005,-0.875667
-1.0272849e-005,-0.874
-1.0272599e-005,-0.874
-1.0272349e-005,-0.874
-1.0272099e-005,-0.875667
-1.0271849e-005,-0.874
-1.0271599e-005,-0.874
-1.0271349e-005,-0.874
-1.0271099e-005,-0.875667
-1.0270849e-005,-0.874
-1.0270599e-005,-0.874
-1.0270349e-005,-0.874
-1.0270099e-005,-0.875667
-1.0269849e-005,-0.874
-1.0269599e-005,-0.874
-1.0269349e-005,-0.874
-1.0269099e-005,-0.875667
-1.0268849e-005,-0.874
-1.0268599e-005,-0.874
-1.0268349e-005,-0.874
-1.0268099e-005,-0.875667
-1.0267849e-005,-0.874
-1.0267599e-005,-0.874
-1.0267349e-005,-0.874
-1.0267099e-005,-0.875667
-1.0266849e-005,-0.874
-1.0266599e-005,-0.874
-1.0266349e-005,-0.874
-1.0266099e-005,-0.875667
-1.0265849e-005,-0.874
-1.0265599e-005,-0.874
-1.0265349e-005,-0.874
-1.0265099e-005,-0.875667
-1.0264849e-005,-0.874
-1.0264599e-005,-0.874
-1.0264349e-005,-0.874
-1.0264099e-005,-0.875667
-1.0263849e-005,-0.874
-1.0263599e-005,-0.874
-1.0263349e-005,-0.874
-1.0263099e-005,-0.875667
-1.0262849e-005,-0.874
-1.0262599e-005,-0.874
-1.0262349e-005,-0.874
-1.0262099e-005,-0.875667
-1.0261849e-005,-0.874
-1.0261599e-005,-0.874
-1.0261349e-005,-0.874
-1.0261099e-005,-0.875667
-1.0260849e-005,-0.874
-1.0260599e-005,-0.874
-1.0260349e-005,-0.874
-1.0260099e-005,-0.875667
-1.0259849e-005,-0.874
-1.0259599e-005,-0.874
-1.0259349e-005,-0.874
-1.0259099e-005,-0.875667
-1.0258849e-005,-0.874
-1.0258599e-005,-0.874
-1.0258349e-005,-0.874
-1.0258099e-005,-0.875667
-1.0257849e-005,-0.874
-1.0257599e-005,-0.874
-1.0257349e-005,-0.875667
-1.0257099e-005,-0.875667
-1.0256849e-005,-0.874
-1.0256599e-005,-0.874
-1.0256349e-005,-0.875667
-1.0256099e-005,-0.875667
-1.0255849e-005,-0.874
-1.0255599e-005,-0.874
-1.0255349e-005,-0.874
-1.0255099e-005,-0.875667
-1.0254849e-005,-0.874
-1.0254599e-005,-0.874
-1.0254349e-005,-0.874
-1.0254099e-005,-0.875667
-1.0253849e-005,-0.874
-1.0253599e-005,-0.874
-1.0253349e-005,-0.875667
-1.0253099e-005,-0.875667
-1.0252849e-005,-0.874
-1.0252599e-005,-0.874
-1.0252349e-005,-0.875667
-1.0252099e-005,-0.875667
-1.0251849e-005,-0.874
-1.0251599e-005,-0.874
-1.0251349e-005,-0.875667
-1.0251099e-005,-0.875667
-1.0250849e-005,-0.874
-1.0250599e-005,-0.874
-1.0250349e-005,-0.875667
-1.0250099e-005,-0.875667
-1.0249849e-005,-0.874
-1.0249599e-005,-0.874
-1.0249349e-005,-0.875667
-1.0249099e-005,-0.875667
-1.0248849e-005,-0.874
-1.0248599e-005,-0.874
-1.0248349e-005,-0.875667
-1.0248099e-005,-0.875667
-1.0247849e-005,-0.874
-1.0247599e-005,-0.874
-1.0247349e-005,-0.874
-1.0247099e-005,-0.875667
-1.0246849e-005,-0.874
-1.0246599e-005,-0.874
-1.0246349e-005,-0.875667
-1.0246099e-005,-0.875667
-1.0245849e-005,-0.874
-1.0245599e-005,-0.874
-1.0245349e-005,-0.875667
-1.0245099e-005,-0.875667
-1.0244849e-005,-0.874
-1.0244599e-005,-0.874
-1.0244349e-005,-0.875667
-1.0244099e-005,-0.875667
-1.0243849e-005,-0.874
-1.0243599e-005,-0.874
-1.0243349e-005,-0.875667
-1.0243099e-005,-0.875667
-1.0242849e-005,-0.874
-1.0242599e-005,-0.874
-1.0242349e-005,-0.875667
-1.0242099e-005,-0.875667
-1.0241849e-005,-0.874
-1.0241599e-005,-0.874
-1.0241349e-005,-0.875667
-1.0241099e-005,-0.875667
-1.0240849e-005,-0.874
-1.0240599e-005,-0.874
-1.0240349e-005,-0.875667
-1.0240099e-005,-0.875667
-1.0239849e-005,-0.874
-1.0239599e-005,-0.874
-1.0239349e-005,-0.875667
-1.0239099e-005,-0.875667
-1.0238849e-005,-0.874
-1.0238599e-005,-0.874
-1.0238349e-005,-0.875667
-1.0238099e-005,-0.875667
-1.0237849e-005,-0.874
-1.0237599e-005,-0.874
-1.0237349e-005,-0.875667
-1.0237099e-005,-0.875667
-1.0236849e-005,-0.874
-1.0236599e-005,-0.874
-1.0236349e-005,-0.874
-1.0236099e-005,-0.875667
-1.0235849e-005,-0.874
-1.0235599e-005,-0.874
-1.0235349e-005,-0.874
-1.0235099e-005,-0.875667
-1.0234849e-005,-0.874
-1.0234599e-005,-0.874
-1.0234349e-005,-0.874
-1.0234099e-005,-0.875667
-1.0233849e-005,-0.874
-1.0233599e-005,-0.874
-1.0233349e-005,-0.875667
-1.0233099e-005,-0.875667
-1.0232849e-005,-0.874
-1.0232599e-005,-0.874
-1.0232349e-005,-0.874
-1.0232099e-005,-0.875667
-1.0231849e-005,-0.874
-1.0231599e-005,-0.874
-1.0231349e-005,-0.874
-1.0231099e-005,-0.875667
-1.0230849e-005,-0.874
-1.0230599e-005,-0.874
-1.0230349e-005,-0.875667
-1.0230099e-005,-0.875667
-1.0229849e-005,-0.874
-1.0229599e-005,-0.874
-1.0229349e-005,-0.875667
-1.0229099e-005,-0.875667
-1.0228849e-005,-0.874
-1.0228599e-005,-0.874
-1.0228349e-005,-0.875667
-1.0228099e-005,-0.875667
-1.0227849e-005,-0.874
-1.0227599e-005,-0.874
-1.0227349e-005,-0.875667
-1.0227099e-005,-0.875667
-1.0226849e-005,-0.874
-1.0226599e-005,-0.874
-1.0226349e-005,-0.874
-1.0226099e-005,-0.875667
-1.0225849e-005,-0.874
-1.0225599e-005,-0.874
-1.0225349e-005,-0.874
-1.0225099e-005,-0.875667
-1.0224849e-005,-0.874
-1.0224599e-005,-0.874
-1.0224349e-005,-0.874
-1.0224099e-005,-0.875667
-1.0223849e-005,-0.874
-1.0223599e-005,-0.874
-1.0223349e-005,-0.874
-1.0223099e-005,-0.875667
-1.0222849e-005,-0.874
-1.0222599e-005,-0.874
-1.0222349e-005,-0.875667
-1.0222099e-005,-0.875667
-1.0221849e-005,-0.874
-1.0221599e-005,-0.874
-1.0221349e-005,-0.875667
-1.0221099e-005,-0.875667
-1.0220849e-005,-0.874
-1.0220599e-005,-0.874
-1.0220349e-005,-0.875667
-1.0220099e-005,-0.875667
-1.0219849e-005,-0.874
-1.0219599e-005,-0.874
-1.0219349e-005,-0.875667
-1.0219099e-005,-0.875667
-1.0218849e-005,-0.874
-1.0218599e-005,-0.874
-1.0218349e-005,-0.875667
-1.0218099e-005,-0.875667
-1.0217849e-005,-0.874
-1.0217599e-005,-0.874
-1.0217349e-005,-0.875667
-1.0217099e-005,-0.875667
-1.0216849e-005,-0.874
-1.0216599e-005,-0.874
-1.0216349e-005,-0.875667
-1.0216099e-005,-0.875667
-1.0215849e-005,-0.874
-1.0215599e-005,-0.874
-1.0215349e-005,-0.875667
-1.0215099e-005,-0.875667
-1.0214849e-005,-0.874
-1.0214599e-005,-0.874
-1.0214349e-005,-0.875667
-1.0214099e-005,-0.875667
-1.0213849e-005,-0.874
-1.0213599e-005,-0.874
-1.0213349e-005,-0.875667
-1.0213099e-005,-0.875667
-1.0212849e-005,-0.875667
-1.0212599e-005,-0.874
-1.0212349e-005,-0.875667
-1.0212099e-005,-0.875667
-1.0211849e-005,-0.874
-1.0211599e-005,-0.874
-1.0211349e-005,-0.875667
-1.0211099e-005,-0.875667
-1.0210849e-005,-0.874
-1.0210599e-005,-0.874
-1.0210349e-005,-0.875667
-1.0210099e-005,-0.875667
-1.0209849e-005,-0.874
-1.0209599e-005,-0.874
-1.0209349e-005,-0.875667
-1.0209099e-005,-0.875667
-1.0208849e-005,-0.874
-1.0208599e-005,-0.874
-1.0208349e-005,-0.874
-1.0208099e-005,-0.875667
-1.0207849e-005,-0.874
-1.0207599e-005,-0.874
-1.0207349e-005,-0.874
-1.0207099e-005,-0.874
-1.0206849e-005,-0.874
-1.0206599e-005,-0.874
-1.0206349e-005,-0.874
-1.0206099e-005,-0.874
-1.0205849e-005,-0.874
-1.0205599e-005,-0.874
-1.0205349e-005,-0.875667
-1.0205099e-005,-0.875667
-1.0204849e-005,-0.874
-1.0204599e-005,-0.874
-1.0204349e-005,-0.875667
-1.0204099e-005,-0.875667
-1.0203849e-005,-0.874
-1.0203599e-005,-0.874
-1.0203349e-005,-0.875667
-1.0203099e-005,-0.875667
-1.0202849e-005,-0.874
-1.0202599e-005,-0.874
-1.0202349e-005,-0.875667
-1.0202099e-005,-0.875667
-1.0201849e-005,-0.874
-1.0201599e-005,-0.874
-1.0201349e-005,-0.875667
-1.0201099e-005,-0.875667
-1.0200849e-005,-0.874
-1.0200599e-005,-0.874
-1.0200349e-005,-0.874
-1.0200099e-005,-0.875667
-1.0199849e-005,-0.874
-1.0199599e-005,-0.874
-1.0199349e-005,-0.874
-1.0199099e-005,-0.875667
-1.0198849e-005,-0.874
-1.0198599e-005,-0.874
-1.0198349e-005,-0.875667
-1.0198099e-005,-0.875667
-1.0197849e-005,-0.874
-1.0197599e-005,-0.874
-1.0197349e-005,-0.875667
-1.0197099e-005,-0.875667
-1.0196849e-005,-0.874
-1.0196599e-005,-0.874
-1.0196349e-005,-0.875667
-1.0196099e-005,-0.875667
-1.0195849e-005,-0.874
-1.0195599e-005,-0.874
-1.0195349e-005,-0.875667
-1.0195099e-005,-0.875667
-1.0194849e-005,-0.874
-1.0194599e-005,-0.874
-1.0194349e-005,-0.875667
-1.0194099e-005,-0.875667
-1.0193849e-005,-0.874
-1.0193599e-005,-0.874
-1.0193349e-005,-0.875667
-1.0193099e-005,-0.875667
-1.0192849e-005,-0.875667
-1.0192599e-005,-0.874
-1.0192349e-005,-0.875667
-1.0192099e-005,-0.875667
-1.0191849e-005,-0.875667
-1.0191599e-005,-0.874
-1.0191349e-005,-0.875667
-1.0191099e-005,-0.875667
-1.0190849e-005,-0.875667
-1.0190599e-005,-0.874
-1.0190349e-005,-0.875667
-1.0190099e-005,-0.875667
-1.0189849e-005,-0.875667
-1.0189599e-005,-0.874
-1.0189349e-005,-0.875667
-1.0189099e-005,-0.875667
-1.0188849e-005,-0.874
-1.0188599e-005,-0.874
-1.0188349e-005,-0.875667
-1.0188099e-005,-0.875667
-1.0187849e-005,-0.874
-1.0187599e-005,-0.874
-1.0187349e-005,-0.874
-1.0187099e-005,-0.874
-1.0186849e-005,-0.874
-1.0186599e-005,-0.874
-1.0186349e-005,-0.875667
-1.0186099e-005,-0.875667
-1.0185849e-005,-0.874
-1.0185599e-005,-0.874
-1.0185349e-005,-0.875667
-1.0185099e-005,-0.875667
-1.0184849e-005,-0.874
-1.0184599e-005,-0.874
-1.0184349e-005,-0.875667
-1.0184099e-005,-0.875667
-1.0183849e-005,-0.874
-1.0183599e-005,-0.874
-1.0183349e-005,-0.875667
-1.0183099e-005,-0.875667
-1.0182849e-005,-0.874
-1.0182599e-005,-0.874
-1.0182349e-005,-0.875667
-1.0182099e-005,-0.875667
-1.0181849e-005,-0.874
-1.0181599e-005,-0.874
-1.0181349e-005,-0.874
-1.0181099e-005,-0.875667
-1.0180849e-005,-0.874
-1.0180599e-005,-0.874
-1.0180349e-005,-0.874
-1.0180099e-005,-0.875667
-1.0179849e-005,-0.874
-1.0179599e-005,-0.874
-1.0179349e-005,-0.874
-1.0179099e-005,-0.875667
-1.0178849e-005,-0.874
-1.0178599e-005,-0.874
-1.0178349e-005,-0.874
-1.0178099e-005,-0.875667
-1.0177849e-005,-0.874
-1.0177599e-005,-0.874
-1.0177349e-005,-0.874
-1.0177099e-005,-0.875667
-1.0176849e-005,-0.874
-1.0176599e-005,-0.874
-1.0176349e-005,-0.874
-1.0176099e-005,-0.875667
-1.0175849e-005,-0.874
-1.0175599e-005,-0.874
-1.0175349e-005,-0.874
-1.0175099e-005,-0.875667
-1.0174849e-005,-0.874
-1.0174599e-005,-0.874
-1.0174349e-005,-0.874
-1.0174099e-005,-0.875667
-1.0173849e-005,-0.874
-1.0173599e-005,-0.874
-1.0173349e-005,-0.874
-1.0173099e-005,-0.875667
-1.0172849e-005,-0.874
-1.0172599e-005,-0.874
-1.0172349e-005,-0.875667
-1.0172099e-005,-0.875667
-1.0171849e-005,-0.874
-1.0171599e-005,-0.874
-1.0171349e-005,-0.875667
-1.0171099e-005,-0.875667
-1.0170849e-005,-0.874
-1.0170599e-005,-0.874
-1.0170349e-005,-0.875667
-1.0170099e-005,-0.875667
-1.0169849e-005,-0.874
-1.0169599e-005,-0.874
-1.0169349e-005,-0.875667
-1.0169099e-005,-0.875667
-1.0168849e-005,-0.874
-1.0168599e-005,-0.874
-1.0168349e-005,-0.875667
-1.0168099e-005,-0.875667
-1.0167849e-005,-0.874
-1.0167599e-005,-0.874
-1.0167349e-005,-0.875667
-1.0167099e-005,-0.875667
-1.0166849e-005,-0.874
-1.0166599e-005,-0.874
-1.0166349e-005,-0.875667
-1.0166099e-005,-0.875667
-1.0165849e-005,-0.874
-1.0165599e-005,-0.874
-1.0165349e-005,-0.875667
-1.0165099e-005,-0.875667
-1.0164849e-005,-0.874
-1.0164599e-005,-0.874
-1.0164349e-005,-0.874
-1.0164099e-005,-0.875667
-1.0163849e-005,-0.874
-1.0163599e-005,-0.874
-1.0163349e-005,-0.875667
-1.0163099e-005,-0.875667
-1.0162849e-005,-0.874
-1.0162599e-005,-0.874
-1.0162349e-005,-0.875667
-1.0162099e-005,-0.875667
-1.0161849e-005,-0.874
-1.0161599e-005,-0.874
-1.0161349e-005,-0.875667
-1.0161099e-005,-0.875667
-1.0160849e-005,-0.875667
-1.0160599e-005,-0.874
-1.0160349e-005,-0.875667
-1.0160099e-005,-0.875667
-1.0159849e-005,-0.875667
-1.0159599e-005,-0.874
-1.0159349e-005,-0.875667
-1.0159099e-005,-0.874
-1.0158849e-005,-0.875667
-1.0158599e-005,-0.874
-1.0158349e-005,-0.875667
-1.0158099e-005,-0.875667
-1.0157849e-005,-0.875667
-1.0157599e-005,-0.874
-1.0157349e-005,-0.875667
-1.0157099e-005,-0.875667
-1.0156849e-005,-0.875667
-1.0156599e-005,-0.874
-1.0156349e-005,-0.875667
-1.0156099e-005,-0.875667
-1.0155849e-005,-0.874
-1.0155599e-005,-0.874
-1.0155349e-005,-0.875667
-1.0155099e-005,-0.875667
-1.0154849e-005,-0.874
-1.0154599e-005,-0.874
-1.0154349e-005,-0.875667
-1.0154099e-005,-0.875667
-1.0153849e-005,-0.874
-1.0153599e-005,-0.874
-1.0153349e-005,-0.874
-1.0153099e-005,-0.874
-1.0152849e-005,-0.874
-1.0152599e-005,-0.874
-1.0152349e-005,-0.874
-1.0152099e-005,-0.874
-1.0151849e-005,-0.874
-1.0151599e-005,-0.874
-1.0151349e-005,-0.874
-1.0151099e-005,-0.875667
-1.0150849e-005,-0.874
-1.0150599e-005,-0.874
-1.0150349e-005,-0.874
-1.0150099e-005,-0.874
-1.0149849e-005,-0.874
-1.0149599e-005,-0.874
-1.0149349e-005,-0.874
-1.0149099e-005,-0.875667
-1.0148849e-005,-0.874
-1.0148599e-005,-0.874
-1.0148349e-005,-0.875667
-1.0148099e-005,-0.875667
-1.0147849e-005,-0.874
-1.0147599e-005,-0.874
-1.0147349e-005,-0.875667
-1.0147099e-005,-0.875667
-1.0146849e-005,-0.874
-1.0146599e-005,-0.874
-1.0146349e-005,-0.875667
-1.0146099e-005,-0.875667
-1.0145849e-005,-0.874
-1.0145599e-005,-0.874
-1.0145349e-005,-0.875667
-1.0145099e-005,-0.875667
-1.0144849e-005,-0.874
-1.0144599e-005,-0.874
-1.0144349e-005,-0.875667
-1.0144099e-005,-0.875667
-1.0143849e-005,-0.874
-1.0143599e-005,-0.874
-1.0143349e-005,-0.875667
-1.0143099e-005,-0.875667
-1.0142849e-005,-0.874
-1.0142599e-005,-0.874
-1.0142349e-005,-0.875667
-1.0142099e-005,-0.875667
-1.0141849e-005,-0.874
-1.0141599e-005,-0.874
-1.0141349e-005,-0.875667
-1.0141099e-005,-0.875667
-1.0140849e-005,-0.874
-1.0140599e-005,-0.874
-1.0140349e-005,-0.875667
-1.0140099e-005,-0.874
-1.0139849e-005,-0.874
-1.0139599e-005,-0.874
-1.0139349e-005,-0.875667
-1.0139099e-005,-0.874
-1.0138849e-005,-0.874
-1.0138599e-005,-0.874
-1.0138349e-005,-0.875667
-1.0138099e-005,-0.875667
-1.0137849e-005,-0.874
-1.0137599e-005,-0.874
-1.0137349e-005,-0.875667
-1.0137099e-005,-0.875667
-1.0136849e-005,-0.874
-1.0136599e-005,-0.874
-1.0136349e-005,-0.875667
-1.0136099e-005,-0.875667
-1.0135849e-005,-0.874
-1.0135599e-005,-0.874
-1.0135349e-005,-0.875667
-1.0135099e-005,-0.874
-1.0134849e-005,-0.874
-1.0134599e-005,-0.874
-1.0134349e-005,-0.875667
-1.0134099e-005,-0.874
-1.0133849e-005,-0.874
-1.0133599e-005,-0.874
-1.0133349e-005,-0.875667
-1.0133099e-005,-0.875667
-1.0132849e-005,-0.874
-1.0132599e-005,-0.874
-1.0132349e-005,-0.875667
-1.0132099e-005,-0.875667
-1.0131849e-005,-0.874
-1.0131599e-005,-0.874
-1.0131349e-005,-0.875667
-1.0131099e-005,-0.875667
-1.0130849e-005,-0.874
-1.0130599e-005,-0.874
-1.0130349e-005,-0.875667
-1.0130099e-005,-0.875667
-1.0129849e-005,-0.874
-1.0129599e-005,-0.874
-1.0129349e-005,-0.875667
-1.0129099e-005,-0.875667
-1.0128849e-005,-0.874
-1.0128599e-005,-0.874
-1.0128349e-005,-0.875667
-1.0128099e-005,-0.875667
-1.0127849e-005,-0.874
-1.0127599e-005,-0.874
-1.0127349e-005,-0.875667
-1.0127099e-005,-0.875667
-1.0126849e-005,-0.874
-1.0126599e-005,-0.874
-1.0126349e-005,-0.875667
-1.0126099e-005,-0.875667
-1.0125849e-005,-0.874
-1.0125599e-005,-0.874
-1.0125349e-005,-0.875667
-1.0125099e-005,-0.875667
-1.0124849e-005,-0.874
-1.0124599e-005,-0.874
-1.0124349e-005,-0.875667
-1.0124099e-005,-0.875667
-1.0123849e-005,-0.874
-1.0123599e-005,-0.874
-1.0123349e-005,-0.875667
-1.0123099e-005,-0.875667
-1.0122849e-005,-0.874
-1.0122599e-005,-0.874
-1.0122349e-005,-0.875667
-1.0122099e-005,-0.875667
-1.0121849e-005,-0.874
-1.0121599e-005,-0.874
-1.0121349e-005,-0.875667
-1.0121099e-005,-0.875667
-1.0120849e-005,-0.874
-1.0120599e-005,-0.874
-1.0120349e-005,-0.875667
-1.0120099e-005,-0.875667
-1.0119849e-005,-0.874
-1.0119599e-005,-0.874
-1.0119349e-005,-0.875667
-1.0119099e-005,-0.875667
-1.0118849e-005,-0.874
-1.0118599e-005,-0.874
-1.0118349e-005,-0.875667
-1.0118099e-005,-0.875667
-1.0117849e-005,-0.874
-1.0117599e-005,-0.874
-1.0117349e-005,-0.875667
-1.0117099e-005,-0.875667
-1.0116849e-005,-0.874
-1.0116599e-005,-0.874
-1.0116349e-005,-0.875667
-1.0116099e-005,-0.875667
-1.0115849e-005,-0.874
-1.0115599e-005,-0.874
-1.0115349e-005,-0.875667
-1.0115099e-005,-0.875667
-1.0114849e-005,-0.874
-1.0114599e-005,-0.874
-1.0114349e-005,-0.875667
-1.0114099e-005,-0.875667
-1.0113849e-005,-0.874
-1.0113599e-005,-0.874
-1.0113349e-005,-0.875667
-1.0113099e-005,-0.875667
-1.0112849e-005,-0.874
-1.0112599e-005,-0.874
-1.0112349e-005,-0.875667
-1.0112099e-005,-0.875667
-1.0111849e-005,-0.874
-1.0111599e-005,-0.874
-1.0111349e-005,-0.875667
-1.0111099e-005,-0.875667
-1.0110849e-005,-0.874
-1.0110599e-005,-0.874
-1.0110349e-005,-0.875667
-1.0110099e-005,-0.875667
-1.0109849e-005,-0.874
-1.0109599e-005,-0.874
-1.0109349e-005,-0.875667
-1.0109099e-005,-0.875667
-1.0108849e-005,-0.874
-1.0108599e-005,-0.874
-1.0108349e-005,-0.875667
-1.0108099e-005,-0.875667
-1.0107849e-005,-0.874
-1.0107599e-005,-0.874
-1.0107349e-005,-0.875667
-1.0107099e-005,-0.875667
-1.0106849e-005,-0.874
-1.0106599e-005,-0.874
-1.0106349e-005,-0.875667
-1.0106099e-005,-0.875667
-1.0105849e-005,-0.874
-1.0105599e-005,-0.874
-1.0105349e-005,-0.875667
-1.0105099e-005,-0.875667
-1.0104849e-005,-0.874
-1.0104599e-005,-0.874
-1.0104349e-005,-0.875667
-1.0104099e-005,-0.875667
-1.0103849e-005,-0.874
-1.0103599e-005,-0.874
-1.0103349e-005,-0.874
-1.0103099e-005,-0.875667
-1.0102849e-005,-0.874
-1.0102599e-005,-0.874
-1.0102349e-005,-0.874
-1.0102099e-005,-0.875667
-1.0101849e-005,-0.874
-1.0101599e-005,-0.874
-1.0101349e-005,-0.874
-1.0101099e-005,-0.875667
-1.0100849e-005,-0.874
-1.0100599e-005,-0.874
-1.0100349e-005,-0.875667
-1.0100099e-005,-0.875667
-1.0099849e-005,-0.874
-1.0099599e-005,-0.874
-1.0099349e-005,-0.875667
-1.0099099e-005,-0.875667
-1.0098849e-005,-0.874
-1.0098599e-005,-0.874
-1.0098349e-005,-0.875667
-1.0098099e-005,-0.875667
-1.0097849e-005,-0.874
-1.0097599e-005,-0.874
-1.0097349e-005,-0.875667
-1.0097099e-005,-0.875667
-1.0096849e-005,-0.874
-1.0096599e-005,-0.874
-1.0096349e-005,-0.875667
-1.0096099e-005,-0.875667
-1.0095849e-005,-0.874
-1.0095599e-005,-0.874
-1.0095349e-005,-0.875667
-1.0095099e-005,-0.875667
-1.0094849e-005,-0.874
-1.0094599e-005,-0.874
-1.0094349e-005,-0.875667
-1.0094099e-005,-0.875667
-1.0093849e-005,-0.874
-1.0093599e-005,-0.874
-1.0093349e-005,-0.875667
-1.0093099e-005,-0.874
-1.0092849e-005,-0.874
-1.0092599e-005,-0.874
-1.0092349e-005,-0.875667
-1.0092099e-005,-0.874
-1.0091849e-005,-0.874
-1.0091599e-005,-0.874
-1.0091349e-005,-0.875667
-1.0091099e-005,-0.874
-1.0090849e-005,-0.874
-1.0090599e-005,-0.874
-1.0090349e-005,-0.875667
-1.0090099e-005,-0.874
-1.0089849e-005,-0.874
-1.0089599e-005,-0.874
-1.0089349e-005,-0.875667
-1.0089099e-005,-0.874
-1.0088849e-005,-0.874
-1.0088599e-005,-0.874
-1.0088349e-005,-0.875667
-1.0088099e-005,-0.874
-1.0087849e-005,-0.874
-1.0087599e-005,-0.874
-1.0087349e-005,-0.875667
-1.0087099e-005,-0.874
-1.0086849e-005,-0.874
-1.0086599e-005,-0.874
-1.0086349e-005,-0.875667
-1.0086099e-005,-0.875667
-1.0085849e-005,-0.874
-1.0085599e-005,-0.874
-1.0085349e-005,-0.875667
-1.0085099e-005,-0.875667
-1.0084849e-005,-0.874
-1.0084599e-005,-0.874
-1.0084349e-005,-0.875667
-1.0084099e-005,-0.875667
-1.0083849e-005,-0.874
-1.0083599e-005,-0.874
-1.0083349e-005,-0.875667
-1.0083099e-005,-0.875667
-1.0082849e-005,-0.874
-1.0082599e-005,-0.874
-1.0082349e-005,-0.874
-1.0082099e-005,-0.875667
-1.0081849e-005,-0.874
-1.0081599e-005,-0.874
-1.0081349e-005,-0.875667
-1.0081099e-005,-0.875667
-1.0080849e-005,-0.874
-1.0080599e-005,-0.874
-1.0080349e-005,-0.875667
-1.0080099e-005,-0.875667
-1.0079849e-005,-0.874
-1.0079599e-005,-0.874
-1.0079349e-005,-0.875667
-1.0079099e-005,-0.875667
-1.0078849e-005,-0.874
-1.0078599e-005,-0.874
-1.0078349e-005,-0.875667
-1.0078099e-005,-0.875667
-1.0077849e-005,-0.874
-1.0077599e-005,-0.874
-1.0077349e-005,-0.875667
-1.0077099e-005,-0.874
-1.0076849e-005,-0.874
-1.0076599e-005,-0.874
-1.0076349e-005,-0.875667
-1.0076099e-005,-0.874
-1.0075849e-005,-0.874
-1.0075599e-005,-0.874
-1.0075349e-005,-0.875667
-1.0075099e-005,-0.874
-1.0074849e-005,-0.874
-1.0074599e-005,-0.874
-1.0074349e-005,-0.874
-1.0074099e-005,-0.875667
-1.0073849e-005,-0.874
-1.0073599e-005,-0.874
-1.0073349e-005,-0.874
-1.0073099e-005,-0.875667
-1.0072849e-005,-0.874
-1.0072599e-005,-0.874
-1.0072349e-005,-0.874
-1.0072099e-005,-0.875667
-1.0071849e-005,-0.874
-1.0071599e-005,-0.874
-1.0071349e-005,-0.874
-1.0071099e-005,-0.875667
-1.0070849e-005,-0.874
-1.0070599e-005,-0.874
-1.0070349e-005,-0.875667
-1.0070099e-005,-0.875667
-1.0069849e-005,-0.874
-1.0069599e-005,-0.874
-1.0069349e-005,-0.875667
-1.0069099e-005,-0.875667
-1.0068849e-005,-0.874
-1.0068599e-005,-0.874
-1.0068349e-005,-0.875667
-1.0068099e-005,-0.875667
-1.0067849e-005,-0.874
-1.0067599e-005,-0.874
-1.0067349e-005,-0.875667
-1.0067099e-005,-0.875667
-1.0066849e-005,-0.874
-1.0066599e-005,-0.874
-1.0066349e-005,-0.875667
-1.0066099e-005,-0.875667
-1.0065849e-005,-0.874
-1.0065599e-005,-0.874
-1.0065349e-005,-0.875667
-1.0065099e-005,-0.875667
-1.0064849e-005,-0.874
-1.0064599e-005,-0.874
-1.0064349e-005,-0.874
-1.0064099e-005,-0.875667
-1.0063849e-005,-0.874
-1.0063599e-005,-0.874
-1.0063349e-005,-0.875667
-1.0063099e-005,-0.875667
-1.0062849e-005,-0.874
-1.0062599e-005,-0.874
-1.0062349e-005,-0.875667
-1.0062099e-005,-0.875667
-1.0061849e-005,-0.874
-1.0061599e-005,-0.874
-1.0061349e-005,-0.875667
-1.0061099e-005,-0.875667
-1.0060849e-005,-0.874
-1.0060599e-005,-0.874
-1.0060349e-005,-0.875667
-1.0060099e-005,-0.875667
-1.0059849e-005,-0.874
-1.0059599e-005,-0.874
-1.0059349e-005,-0.875667
-1.0059099e-005,-0.875667
-1.0058849e-005,-0.874
-1.0058599e-005,-0.874
-1.0058349e-005,-0.875667
-1.0058099e-005,-0.875667
-1.0057849e-005,-0.874
-1.0057599e-005,-0.874
-1.0057349e-005,-0.875667
-1.0057099e-005,-0.875667
-1.0056849e-005,-0.874
-1.0056599e-005,-0.874
-1.0056349e-005,-0.875667
-1.0056099e-005,-0.875667
-1.0055849e-005,-0.874
-1.0055599e-005,-0.874
-1.0055349e-005,-0.875667
-1.0055099e-005,-0.875667
-1.0054849e-005,-0.874
-1.0054599e-005,-0.874
-1.0054349e-005,-0.875667
-1.0054099e-005,-0.875667
-1.0053849e-005,-0.874
-1.0053599e-005,-0.874
-1.0053349e-005,-0.875667
-1.0053099e-005,-0.875667
-1.0052849e-005,-0.874
-1.0052599e-005,-0.874
-1.0052349e-005,-0.875667
-1.0052099e-005,-0.875667
-1.0051849e-005,-0.874
-1.0051599e-005,-0.874
-1.0051349e-005,-0.875667
-1.0051099e-005,-0.875667
-1.0050849e-005,-0.874
-1.0050599e-005,-0.874
-1.0050349e-005,-0.875667
-1.0050099e-005,-0.875667
-1.0049849e-005,-0.874
-1.0049599e-005,-0.874
-1.0049349e-005,-0.875667
-1.0049099e-005,-0.875667
-1.0048849e-005,-0.874
-1.0048599e-005,-0.874
-1.0048349e-005,-0.875667
-1.0048099e-005,-0.875667
-1.0047849e-005,-0.874
-1.0047599e-005,-0.874
-1.0047349e-005,-0.875667
-1.0047099e-005,-0.875667
-1.0046849e-005,-0.874
-1.0046599e-005,-0.874
-1.0046349e-005,-0.875667
-1.0046099e-005,-0.875667
-1.0045849e-005,-0.874
-1.0045599e-005,-0.874
-1.0045349e-005,-0.875667
-1.0045099e-005,-0.875667
-1.0044849e-005,-0.874
-1.0044599e-005,-0.874
-1.0044349e-005,-0.875667
-1.0044099e-005,-0.874
-1.0043849e-005,-0.874
-1.0043599e-005,-0.874
-1.0043349e-005,-0.875667
-1.0043099e-005,-0.874
-1.0042849e-005,-0.874
-1.0042599e-005,-0.874
-1.0042349e-005,-0.874
-1.0042099e-005,-0.874
-1.0041849e-005,-0.874
-1.0041599e-005,-0.874
-1.0041349e-005,-0.875667
-1.0041099e-005,-0.874
-1.0040849e-005,-0.874
-1.0040599e-005,-0.874
-1.0040349e-005,-0.875667
-1.0040099e-005,-0.875667
-1.0039849e-005,-0.874
-1.0039599e-005,-0.874
-1.0039349e-005,-0.875667
-1.0039099e-005,-0.875667
-1.0038849e-005,-0.874
-1.0038599e-005,-0.874
-1.0038349e-005,-0.875667
-1.0038099e-005,-0.875667
-1.0037849e-005,-0.874
-1.0037599e-005,-0.874
-1.0037349e-005,-0.875667
-1.0037099e-005,-0.875667
-1.0036849e-005,-0.874
-1.0036599e-005,-0.874
-1.0036349e-005,-0.875667
-1.0036099e-005,-0.875667
-1.0035849e-005,-0.874
-1.0035599e-005,-0.874
-1.0035349e-005,-0.875667
-1.0035099e-005,-0.875667
-1.0034849e-005,-0.874
-1.0034599e-005,-0.874
-1.0034349e-005,-0.875667
-1.0034099e-005,-0.875667
-1.0033849e-005,-0.874
-1.0033599e-005,-0.874
-1.0033349e-005,-0.875667
-1.0033099e-005,-0.875667
-1.0032849e-005,-0.874
-1.0032599e-005,-0.874
-1.0032349e-005,-0.875667
-1.0032099e-005,-0.875667
-1.0031849e-005,-0.874
-1.0031599e-005,-0.874
-1.0031349e-005,-0.875667
-1.0031099e-005,-0.875667
-1.0030849e-005,-0.874
-1.0030599e-005,-0.874
-1.0030349e-005,-0.875667
-1.0030099e-005,-0.875667
-1.0029849e-005,-0.874
-1.0029599e-005,-0.874
-1.0029349e-005,-0.874
-1.0029099e-005,-0.875667
-1.0028849e-005,-0.874
-1.0028599e-005,-0.874
-1.0028349e-005,-0.874
-1.0028099e-005,-0.875667
-1.0027849e-005,-0.874
-1.0027599e-005,-0.874
-1.0027349e-005,-0.875667
-1.0027099e-005,-0.875667
-1.0026849e-005,-0.874
-1.0026599e-005,-0.874
-1.0026349e-005,-0.875667
-1.0026099e-005,-0.875667
-1.0025849e-005,-0.874
-1.0025599e-005,-0.874
-1.0025349e-005,-0.875667
-1.0025099e-005,-0.875667
-1.0024849e-005,-0.874
-1.0024599e-005,-0.874
-1.0024349e-005,-0.875667
-1.0024099e-005,-0.875667
-1.0023849e-005,-0.874
-1.0023599e-005,-0.874
-1.0023349e-005,-0.875667
-1.0023099e-005,-0.875667
-1.0022849e-005,-0.874
-1.0022599e-005,-0.874
-1.0022349e-005,-0.874
-1.0022099e-005,-0.875667
-1.0021849e-005,-0.874
-1.0021599e-005,-0.874
-1.0021349e-005,-0.875667
-1.0021099e-005,-0.875667
-1.0020849e-005,-0.874
-1.0020599e-005,-0.874
-1.0020349e-005,-0.875667
-1.0020099e-005,-0.875667
-1.0019849e-005,-0.874
-1.0019599e-005,-0.874
-1.0019349e-005,-0.875667
-1.0019099e-005,-0.875667
-1.0018849e-005,-0.874
-1.0018599e-005,-0.874
-1.0018349e-005,-0.874
-1.0018099e-005,-0.875667
-1.0017849e-005,-0.874
-1.0017599e-005,-0.874
-1.0017349e-005,-0.874
-1.0017099e-005,-0.875667
-1.0016849e-005,-0.874
-1.0016599e-005,-0.874
-1.0016349e-005,-0.874
-1.0016099e-005,-0.875667
-1.0015849e-005,-0.874
-1.0015599e-005,-0.874
-1.0015349e-005,-0.874
-1.0015099e-005,-0.874
-1.0014849e-005,-0.874
-1.0014599e-005,-0.874
-1.0014349e-005,-0.875667
-1.0014099e-005,-0.875667
-1.0013849e-005,-0.874
-1.0013599e-005,-0.874
-1.0013349e-005,-0.875667
-1.0013099e-005,-0.875667
-1.0012849e-005,-0.874
-1.0012599e-005,-0.874
-1.0012349e-005,-0.875667
-1.0012099e-005,-0.875667
-1.0011849e-005,-0.874
-1.0011599e-005,-0.874
-1.0011349e-005,-0.875667
-1.0011099e-005,-0.875667
-1.0010849e-005,-0.874
-1.0010599e-005,-0.874
-1.0010349e-005,-0.875667
-1.0010099e-005,-0.875667
-1.0009849e-005,-0.875667
-1.0009599e-005,-0.874
-1.0009349e-005,-0.875667
-1.0009099e-005,-0.875667
-1.0008849e-005,-0.875667
-1.0008599e-005,-0.874
-1.0008349e-005,-0.875667
-1.0008099e-005,-0.874
-1.0007849e-005,-0.875667
-1.0007599e-005,-0.874
-1.0007349e-005,-0.874
-1.0007099e-005,-0.874
-1.0006849e-005,-0.874
-1.0006599e-005,-0.874
-1.0006349e-005,-0.874
-1.0006099e-005,-0.874
-1.0005849e-005,-0.874
-1.0005599e-005,-0.874
-1.0005349e-005,-0.874
-1.0005099e-005,-0.874
-1.0004849e-005,-0.874
-1.0004599e-005,-0.874
-1.0004349e-005,-0.874
-1.0004099e-005,-0.874
-1.0003849e-005,-0.874
-1.0003599e-005,-0.874
-1.0003349e-005,-0.874
-1.0003099e-005,-0.874
-1.0002849e-005,-0.874
-1.0002599e-005,-0.874
-1.0002349e-005,-0.874
-1.0002099e-005,-0.874
-1.0001849e-005,-0.874
-1.0001599e-005,-0.874
-1.0001349e-005,-0.874
-1.0001099e-005,-0.874
-1.0000849e-005,-0.874
-1.0000599e-005,-0.874
-1.0000349e-005,-0.874
-1.0000099e-005,-0.874
-9.999849e-006,-0.874
-9.999599e-006,-0.874
-9.999349e-006,-0.874
-9.999099e-006,-0.875667
-9.998849e-006,-0.874
-9.998599e-006,-0.874
-9.998349e-006,-0.875667
-9.998099e-006,-0.874
-9.997849e-006,-0.874
-9.997599e-006,-0.874
-9.997349e-006,-0.875667
-9.997099e-006,-0.875667
-9.996849e-006,-0.874
-9.996599e-006,-0.874
-9.996349e-006,-0.875667
-9.996099e-006,-0.875667
-9.995849e-006,-0.874
-9.995599e-006,-0.874
-9.995349e-006,-0.875667
-9.995099e-006,-0.875667
-9.994849e-006,-0.874
-9.994599e-006,-0.874
-9.994349e-006,-0.875667
-9.994099e-006,-0.875667
-9.993849e-006,-0.874
-9.993599e-006,-0.874
-9.993349e-006,-0.875667
-9.993099e-006,-0.875667
-9.992849e-006,-0.874
-9.992599e-006,-0.874
-9.992349e-006,-0.875667
-9.992099e-006,-0.875667
-9.991849e-006,-0.874
-9.991599e-006,-0.874
-9.991349e-006,-0.875667
-9.991099e-006,-0.875667
-9.990849e-006,-0.874
-9.990599e-006,-0.874
-9.990349e-006,-0.875667
-9.990099e-006,-0.875667
-9.989849e-006,-0.874
-9.989599e-006,-0.874
-9.989349e-006,-0.875667
-9.989099e-006,-0.875667
-9.988849e-006,-0.874
-9.988599e-006,-0.874
-9.988349e-006,-0.875667
-9.988099e-006,-0.875667
-9.987849e-006,-0.874
-9.987599e-006,-0.874
-9.987349e-006,-0.875667
-9.987099e-006,-0.875667
-9.986849e-006,-0.874
-9.986599e-006,-0.874
-9.986349e-006,-0.875667
-9.986099e-006,-0.875667
-9.985849e-006,-0.874
-9.985599e-006,-0.874
-9.985349e-006,-0.875667
-9.985099e-006,-0.875667
-9.984849e-006,-0.874
-9.984599e-006,-0.874
-9.984349e-006,-0.875667
-9.984099e-006,-0.875667
-9.983849e-006,-0.874
-9.983599e-006,-0.874
-9.983349e-006,-0.875667
-9.983099e-006,-0.875667
-9.982849e-006,-0.874
-9.982599e-006,-0.874
-9.982349e-006,-0.875667
-9.982099e-006,-0.874
-9.981849e-006,-0.874
-9.981599e-006,-0.874
-9.981349e-006,-0.875667
-9.981099e-006,-0.874
-9.980849e-006,-0.874
-9.980599e-006,-0.874
-9.980349e-006,-0.875667
-9.980099e-006,-0.875667
-9.979849e-006,-0.874
-9.979599e-006,-0.874
-9.979349e-006,-0.875667
-9.979099e-006,-0.875667
-9.978849e-006,-0.874
-9.978599e-006,-0.874
-9.978349e-006,-0.875667
-9.978099e-006,-0.875667
-9.977849e-006,-0.874
-9.977599e-006,-0.874
-9.977349e-006,-0.874
-9.977099e-006,-0.874
-9.976849e-006,-0.874
-9.976599e-006,-0.874
-9.976349e-006,-0.874
-9.976099e-006,-0.874
-9.975849e-006,-0.874
-9.975599e-006,-0.874
-9.975349e-006,-0.874
-9.975099e-006,-0.875667
-9.974849e-006,-0.874
-9.974599e-006,-0.874
-9.974349e-006,-0.875667
-9.974099e-006,-0.875667
-9.973849e-006,-0.874
-9.973599e-006,-0.874
-9.973349e-006,-0.875667
-9.973099e-006,-0.875667
-9.972849e-006,-0.874
-9.972599e-006,-0.874
-9.972349e-006,-0.875667
-9.972099e-006,-0.875667
-9.971849e-006,-0.874
-9.971599e-006,-0.874
-9.971349e-006,-0.875667
-9.971099e-006,-0.875667
-9.970849e-006,-0.874
-9.970599e-006,-0.874
-9.970349e-006,-0.875667
-9.970099e-006,-0.875667
-9.969849e-006,-0.874
-9.969599e-006,-0.874
-9.969349e-006,-0.875667
-9.969099e-006,-0.875667
-9.968849e-006,-0.874
-9.968599e-006,-0.874
-9.968349e-006,-0.875667
-9.968099e-006,-0.875667
-9.967849e-006,-0.874
-9.967599e-006,-0.874
-9.967349e-006,-0.874
-9.967099e-006,-0.875667
-9.966849e-006,-0.874
-9.966599e-006,-0.874
-9.966349e-006,-0.875667
-9.966099e-006,-0.875667
-9.965849e-006,-0.874
-9.965599e-006,-0.874
-9.965349e-006,-0.875667
-9.965099e-006,-0.875667
-9.964849e-006,-0.874
-9.964599e-006,-0.874
-9.964349e-006,-0.875667
-9.964099e-006,-0.875667
-9.963849e-006,-0.874
-9.963599e-006,-0.874
-9.963349e-006,-0.875667
-9.963099e-006,-0.875667
-9.962849e-006,-0.874
-9.962599e-006,-0.874
-9.962349e-006,-0.875667
-9.962099e-006,-0.875667
-9.961849e-006,-0.874
-9.961599e-006,-0.874
-9.961349e-006,-0.875667
-9.961099e-006,-0.875667
-9.960849e-006,-0.874
-9.960599e-006,-0.874
-9.960349e-006,-0.875667
-9.960099e-006,-0.874
-9.959849e-006,-0.874
-9.959599e-006,-0.874
-9.959349e-006,-0.875667
-9.959099e-006,-0.874
-9.958849e-006,-0.874
-9.958599e-006,-0.874
-9.958349e-006,-0.875667
-9.958099e-006,-0.874
-9.957849e-006,-0.874
-9.957599e-006,-0.874
-9.957349e-006,-0.875667
-9.957099e-006,-0.874
-9.956849e-006,-0.874
-9.956599e-006,-0.874
-9.956349e-006,-0.875667
-9.956099e-006,-0.874
-9.955849e-006,-0.874
-9.955599e-006,-0.874
-9.955349e-006,-0.875667
-9.955099e-006,-0.874
-9.954849e-006,-0.874
-9.954599e-006,-0.874
-9.954349e-006,-0.875667
-9.954099e-006,-0.874
-9.953849e-006,-0.874
-9.953599e-006,-0.874
-9.953349e-006,-0.875667
-9.953099e-006,-0.874
-9.952849e-006,-0.874
-9.952599e-006,-0.874
-9.952349e-006,-0.875667
-9.952099e-006,-0.875667
-9.951849e-006,-0.874
-9.951599e-006,-0.874
-9.951349e-006,-0.874
-9.951099e-006,-0.875667
-9.950849e-006,-0.874
-9.950599e-006,-0.874
-9.950349e-006,-0.874
-9.950099e-006,-0.874
-9.949849e-006,-0.874
-9.949599e-006,-0.874
-9.949349e-006,-0.874
-9.949099e-006,-0.874
-9.948849e-006,-0.874
-9.948599e-006,-0.874
-9.948349e-006,-0.874
-9.948099e-006,-0.874
-9.947849e-006,-0.874
-9.947599e-006,-0.874
-9.947349e-006,-0.874
-9.947099e-006,-0.874
-9.946849e-006,-0.874
-9.946599e-006,-0.874
-9.946349e-006,-0.875667
-9.946099e-006,-0.874
-9.945849e-006,-0.874
-9.945599e-006,-0.874
-9.945349e-006,-0.875667
-9.945099e-006,-0.874
-9.944849e-006,-0.874
-9.944599e-006,-0.874
-9.944349e-006,-0.875667
-9.944099e-006,-0.874
-9.943849e-006,-0.874
-9.943599e-006,-0.874
-9.943349e-006,-0.874
-9.943099e-006,-0.874
-9.942849e-006,-0.874
-9.942599e-006,-0.874
-9.942349e-006,-0.874
-9.942099e-006,-0.874
-9.941849e-006,-0.874
-9.941599e-006,-0.874
-9.941349e-006,-0.874
-9.941099e-006,-0.875667
-9.940849e-006,-0.874
-9.940599e-006,-0.874
-9.940349e-006,-0.874
-9.940099e-006,-0.875667
-9.939849e-006,-0.874
-9.939599e-006,-0.874
-9.939349e-006,-0.874
-9.939099e-006,-0.875667
-9.938849e-006,-0.874
-9.938599e-006,-0.874
-9.938349e-006,-0.874
-9.938099e-006,-0.874
-9.937849e-006,-0.874
-9.937599e-006,-0.874
-9.937349e-006,-0.874
-9.937099e-006,-0.874
-9.936849e-006,-0.874
-9.936599e-006,-0.874
-9.936349e-006,-0.874
-9.936099e-006,-0.874
-9.935849e-006,-0.874
-9.935599e-006,-0.874
-9.935349e-006,-0.875667
-9.935099e-006,-0.875667
-9.934849e-006,-0.874
-9.934599e-006,-0.874
-9.934349e-006,-0.875667
-9.934099e-006,-0.874
-9.933849e-006,-0.874
-9.933599e-006,-0.874
-9.933349e-006,-0.874
-9.933099e-006,-0.874
-9.932849e-006,-0.874
-9.932599e-006,-0.874
-9.932349e-006,-0.874
-9.932099e-006,-0.875667
-9.931849e-006,-0.874
-9.931599e-006,-0.874
-9.931349e-006,-0.874
-9.931099e-006,-0.875667
-9.930849e-006,-0.874
-9.930599e-006,-0.874
-9.930349e-006,-0.874
-9.930099e-006,-0.875667
-9.929849e-006,-0.874
-9.929599e-006,-0.874
-9.929349e-006,-0.874
-9.929099e-006,-0.875667
-9.928849e-006,-0.874
-9.928599e-006,-0.874
-9.928349e-006,-0.874
-9.928099e-006,-0.874
-9.927849e-006,-0.874
-9.927599e-006,-0.874
-9.927349e-006,-0.874
-9.927099e-006,-0.874
-9.926849e-006,-0.874
-9.926599e-006,-0.874
-9.926349e-006,-0.875667
-9.926099e-006,-0.875667
-9.925849e-006,-0.874
-9.925599e-006,-0.874
-9.925349e-006,-0.875667
-9.925099e-006,-0.875667
-9.924849e-006,-0.874
-9.924599e-006,-0.874
-9.924349e-006,-0.875667
-9.924099e-006,-0.875667
-9.923849e-006,-0.874
-9.923599e-006,-0.874
-9.923349e-006,-0.875667
-9.923099e-006,-0.875667
-9.922849e-006,-0.874
-9.922599e-006,-0.874
-9.922349e-006,-0.875667
-9.922099e-006,-0.875667
-9.921849e-006,-0.874
-9.921599e-006,-0.874
-9.921349e-006,-0.875667
-9.921099e-006,-0.875667
-9.920849e-006,-0.874
-9.920599e-006,-0.874
-9.920349e-006,-0.875667
-9.920099e-006,-0.875667
-9.919849e-006,-0.874
-9.919599e-006,-0.874
-9.919349e-006,-0.875667
-9.919099e-006,-0.875667
-9.918849e-006,-0.874
-9.918599e-006,-0.874
-9.918349e-006,-0.875667
-9.918099e-006,-0.875667
-9.917849e-006,-0.874
-9.917599e-006,-0.874
-9.917349e-006,-0.875667
-9.917099e-006,-0.875667
-9.916849e-006,-0.874
-9.916599e-006,-0.874
-9.916349e-006,-0.875667
-9.916099e-006,-0.874
-9.915849e-006,-0.874
-9.915599e-006,-0.874
-9.915349e-006,-0.875667
-9.915099e-006,-0.874
-9.914849e-006,-0.874
-9.914599e-006,-0.874
-9.914349e-006,-0.875667
-9.914099e-006,-0.874
-9.913849e-006,-0.874
-9.913599e-006,-0.874
-9.913349e-006,-0.875667
-9.913099e-006,-0.874
-9.912849e-006,-0.874
-9.912599e-006,-0.874
-9.912349e-006,-0.875667
-9.912099e-006,-0.874
-9.911849e-006,-0.874
-9.911599e-006,-0.874
-9.911349e-006,-0.874
-9.911099e-006,-0.874
-9.910849e-006,-0.874
-9.910599e-006,-0.874
-9.910349e-006,-0.874
-9.910099e-006,-0.875667
-9.909849e-006,-0.874
-9.909599e-006,-0.874
-9.909349e-006,-0.875667
-9.909099e-006,-0.875667
-9.908849e-006,-0.874
-9.908599e-006,-0.874
-9.908349e-006,-0.874
-9.908099e-006,-0.875667
-9.907849e-006,-0.874
-9.907599e-006,-0.874
-9.907349e-006,-0.875667
-9.907099e-006,-0.875667
-9.906849e-006,-0.874
-9.906599e-006,-0.874
-9.906349e-006,-0.875667
-9.906099e-006,-0.875667
-9.905849e-006,-0.874
-9.905599e-006,-0.874
-9.905349e-006,-0.875667
-9.905099e-006,-0.875667
-9.904849e-006,-0.874
-9.904599e-006,-0.874
-9.904349e-006,-0.875667
-9.904099e-006,-0.875667
-9.903849e-006,-0.874
-9.903599e-006,-0.874
-9.903349e-006,-0.875667
-9.903099e-006,-0.875667
-9.902849e-006,-0.874
-9.902599e-006,-0.874
-9.902349e-006,-0.875667
-9.902099e-006,-0.875667
-9.901849e-006,-0.874
-9.901599e-006,-0.874
-9.901349e-006,-0.875667
-9.901099e-006,-0.875667
-9.900849e-006,-0.874
-9.900599e-006,-0.874
-9.900349e-006,-0.874
-9.900099e-006,-0.875667
-9.899849e-006,-0.874
-9.899599e-006,-0.874
-9.899349e-006,-0.874
-9.899099e-006,-0.875667
-9.898849e-006,-0.874
-9.898599e-006,-0.874
-9.898349e-006,-0.874
-9.898099e-006,-0.875667
-9.897849e-006,-0.874
-9.897599e-006,-0.874
-9.897349e-006,-0.875667
-9.897099e-006,-0.875667
-9.896849e-006,-0.874
-9.896599e-006,-0.874
-9.896349e-006,-0.875667
-9.896099e-006,-0.875667
-9.895849e-006,-0.874
-9.895599e-006,-0.874
-9.895349e-006,-0.875667
-9.895099e-006,-0.875667
-9.894849e-006,-0.874
-9.894599e-006,-0.874
-9.894349e-006,-0.875667
-9.894099e-006,-0.875667
-9.893849e-006,-0.874
-9.893599e-006,-0.874
-9.893349e-006,-0.874
-9.893099e-006,-0.875667
-9.892849e-006,-0.874
-9.892599e-006,-0.874
-9.892349e-006,-0.875667
-9.892099e-006,-0.875667
-9.891849e-006,-0.874
-9.891599e-006,-0.874
-9.891349e-006,-0.875667
-9.891099e-006,-0.875667
-9.890849e-006,-0.874
-9.890599e-006,-0.874
-9.890349e-006,-0.875667
-9.890099e-006,-0.875667
-9.889849e-006,-0.874
-9.889599e-006,-0.874
-9.889349e-006,-0.875667
-9.889099e-006,-0.875667
-9.888849e-006,-0.874
-9.888599e-006,-0.874
-9.888349e-006,-0.875667
-9.888099e-006,-0.875667
-9.887849e-006,-0.874
-9.887599e-006,-0.874
-9.887349e-006,-0.875667
-9.887099e-006,-0.875667
-9.886849e-006,-0.874
-9.886599e-006,-0.874
-9.886349e-006,-0.875667
-9.886099e-006,-0.875667
-9.885849e-006,-0.874
-9.885599e-006,-0.874
-9.885349e-006,-0.874
-9.885099e-006,-0.875667
-9.884849e-006,-0.874
-9.884599e-006,-0.874
-9.884349e-006,-0.875667
-9.884099e-006,-0.875667
-9.883849e-006,-0.874
-9.883599e-006,-0.874
-9.883349e-006,-0.874
-9.883099e-006,-0.875667
-9.882849e-006,-0.874
-9.882599e-006,-0.874
-9.882349e-006,-0.874
-9.882099e-006,-0.875667
-9.881849e-006,-0.874
-9.881599e-006,-0.874
-9.881349e-006,-0.874
-9.881099e-006,-0.875667
-9.880849e-006,-0.874
-9.880599e-006,-0.874
-9.880349e-006,-0.874
-9.880099e-006,-0.874
-9.879849e-006,-0.874
-9.879599e-006,-0.874
-9.879349e-006,-0.874
-9.879099e-006,-0.874
-9.878849e-006,-0.874
-9.878599e-006,-0.874
-9.878349e-006,-0.874
-9.878099e-006,-0.874
-9.877849e-006,-0.874
-9.877599e-006,-0.874
-9.877349e-006,-0.874
-9.877099e-006,-0.875667
-9.876849e-006,-0.874
-9.876599e-006,-0.874
-9.876349e-006,-0.874
-9.876099e-006,-0.875667
-9.875849e-006,-0.874
-9.875599e-006,-0.874
-9.875349e-006,-0.874
-9.875099e-006,-0.874
-9.874849e-006,-0.874
-9.874599e-006,-0.874
-9.874349e-006,-0.874
-9.874099e-006,-0.874
-9.873849e-006,-0.874
-9.873599e-006,-0.874
-9.873349e-006,-0.874
-9.873099e-006,-0.874
-9.872849e-006,-0.874
-9.872599e-006,-0.874
-9.872349e-006,-0.874
-9.872099e-006,-0.875667
-9.871849e-006,-0.874
-9.871599e-006,-0.874
-9.871349e-006,-0.875667
-9.871099e-006,-0.875667
-9.870849e-006,-0.874
-9.870599e-006,-0.874
-9.870349e-006,-0.875667
-9.870099e-006,-0.875667
-9.869849e-006,-0.874
-9.869599e-006,-0.874
-9.869349e-006,-0.874
-9.869099e-006,-0.875667
-9.868849e-006,-0.874
-9.868599e-006,-0.874
-9.868349e-006,-0.874
-9.868099e-006,-0.875667
-9.867849e-006,-0.874
-9.867599e-006,-0.874
-9.867349e-006,-0.875667
-9.867099e-006,-0.875667
-9.866849e-006,-0.875667
-9.866599e-006,-0.874
-9.866349e-006,-0.875667
-9.866099e-006,-0.875667
-9.865849e-006,-0.874
-9.865599e-006,-0.874
-9.865349e-006,-0.875667
-9.865099e-006,-0.875667
-9.864849e-006,-0.874
-9.864599e-006,-0.874
-9.864349e-006,-0.875667
-9.864099e-006,-0.875667
-9.863849e-006,-0.874
-9.863599e-006,-0.874
-9.863349e-006,-0.875667
-9.863099e-006,-0.875667
-9.862849e-006,-0.874
-9.862599e-006,-0.874
-9.862349e-006,-0.875667
-9.862099e-006,-0.875667
-9.861849e-006,-0.874
-9.861599e-006,-0.874
-9.861349e-006,-0.875667
-9.861099e-006,-0.875667
-9.860849e-006,-0.874
-9.860599e-006,-0.874
-9.860349e-006,-0.875667
-9.860099e-006,-0.875667
-9.859849e-006,-0.874
-9.859599e-006,-0.874
-9.859349e-006,-0.875667
-9.859099e-006,-0.875667
-9.858849e-006,-0.874
-9.858599e-006,-0.874
-9.858349e-006,-0.875667
-9.858099e-006,-0.875667
-9.857849e-006,-0.874
-9.857599e-006,-0.874
-9.857349e-006,-0.875667
-9.857099e-006,-0.875667
-9.856849e-006,-0.874
-9.856599e-006,-0.874
-9.856349e-006,-0.875667
-9.856099e-006,-0.875667
-9.855849e-006,-0.874
-9.855599e-006,-0.874
-9.855349e-006,-0.875667
-9.855099e-006,-0.875667
-9.854849e-006,-0.874
-9.854599e-006,-0.874
-9.854349e-006,-0.875667
-9.854099e-006,-0.875667
-9.853849e-006,-0.874
-9.853599e-006,-0.874
-9.853349e-006,-0.875667
-9.853099e-006,-0.875667
-9.852849e-006,-0.874
-9.852599e-006,-0.874
-9.852349e-006,-0.875667
-9.852099e-006,-0.875667
-9.851849e-006,-0.874
-9.851599e-006,-0.874
-9.851349e-006,-0.875667
-9.851099e-006,-0.875667
-9.850849e-006,-0.874
-9.850599e-006,-0.874
-9.850349e-006,-0.875667
-9.850099e-006,-0.875667
-9.849849e-006,-0.874
-9.849599e-006,-0.874
-9.849349e-006,-0.875667
-9.849099e-006,-0.875667
-9.848849e-006,-0.874
-9.848599e-006,-0.874
-9.848349e-006,-0.875667
-9.848099e-006,-0.875667
-9.847849e-006,-0.874
-9.847599e-006,-0.874
-9.847349e-006,-0.875667
-9.847099e-006,-0.875667
-9.846849e-006,-0.874
-9.846599e-006,-0.874
-9.846349e-006,-0.875667
-9.846099e-006,-0.875667
-9.845849e-006,-0.874
-9.845599e-006,-0.874
-9.845349e-006,-0.875667
-9.845099e-006,-0.875667
-9.844849e-006,-0.874
-9.844599e-006,-0.874
-9.844349e-006,-0.875667
-9.844099e-006,-0.875667
-9.843849e-006,-0.874
-9.843599e-006,-0.874
-9.843349e-006,-0.875667
-9.843099e-006,-0.875667
-9.842849e-006,-0.874
-9.842599e-006,-0.874
-9.842349e-006,-0.875667
-9.842099e-006,-0.875667
-9.841849e-006,-0.874
-9.841599e-006,-0.874
-9.841349e-006,-0.875667
-9.841099e-006,-0.875667
-9.840849e-006,-0.874
-9.840599e-006,-0.874
-9.840349e-006,-0.875667
-9.840099e-006,-0.875667
-9.839849e-006,-0.874
-9.839599e-006,-0.874
-9.839349e-006,-0.875667
-9.839099e-006,-0.875667
-9.838849e-006,-0.874
-9.838599e-006,-0.874
-9.838349e-006,-0.875667
-9.838099e-006,-0.875667
-9.837849e-006,-0.874
-9.837599e-006,-0.874
-9.837349e-006,-0.875667
-9.837099e-006,-0.875667
-9.836849e-006,-0.874
-9.836599e-006,-0.874
-9.836349e-006,-0.875667
-9.836099e-006,-0.875667
-9.835849e-006,-0.874
-9.835599e-006,-0.874
-9.835349e-006,-0.875667
-9.835099e-006,-0.875667
-9.834849e-006,-0.874
-9.834599e-006,-0.874
-9.834349e-006,-0.875667
-9.834099e-006,-0.875667
-9.833849e-006,-0.874
-9.833599e-006,-0.874
-9.833349e-006,-0.875667
-9.833099e-006,-0.875667
-9.832849e-006,-0.874
-9.832599e-006,-0.874
-9.832349e-006,-0.875667
-9.832099e-006,-0.875667
-9.831849e-006,-0.874
-9.831599e-006,-0.874
-9.831349e-006,-0.875667
-9.831099e-006,-0.875667
-9.830849e-006,-0.874
-9.830599e-006,-0.874
-9.830349e-006,-0.875667
-9.830099e-006,-0.875667
-9.829849e-006,-0.874
-9.829599e-006,-0.874
-9.829349e-006,-0.875667
-9.829099e-006,-0.875667
-9.828849e-006,-0.874
-9.828599e-006,-0.874
-9.828349e-006,-0.875667
-9.828099e-006,-0.875667
-9.827849e-006,-0.874
-9.827599e-006,-0.874
-9.827349e-006,-0.875667
-9.827099e-006,-0.874
-9.826849e-006,-0.874
-9.826599e-006,-0.874
-9.826349e-006,-0.875667
-9.826099e-006,-0.875667
-9.825849e-006,-0.874
-9.825599e-006,-0.874
-9.825349e-006,-0.875667
-9.825099e-006,-0.875667
-9.824849e-006,-0.874
-9.824599e-006,-0.874
-9.824349e-006,-0.874
-9.824099e-006,-0.875667
-9.823849e-006,-0.874
-9.823599e-006,-0.874
-9.823349e-006,-0.874
-9.823099e-006,-0.875667
-9.822849e-006,-0.874
-9.822599e-006,-0.874
-9.822349e-006,-0.875667
-9.822099e-006,-0.875667
-9.821849e-006,-0.874
-9.821599e-006,-0.874
-9.821349e-006,-0.875667
-9.821099e-006,-0.875667
-9.820849e-006,-0.874
-9.820599e-006,-0.874
-9.820349e-006,-0.875667
-9.820099e-006,-0.875667
-9.819849e-006,-0.874
-9.819599e-006,-0.874
-9.819349e-006,-0.875667
-9.819099e-006,-0.875667
-9.818849e-006,-0.874
-9.818599e-006,-0.874
-9.818349e-006,-0.875667
-9.818099e-006,-0.875667
-9.817849e-006,-0.874
-9.817599e-006,-0.874
-9.817349e-006,-0.875667
-9.817099e-006,-0.874
-9.816849e-006,-0.874
-9.816599e-006,-0.874
-9.816349e-006,-0.875667
-9.816099e-006,-0.875667
-9.815849e-006,-0.874
-9.815599e-006,-0.874
-9.815349e-006,-0.875667
-9.815099e-006,-0.875667
-9.814849e-006,-0.874
-9.814599e-006,-0.874
-9.814349e-006,-0.874
-9.814099e-006,-0.875667
-9.813849e-006,-0.874
-9.813599e-006,-0.874
-9.813349e-006,-0.875667
-9.813099e-006,-0.875667
-9.812849e-006,-0.874
-9.812599e-006,-0.874
-9.812349e-006,-0.875667
-9.812099e-006,-0.875667
-9.811849e-006,-0.874
-9.811599e-006,-0.874
-9.811349e-006,-0.875667
-9.811099e-006,-0.875667
-9.810849e-006,-0.874
-9.810599e-006,-0.874
-9.810349e-006,-0.875667
-9.810099e-006,-0.875667
-9.809849e-006,-0.874
-9.809599e-006,-0.874
-9.809349e-006,-0.875667
-9.809099e-006,-0.875667
-9.808849e-006,-0.874
-9.808599e-006,-0.874
-9.808349e-006,-0.875667
-9.808099e-006,-0.875667
-9.807849e-006,-0.874
-9.807599e-006,-0.874
-9.807349e-006,-0.875667
-9.807099e-006,-0.875667
-9.806849e-006,-0.874
-9.806599e-006,-0.874
-9.806349e-006,-0.875667
-9.806099e-006,-0.875667
-9.805849e-006,-0.874
-9.805599e-006,-0.874
-9.805349e-006,-0.875667
-9.805099e-006,-0.875667
-9.804849e-006,-0.874
-9.804599e-006,-0.874
-9.804349e-006,-0.875667
-9.804099e-006,-0.875667
-9.803849e-006,-0.874
-9.803599e-006,-0.874
-9.803349e-006,-0.875667
-9.803099e-006,-0.875667
-9.802849e-006,-0.874
-9.802599e-006,-0.874
-9.802349e-006,-0.875667
-9.802099e-006,-0.875667
-9.801849e-006,-0.874
-9.801599e-006,-0.874
-9.801349e-006,-0.875667
-9.801099e-006,-0.875667
-9.800849e-006,-0.874
-9.800599e-006,-0.874
-9.800349e-006,-0.875667
-9.800099e-006,-0.875667
-9.799849e-006,-0.874
-9.799599e-006,-0.874
-9.799349e-006,-0.875667
-9.799099e-006,-0.875667
-9.798849e-006,-0.874
-9.798599e-006,-0.874
-9.798349e-006,-0.875667
-9.798099e-006,-0.875667
-9.797849e-006,-0.874
-9.797599e-006,-0.874
-9.797349e-006,-0.875667
-9.797099e-006,-0.875667
-9.796849e-006,-0.874
-9.796599e-006,-0.874
-9.796349e-006,-0.875667
-9.796099e-006,-0.875667
-9.795849e-006,-0.874
-9.795599e-006,-0.874
-9.795349e-006,-0.875667
-9.795099e-006,-0.875667
-9.794849e-006,-0.874
-9.794599e-006,-0.874
-9.794349e-006,-0.875667
-9.794099e-006,-0.875667
-9.793849e-006,-0.874
-9.793599e-006,-0.874
-9.793349e-006,-0.875667
-9.793099e-006,-0.875667
-9.792849e-006,-0.874
-9.792599e-006,-0.874
-9.792349e-006,-0.875667
-9.792099e-006,-0.875667
-9.791849e-006,-0.874
-9.791599e-006,-0.874
-9.791349e-006,-0.875667
-9.791099e-006,-0.875667
-9.790849e-006,-0.874
-9.790599e-006,-0.874
-9.790349e-006,-0.874
-9.790099e-006,-0.875667
-9.789849e-006,-0.874
-9.789599e-006,-0.874
-9.789349e-006,-0.874
-9.789099e-006,-0.875667
-9.788849e-006,-0.874
-9.788599e-006,-0.874
-9.788349e-006,-0.875667
-9.788099e-006,-0.875667
-9.787849e-006,-0.874
-9.787599e-006,-0.874
-9.787349e-006,-0.875667
-9.787099e-006,-0.875667
-9.786849e-006,-0.874
-9.786599e-006,-0.874
-9.786349e-006,-0.875667
-9.786099e-006,-0.875667
-9.785849e-006,-0.874
-9.785599e-006,-0.874
-9.785349e-006,-0.875667
-9.785099e-006,-0.875667
-9.784849e-006,-0.874
-9.784599e-006,-0.874
-9.784349e-006,-0.875667
-9.784099e-006,-0.875667
-9.783849e-006,-0.874
-9.783599e-006,-0.874
-9.783349e-006,-0.874
-9.783099e-006,-0.875667
-9.782849e-006,-0.874
-9.782599e-006,-0.874
-9.782349e-006,-0.874
-9.782099e-006,-0.875667
-9.781849e-006,-0.874
-9.781599e-006,-0.874
-9.781349e-006,-0.874
-9.781099e-006,-0.875667
-9.780849e-006,-0.874
-9.780599e-006,-0.874
-9.780349e-006,-0.874
-9.780099e-006,-0.875667
-9.779849e-006,-0.874
-9.779599e-006,-0.874
-9.779349e-006,-0.875667
-9.779099e-006,-0.875667
-9.778849e-006,-0.874
-9.778599e-006,-0.874
-9.778349e-006,-0.875667
-9.778099e-006,-0.875667
-9.777849e-006,-0.874
-9.777599e-006,-0.874
-9.777349e-006,-0.875667
-9.777099e-006,-0.875667
-9.776849e-006,-0.874
-9.776599e-006,-0.874
-9.776349e-006,-0.875667
-9.776099e-006,-0.875667
-9.775849e-006,-0.874
-9.775599e-006,-0.874
-9.775349e-006,-0.875667
-9.775099e-006,-0.875667
-9.774849e-006,-0.874
-9.774599e-006,-0.874
-9.774349e-006,-0.874
-9.774099e-006,-0.875667
-9.773849e-006,-0.874
-9.773599e-006,-0.874
-9.773349e-006,-0.874
-9.773099e-006,-0.875667
-9.772849e-006,-0.874
-9.772599e-006,-0.874
-9.772349e-006,-0.875667
-9.772099e-006,-0.875667
-9.771849e-006,-0.874
-9.771599e-006,-0.874
-9.771349e-006,-0.875667
-9.771099e-006,-0.875667
-9.770849e-006,-0.874
-9.770599e-006,-0.874
-9.770349e-006,-0.875667
-9.770099e-006,-0.875667
-9.769849e-006,-0.874
-9.769599e-006,-0.874
-9.769349e-006,-0.875667
-9.769099e-006,-0.875667
-9.768849e-006,-0.874
-9.768599e-006,-0.874
-9.768349e-006,-0.874
-9.768099e-006,-0.875667
-9.767849e-006,-0.874
-9.767599e-006,-0.874
-9.767349e-006,-0.874
-9.767099e-006,-0.875667
-9.766849e-006,-0.874
-9.766599e-006,-0.874
-9.766349e-006,-0.875667
-9.766099e-006,-0.875667
-9.765849e-006,-0.874
-9.765599e-006,-0.874
-9.765349e-006,-0.875667
-9.765099e-006,-0.875667
-9.764849e-006,-0.874
-9.764599e-006,-0.874
-9.764349e-006,-0.875667
-9.764099e-006,-0.875667
-9.763849e-006,-0.874
-9.763599e-006,-0.874
-9.763349e-006,-0.875667
-9.763099e-006,-0.875667
-9.762849e-006,-0.874
-9.762599e-006,-0.874
-9.762349e-006,-0.875667
-9.762099e-006,-0.875667
-9.761849e-006,-0.874
-9.761599e-006,-0.874
-9.761349e-006,-0.875667
-9.761099e-006,-0.875667
-9.760849e-006,-0.874
-9.760599e-006,-0.874
-9.760349e-006,-0.875667
-9.760099e-006,-0.875667
-9.759849e-006,-0.874
-9.759599e-006,-0.874
-9.759349e-006,-0.875667
-9.759099e-006,-0.875667
-9.758849e-006,-0.874
-9.758599e-006,-0.874
-9.758349e-006,-0.875667
-9.758099e-006,-0.875667
-9.757849e-006,-0.874
-9.757599e-006,-0.874
-9.757349e-006,-0.875667
-9.757099e-006,-0.875667
-9.756849e-006,-0.874
-9.756599e-006,-0.874
-9.756349e-006,-0.875667
-9.756099e-006,-0.875667
-9.755849e-006,-0.874
-9.755599e-006,-0.874
-9.755349e-006,-0.875667
-9.755099e-006,-0.875667
-9.754849e-006,-0.874
-9.754599e-006,-0.874
-9.754349e-006,-0.875667
-9.754099e-006,-0.875667
-9.753849e-006,-0.874
-9.753599e-006,-0.874
-9.753349e-006,-0.875667
-9.753099e-006,-0.875667
-9.752849e-006,-0.874
-9.752599e-006,-0.874
-9.752349e-006,-0.875667
-9.752099e-006,-0.875667
-9.751849e-006,-0.874
-9.751599e-006,-0.874
-9.751349e-006,-0.875667
-9.751099e-006,-0.875667
-9.750849e-006,-0.874
-9.750599e-006,-0.874
-9.750349e-006,-0.875667
-9.750099e-006,-0.875667
-9.749849e-006,-0.874
-9.749599e-006,-0.874
-9.749349e-006,-0.875667
-9.749099e-006,-0.875667
-9.748849e-006,-0.874
-9.748599e-006,-0.874
-9.748349e-006,-0.875667
-9.748099e-006,-0.875667
-9.747849e-006,-0.874
-9.747599e-006,-0.874
-9.747349e-006,-0.875667
-9.747099e-006,-0.875667
-9.746849e-006,-0.874
-9.746599e-006,-0.874
-9.746349e-006,-0.874
-9.746099e-006,-0.874
-9.745849e-006,-0.874
-9.745599e-006,-0.874
-9.745349e-006,-0.874
-9.745099e-006,-0.874
-9.744849e-006,-0.874
-9.744599e-006,-0.874
-9.744349e-006,-0.874
-9.744099e-006,-0.874
-9.743849e-006,-0.874
-9.743599e-006,-0.874
-9.743349e-006,-0.874
-9.743099e-006,-0.875667
-9.742849e-006,-0.874
-9.742599e-006,-0.874
-9.742349e-006,-0.874
-9.742099e-006,-0.875667
-9.741849e-006,-0.874
-9.741599e-006,-0.874
-9.741349e-006,-0.874
-9.741099e-006,-0.875667
-9.740849e-006,-0.874
-9.740599e-006,-0.874
-9.740349e-006,-0.874
-9.740099e-006,-0.875667
-9.739849e-006,-0.874
-9.739599e-006,-0.874
-9.739349e-006,-0.875667
-9.739099e-006,-0.875667
-9.738849e-006,-0.874
-9.738599e-006,-0.874
-9.738349e-006,-0.875667
-9.738099e-006,-0.874
-9.737849e-006,-0.874
-9.737599e-006,-0.874
-9.737349e-006,-0.875667
-9.737099e-006,-0.874
-9.736849e-006,-0.874
-9.736599e-006,-0.874
-9.736349e-006,-0.875667
-9.736099e-006,-0.875667
-9.735849e-006,-0.874
-9.735599e-006,-0.874
-9.735349e-006,-0.875667
-9.735099e-006,-0.874
-9.734849e-006,-0.874
-9.734599e-006,-0.874
-9.734349e-006,-0.875667
-9.734099e-006,-0.874
-9.733849e-006,-0.874
-9.733599e-006,-0.874
-9.733349e-006,-0.875667
-9.733099e-006,-0.875667
-9.732849e-006,-0.874
-9.732599e-006,-0.874
-9.732349e-006,-0.875667
-9.732099e-006,-0.875667
-9.731849e-006,-0.874
-9.731599e-006,-0.874
-9.731349e-006,-0.875667
-9.731099e-006,-0.875667
-9.730849e-006,-0.874
-9.730599e-006,-0.874
-9.730349e-006,-0.875667
-9.730099e-006,-0.875667
-9.729849e-006,-0.874
-9.729599e-006,-0.874
-9.729349e-006,-0.875667
-9.729099e-006,-0.874
-9.728849e-006,-0.874
-9.728599e-006,-0.874
-9.728349e-006,-0.875667
-9.728099e-006,-0.875667
-9.727849e-006,-0.874
-9.727599e-006,-0.874
-9.727349e-006,-0.875667
-9.727099e-006,-0.875667
-9.726849e-006,-0.874
-9.726599e-006,-0.874
-9.726349e-006,-0.875667
-9.726099e-006,-0.875667
-9.725849e-006,-0.874
-9.725599e-006,-0.874
-9.725349e-006,-0.875667
-9.725099e-006,-0.875667
-9.724849e-006,-0.874
-9.724599e-006,-0.874
-9.724349e-006,-0.875667
-9.724099e-006,-0.875667
-9.723849e-006,-0.874
-9.723599e-006,-0.874
-9.723349e-006,-0.875667
-9.723099e-006,-0.875667
-9.722849e-006,-0.874
-9.722599e-006,-0.874
-9.722349e-006,-0.875667
-9.722099e-006,-0.875667
-9.721849e-006,-0.874
-9.721599e-006,-0.874
-9.721349e-006,-0.875667
-9.721099e-006,-0.875667
-9.720849e-006,-0.874
-9.720599e-006,-0.874
-9.720349e-006,-0.875667
-9.720099e-006,-0.875667
-9.719849e-006,-0.874
-9.719599e-006,-0.874
-9.719349e-006,-0.875667
-9.719099e-006,-0.875667
-9.718849e-006,-0.874
-9.718599e-006,-0.874
-9.718349e-006,-0.875667
-9.718099e-006,-0.875667
-9.717849e-006,-0.874
-9.717599e-006,-0.874
-9.717349e-006,-0.875667
-9.717099e-006,-0.875667
-9.716849e-006,-0.874
-9.716599e-006,-0.874
-9.716349e-006,-0.875667
-9.716099e-006,-0.874
-9.715849e-006,-0.874
-9.715599e-006,-0.874
-9.715349e-006,-0.874
-9.715099e-006,-0.874
-9.714849e-006,-0.874
-9.714599e-006,-0.874
-9.714349e-006,-0.875667
-9.714099e-006,-0.874
-9.713849e-006,-0.874
-9.713599e-006,-0.874
-9.713349e-006,-0.875667
-9.713099e-006,-0.874
-9.712849e-006,-0.874
-9.712599e-006,-0.874
-9.712349e-006,-0.875667
-9.712099e-006,-0.874
-9.711849e-006,-0.874
-9.711599e-006,-0.874
-9.711349e-006,-0.875667
-9.711099e-006,-0.875667
-9.710849e-006,-0.874
-9.710599e-006,-0.874
-9.710349e-006,-0.875667
-9.710099e-006,-0.875667
-9.709849e-006,-0.874
-9.709599e-006,-0.874
-9.709349e-006,-0.874
-9.709099e-006,-0.875667
-9.708849e-006,-0.874
-9.708599e-006,-0.874
-9.708349e-006,-0.874
-9.708099e-006,-0.875667
-9.707849e-006,-0.874
-9.707599e-006,-0.874
-9.707349e-006,-0.874
-9.707099e-006,-0.874
-9.706849e-006,-0.874
-9.706599e-006,-0.874
-9.706349e-006,-0.874
-9.706099e-006,-0.874
-9.705849e-006,-0.874
-9.705599e-006,-0.874
-9.705349e-006,-0.874
-9.705099e-006,-0.874
-9.704849e-006,-0.874
-9.704599e-006,-0.874
-9.704349e-006,-0.874
-9.704099e-006,-0.874
-9.703849e-006,-0.874
-9.703599e-006,-0.874
-9.703349e-006,-0.874
-9.703099e-006,-0.874
-9.702849e-006,-0.874
-9.702599e-006,-0.874
-9.702349e-006,-0.874
-9.702099e-006,-0.875667
-9.701849e-006,-0.874
-9.701599e-006,-0.874
-9.701349e-006,-0.874
-9.701099e-006,-0.875667
-9.700849e-006,-0.874
-9.700599e-006,-0.874
-9.700349e-006,-0.874
-9.700099e-006,-0.875667
-9.699849e-006,-0.874
-9.699599e-006,-0.874
-9.699349e-006,-0.874
-9.699099e-006,-0.875667
-9.698849e-006,-0.874
-9.698599e-006,-0.874
-9.698349e-006,-0.874
-9.698099e-006,-0.875667
-9.697849e-006,-0.874
-9.697599e-006,-0.874
-9.697349e-006,-0.874
-9.697099e-006,-0.875667
-9.696849e-006,-0.874
-9.696599e-006,-0.874
-9.696349e-006,-0.874
-9.696099e-006,-0.875667
-9.695849e-006,-0.874
-9.695599e-006,-0.874
-9.695349e-006,-0.874
-9.695099e-006,-0.875667
-9.694849e-006,-0.874
-9.694599e-006,-0.874
-9.694349e-006,-0.874
-9.694099e-006,-0.874
-9.693849e-006,-0.874
-9.693599e-006,-0.874
-9.693349e-006,-0.875667
-9.693099e-006,-0.875667
-9.692849e-006,-0.874
-9.692599e-006,-0.874
-9.692349e-006,-0.875667
-9.692099e-006,-0.875667
-9.691849e-006,-0.874
-9.691599e-006,-0.874
-9.691349e-006,-0.874
-9.691099e-006,-0.875667
-9.690849e-006,-0.874
-9.690599e-006,-0.874
-9.690349e-006,-0.874
-9.690099e-006,-0.874
-9.689849e-006,-0.874
-9.689599e-006,-0.874
-9.689349e-006,-0.874
-9.689099e-006,-0.874
-9.688849e-006,-0.874
-9.688599e-006,-0.874
-9.688349e-006,-0.874
-9.688099e-006,-0.874
-9.687849e-006,-0.874
-9.687599e-006,-0.874
-9.687349e-006,-0.874
-9.687099e-006,-0.874
-9.686849e-006,-0.874
-9.686599e-006,-0.874
-9.686349e-006,-0.874
-9.686099e-006,-0.874
-9.685849e-006,-0.874
-9.685599e-006,-0.874
-9.685349e-006,-0.874
-9.685099e-006,-0.874
-9.684849e-006,-0.874
-9.684599e-006,-0.874
-9.684349e-006,-0.874
-9.684099e-006,-0.874
-9.683849e-006,-0.874
-9.683599e-006,-0.874
-9.683349e-006,-0.874
-9.683099e-006,-0.874
-9.682849e-006,-0.874
-9.682599e-006,-0.874
-9.682349e-006,-0.874
-9.682099e-006,-0.875667
-9.681849e-006,-0.874
-9.681599e-006,-0.874
-9.681349e-006,-0.874
-9.681099e-006,-0.875667
-9.680849e-006,-0.874
-9.680599e-006,-0.874
-9.680349e-006,-0.874
-9.680099e-006,-0.875667
-9.679849e-006,-0.874
-9.679599e-006,-0.874
-9.679349e-006,-0.874
-9.679099e-006,-0.874
-9.678849e-006,-0.874
-9.678599e-006,-0.874
-9.678349e-006,-0.874
-9.678099e-006,-0.874
-9.677849e-006,-0.874
-9.677599e-006,-0.874
-9.677349e-006,-0.874
-9.677099e-006,-0.875667
-9.676849e-006,-0.874
-9.676599e-006,-0.874
-9.676349e-006,-0.874
-9.676099e-006,-0.875667
-9.675849e-006,-0.874
-9.675599e-006,-0.874
-9.675349e-006,-0.874
-9.675099e-006,-0.875667
-9.674849e-006,-0.874
-9.674599e-006,-0.874
-9.674349e-006,-0.874
-9.674099e-006,-0.875667
-9.673849e-006,-0.874
-9.673599e-006,-0.874
-9.673349e-006,-0.874
-9.673099e-006,-0.875667
-9.672849e-006,-0.874
-9.672599e-006,-0.874
-9.672349e-006,-0.874
-9.672099e-006,-0.875667
-9.671849e-006,-0.874
-9.671599e-006,-0.874
-9.671349e-006,-0.874
-9.671099e-006,-0.875667
-9.670849e-006,-0.874
-9.670599e-006,-0.874
-9.670349e-006,-0.874
-9.670099e-006,-0.875667
-9.669849e-006,-0.874
-9.669599e-006,-0.874
-9.669349e-006,-0.874
-9.669099e-006,-0.875667
-9.668849e-006,-0.874
-9.668599e-006,-0.874
-9.668349e-006,-0.874
-9.668099e-006,-0.875667
-9.667849e-006,-0.874
-9.667599e-006,-0.874
-9.667349e-006,-0.874
-9.667099e-006,-0.875667
-9.666849e-006,-0.874
-9.666599e-006,-0.874
-9.666349e-006,-0.874
-9.666099e-006,-0.875667
-9.665849e-006,-0.874
-9.665599e-006,-0.874
-9.665349e-006,-0.874
-9.665099e-006,-0.875667
-9.664849e-006,-0.874
-9.664599e-006,-0.874
-9.664349e-006,-0.874
-9.664099e-006,-0.875667
-9.663849e-006,-0.874
-9.663599e-006,-0.874
-9.663349e-006,-0.874
-9.663099e-006,-0.875667
-9.662849e-006,-0.874
-9.662599e-006,-0.874
-9.662349e-006,-0.875667
-9.662099e-006,-0.875667
-9.661849e-006,-0.874
-9.661599e-006,-0.874
-9.661349e-006,-0.874
-9.661099e-006,-0.875667
-9.660849e-006,-0.874
-9.660599e-006,-0.874
-9.660349e-006,-0.874
-9.660099e-006,-0.875667
-9.659849e-006,-0.874
-9.659599e-006,-0.874
-9.659349e-006,-0.874
-9.659099e-006,-0.875667
-9.658849e-006,-0.874
-9.658599e-006,-0.874
-9.658349e-006,-0.874
-9.658099e-006,-0.875667
-9.657849e-006,-0.874
-9.657599e-006,-0.874
-9.657349e-006,-0.875667
-9.657099e-006,-0.875667
-9.656849e-006,-0.874
-9.656599e-006,-0.874
-9.656349e-006,-0.875667
-9.656099e-006,-0.875667
-9.655849e-006,-0.874
-9.655599e-006,-0.874
-9.655349e-006,-0.875667
-9.655099e-006,-0.875667
-9.654849e-006,-0.874
-9.654599e-006,-0.874
-9.654349e-006,-0.875667
-9.654099e-006,-0.875667
-9.653849e-006,-0.874
-9.653599e-006,-0.874
-9.653349e-006,-0.875667
-9.653099e-006,-0.875667
-9.652849e-006,-0.874
-9.652599e-006,-0.874
-9.652349e-006,-0.875667
-9.652099e-006,-0.875667
-9.651849e-006,-0.874
-9.651599e-006,-0.874
-9.651349e-006,-0.875667
-9.651099e-006,-0.875667
-9.650849e-006,-0.874
-9.650599e-006,-0.874
-9.650349e-006,-0.875667
-9.650099e-006,-0.875667
-9.649849e-006,-0.874
-9.649599e-006,-0.874
-9.649349e-006,-0.875667
-9.649099e-006,-0.875667
-9.648849e-006,-0.874
-9.648599e-006,-0.874
-9.648349e-006,-0.875667
-9.648099e-006,-0.875667
-9.647849e-006,-0.874
-9.647599e-006,-0.874
-9.647349e-006,-0.875667
-9.647099e-006,-0.875667
-9.646849e-006,-0.874
-9.646599e-006,-0.874
-9.646349e-006,-0.875667
-9.646099e-006,-0.875667
-9.645849e-006,-0.874
-9.645599e-006,-0.874
-9.645349e-006,-0.875667
-9.645099e-006,-0.875667
-9.644849e-006,-0.874
-9.644599e-006,-0.874
-9.644349e-006,-0.875667
-9.644099e-006,-0.875667
-9.643849e-006,-0.874
-9.643599e-006,-0.874
-9.643349e-006,-0.875667
-9.643099e-006,-0.875667
-9.642849e-006,-0.874
-9.642599e-006,-0.874
-9.642349e-006,-0.875667
-9.642099e-006,-0.875667
-9.641849e-006,-0.874
-9.641599e-006,-0.874
-9.641349e-006,-0.874
-9.641099e-006,-0.875667
-9.640849e-006,-0.874
-9.640599e-006,-0.874
-9.640349e-006,-0.875667
-9.640099e-006,-0.875667
-9.639849e-006,-0.874
-9.639599e-006,-0.874
-9.639349e-006,-0.875667
-9.639099e-006,-0.875667
-9.638849e-006,-0.874
-9.638599e-006,-0.874
-9.638349e-006,-0.875667
-9.638099e-006,-0.875667
-9.637849e-006,-0.874
-9.637599e-006,-0.874
-9.637349e-006,-0.875667
-9.637099e-006,-0.875667
-9.636849e-006,-0.874
-9.636599e-006,-0.874
-9.636349e-006,-0.874
-9.636099e-006,-0.875667
-9.635849e-006,-0.874
-9.635599e-006,-0.874
-9.635349e-006,-0.874
-9.635099e-006,-0.875667
-9.634849e-006,-0.874
-9.634599e-006,-0.874
-9.634349e-006,-0.874
-9.634099e-006,-0.875667
-9.633849e-006,-0.874
-9.633599e-006,-0.874
-9.633349e-006,-0.874
-9.633099e-006,-0.875667
-9.632849e-006,-0.874
-9.632599e-006,-0.874
-9.632349e-006,-0.874
-9.632099e-006,-0.874
-9.631849e-006,-0.874
-9.631599e-006,-0.874
-9.631349e-006,-0.874
-9.631099e-006,-0.874
-9.630849e-006,-0.874
-9.630599e-006,-0.874
-9.630349e-006,-0.874
-9.630099e-006,-0.875667
-9.629849e-006,-0.874
-9.629599e-006,-0.874
-9.629349e-006,-0.874
-9.629099e-006,-0.875667
-9.628849e-006,-0.874
-9.628599e-006,-0.874
-9.628349e-006,-0.874
-9.628099e-006,-0.875667
-9.627849e-006,-0.874
-9.627599e-006,-0.874
-9.627349e-006,-0.874
-9.627099e-006,-0.875667
-9.626849e-006,-0.874
-9.626599e-006,-0.874
-9.626349e-006,-0.874
-9.626099e-006,-0.875667
-9.625849e-006,-0.874
-9.625599e-006,-0.874
-9.625349e-006,-0.875667
-9.625099e-006,-0.875667
-9.624849e-006,-0.874
-9.624599e-006,-0.874
-9.624349e-006,-0.874
-9.624099e-006,-0.875667
-9.623849e-006,-0.874
-9.623599e-006,-0.874
-9.623349e-006,-0.874
-9.623099e-006,-0.875667
-9.622849e-006,-0.874
-9.622599e-006,-0.874
-9.622349e-006,-0.875667
-9.622099e-006,-0.875667
-9.621849e-006,-0.874
-9.621599e-006,-0.874
-9.621349e-006,-0.875667
-9.621099e-006,-0.875667
-9.620849e-006,-0.874
-9.620599e-006,-0.874
-9.620349e-006,-0.875667
-9.620099e-006,-0.875667
-9.619849e-006,-0.874
-9.619599e-006,-0.874
-9.619349e-006,-0.875667
-9.619099e-006,-0.875667
-9.618849e-006,-0.874
-9.618599e-006,-0.874
-9.618349e-006,-0.875667
-9.618099e-006,-0.875667
-9.617849e-006,-0.874
-9.617599e-006,-0.874
-9.617349e-006,-0.875667
-9.617099e-006,-0.875667
-9.616849e-006,-0.874
-9.616599e-006,-0.874
-9.616349e-006,-0.875667
-9.616099e-006,-0.875667
-9.615849e-006,-0.874
-9.615599e-006,-0.874
-9.615349e-006,-0.875667
-9.615099e-006,-0.875667
-9.614849e-006,-0.874
-9.614599e-006,-0.874
-9.614349e-006,-0.875667
-9.614099e-006,-0.875667
-9.613849e-006,-0.874
-9.613599e-006,-0.874
-9.613349e-006,-0.874
-9.613099e-006,-0.875667
-9.612849e-006,-0.874
-9.612599e-006,-0.874
-9.612349e-006,-0.874
-9.612099e-006,-0.875667
-9.611849e-006,-0.874
-9.611599e-006,-0.874
-9.611349e-006,-0.874
-9.611099e-006,-0.875667
-9.610849e-006,-0.874
-9.610599e-006,-0.874
-9.610349e-006,-0.874
-9.610099e-006,-0.875667
-9.609849e-006,-0.874
-9.609599e-006,-0.874
-9.609349e-006,-0.874
-9.609099e-006,-0.875667
-9.608849e-006,-0.874
-9.608599e-006,-0.874
-9.608349e-006,-0.874
-9.608099e-006,-0.875667
-9.607849e-006,-0.874
-9.607599e-006,-0.874
-9.607349e-006,-0.874
-9.607099e-006,-0.875667
-9.606849e-006,-0.874
-9.606599e-006,-0.874
-9.606349e-006,-0.875667
-9.606099e-006,-0.875667
-9.605849e-006,-0.874
-9.605599e-006,-0.874
-9.605349e-006,-0.875667
-9.605099e-006,-0.875667
-9.604849e-006,-0.874
-9.604599e-006,-0.874
-9.604349e-006,-0.875667
-9.604099e-006,-0.875667
-9.603849e-006,-0.874
-9.603599e-006,-0.874
-9.603349e-006,-0.875667
-9.603099e-006,-0.875667
-9.602849e-006,-0.874
-9.602599e-006,-0.874
-9.602349e-006,-0.875667
-9.602099e-006,-0.875667
-9.601849e-006,-0.874
-9.601599e-006,-0.874
-9.601349e-006,-0.875667
-9.601099e-006,-0.875667
-9.600849e-006,-0.874
-9.600599e-006,-0.874
-9.600349e-006,-0.875667
-9.600099e-006,-0.875667
-9.599849e-006,-0.874
-9.599599e-006,-0.874
-9.599349e-006,-0.875667
-9.599099e-006,-0.875667
-9.598849e-006,-0.874
-9.598599e-006,-0.874
-9.598349e-006,-0.874
-9.598099e-006,-0.875667
-9.597849e-006,-0.874
-9.597599e-006,-0.874
-9.597349e-006,-0.875667
-9.597099e-006,-0.875667
-9.596849e-006,-0.874
-9.596599e-006,-0.874
-9.596349e-006,-0.875667
-9.596099e-006,-0.875667
-9.595849e-006,-0.874
-9.595599e-006,-0.874
-9.595349e-006,-0.875667
-9.595099e-006,-0.875667
-9.594849e-006,-0.874
-9.594599e-006,-0.874
-9.594349e-006,-0.875667
-9.594099e-006,-0.875667
-9.593849e-006,-0.874
-9.593599e-006,-0.874
-9.593349e-006,-0.875667
-9.593099e-006,-0.875667
-9.592849e-006,-0.874
-9.592599e-006,-0.874
-9.592349e-006,-0.874
-9.592099e-006,-0.875667
-9.591849e-006,-0.874
-9.591599e-006,-0.874
-9.591349e-006,-0.875667
-9.591099e-006,-0.875667
-9.590849e-006,-0.874
-9.590599e-006,-0.874
-9.590349e-006,-0.875667
-9.590099e-006,-0.875667
-9.589849e-006,-0.874
-9.589599e-006,-0.874
-9.589349e-006,-0.874
-9.589099e-006,-0.875667
-9.588849e-006,-0.874
-9.588599e-006,-0.874
-9.588349e-006,-0.874
-9.588099e-006,-0.875667
-9.587849e-006,-0.874
-9.587599e-006,-0.874
-9.587349e-006,-0.874
-9.587099e-006,-0.874
-9.586849e-006,-0.874
-9.586599e-006,-0.874
-9.586349e-006,-0.874
-9.586099e-006,-0.875667
-9.585849e-006,-0.874
-9.585599e-006,-0.874
-9.585349e-006,-0.875667
-9.585099e-006,-0.875667
-9.584849e-006,-0.874
-9.584599e-006,-0.874
-9.584349e-006,-0.875667
-9.584099e-006,-0.875667
-9.583849e-006,-0.874
-9.583599e-006,-0.874
-9.583349e-006,-0.875667
-9.583099e-006,-0.875667
-9.582849e-006,-0.874
-9.582599e-006,-0.874
-9.582349e-006,-0.875667
-9.582099e-006,-0.875667
-9.581849e-006,-0.874
-9.581599e-006,-0.874
-9.581349e-006,-0.875667
-9.581099e-006,-0.875667
-9.580849e-006,-0.874
-9.580599e-006,-0.874
-9.580349e-006,-0.875667
-9.580099e-006,-0.875667
-9.579849e-006,-0.874
-9.579599e-006,-0.874
-9.579349e-006,-0.875667
-9.579099e-006,-0.875667
-9.578849e-006,-0.874
-9.578599e-006,-0.874
-9.578349e-006,-0.875667
-9.578099e-006,-0.875667
-9.577849e-006,-0.874
-9.577599e-006,-0.874
-9.577349e-006,-0.875667
-9.577099e-006,-0.875667
-9.576849e-006,-0.874
-9.576599e-006,-0.874
-9.576349e-006,-0.875667
-9.576099e-006,-0.875667
-9.575849e-006,-0.874
-9.575599e-006,-0.874
-9.575349e-006,-0.874
-9.575099e-006,-0.875667
-9.574849e-006,-0.874
-9.574599e-006,-0.874
-9.574349e-006,-0.874
-9.574099e-006,-0.875667
-9.573849e-006,-0.874
-9.573599e-006,-0.874
-9.573349e-006,-0.874
-9.573099e-006,-0.875667
-9.572849e-006,-0.874
-9.572599e-006,-0.874
-9.572349e-006,-0.874
-9.572099e-006,-0.875667
-9.571849e-006,-0.874
-9.571599e-006,-0.874
-9.571349e-006,-0.874
-9.571099e-006,-0.875667
-9.570849e-006,-0.874
-9.570599e-006,-0.874
-9.570349e-006,-0.874
-9.570099e-006,-0.875667
-9.569849e-006,-0.874
-9.569599e-006,-0.874
-9.569349e-006,-0.874
-9.569099e-006,-0.875667
-9.568849e-006,-0.874
-9.568599e-006,-0.874
-9.568349e-006,-0.875667
-9.568099e-006,-0.875667
-9.567849e-006,-0.874
-9.567599e-006,-0.874
-9.567349e-006,-0.875667
-9.567099e-006,-0.875667
-9.566849e-006,-0.874
-9.566599e-006,-0.874
-9.566349e-006,-0.875667
-9.566099e-006,-0.875667
-9.565849e-006,-0.874
-9.565599e-006,-0.874
-9.565349e-006,-0.875667
-9.565099e-006,-0.875667
-9.564849e-006,-0.874
-9.564599e-006,-0.874
-9.564349e-006,-0.874
-9.564099e-006,-0.875667
-9.563849e-006,-0.874
-9.563599e-006,-0.874
-9.563349e-006,-0.874
-9.563099e-006,-0.874
-9.562849e-006,-0.874
-9.562599e-006,-0.874
-9.562349e-006,-0.874
-9.562099e-006,-0.874
-9.561849e-006,-0.874
-9.561599e-006,-0.874
-9.561349e-006,-0.875667
-9.561099e-006,-0.874
-9.560849e-006,-0.874
-9.560599e-006,-0.874
-9.560349e-006,-0.875667
-9.560099e-006,-0.875667
-9.559849e-006,-0.874
-9.559599e-006,-0.874
-9.559349e-006,-0.875667
-9.559099e-006,-0.875667
-9.558849e-006,-0.874
-9.558599e-006,-0.874
-9.558349e-006,-0.875667
-9.558099e-006,-0.875667
-9.557849e-006,-0.874
-9.557599e-006,-0.874
-9.557349e-006,-0.875667
-9.557099e-006,-0.875667
-9.556849e-006,-0.874
-9.556599e-006,-0.874
-9.556349e-006,-0.875667
-9.556099e-006,-0.875667
-9.555849e-006,-0.874
-9.555599e-006,-0.874
-9.555349e-006,-0.875667
-9.555099e-006,-0.875667
-9.554849e-006,-0.874
-9.554599e-006,-0.874
-9.554349e-006,-0.875667
-9.554099e-006,-0.875667
-9.553849e-006,-0.874
-9.553599e-006,-0.874
-9.553349e-006,-0.875667
-9.553099e-006,-0.875667
-9.552849e-006,-0.874
-9.552599e-006,-0.874
-9.552349e-006,-0.875667
-9.552099e-006,-0.875667
-9.551849e-006,-0.874
-9.551599e-006,-0.874
-9.551349e-006,-0.875667
-9.551099e-006,-0.875667
-9.550849e-006,-0.874
-9.550599e-006,-0.874
-9.550349e-006,-0.875667
-9.550099e-006,-0.875667
-9.549849e-006,-0.874
-9.549599e-006,-0.874
-9.549349e-006,-0.875667
-9.549099e-006,-0.875667
-9.548849e-006,-0.874
-9.548599e-006,-0.874
-9.548349e-006,-0.875667
-9.548099e-006,-0.875667
-9.547849e-006,-0.874
-9.547599e-006,-0.874
-9.547349e-006,-0.875667
-9.547099e-006,-0.875667
-9.546849e-006,-0.874
-9.546599e-006,-0.874
-9.546349e-006,-0.874
-9.546099e-006,-0.875667
-9.545849e-006,-0.874
-9.545599e-006,-0.874
-9.545349e-006,-0.874
-9.545099e-006,-0.875667
-9.544849e-006,-0.874
-9.544599e-006,-0.874
-9.544349e-006,-0.875667
-9.544099e-006,-0.875667
-9.543849e-006,-0.874
-9.543599e-006,-0.874
-9.543349e-006,-0.875667
-9.543099e-006,-0.875667
-9.542849e-006,-0.874
-9.542599e-006,-0.874
-9.542349e-006,-0.875667
-9.542099e-006,-0.875667
-9.541849e-006,-0.874
-9.541599e-006,-0.874
-9.541349e-006,-0.875667
-9.541099e-006,-0.875667
-9.540849e-006,-0.874
-9.540599e-006,-0.874
-9.540349e-006,-0.875667
-9.540099e-006,-0.875667
-9.539849e-006,-0.874
-9.539599e-006,-0.874
-9.539349e-006,-0.875667
-9.539099e-006,-0.875667
-9.538849e-006,-0.874
-9.538599e-006,-0.874
-9.538349e-006,-0.875667
-9.538099e-006,-0.875667
-9.537849e-006,-0.874
-9.537599e-006,-0.874
-9.537349e-006,-0.875667
-9.537099e-006,-0.875667
-9.536849e-006,-0.874
-9.536599e-006,-0.874
-9.536349e-006,-0.875667
-9.536099e-006,-0.875667
-9.535849e-006,-0.874
-9.535599e-006,-0.874
-9.535349e-006,-0.875667
-9.535099e-006,-0.875667
-9.534849e-006,-0.874
-9.534599e-006,-0.874
-9.534349e-006,-0.875667
-9.534099e-006,-0.875667
-9.533849e-006,-0.874
-9.533599e-006,-0.874
-9.533349e-006,-0.874
-9.533099e-006,-0.875667
-9.532849e-006,-0.874
-9.532599e-006,-0.874
-9.532349e-006,-0.874
-9.532099e-006,-0.875667
-9.531849e-006,-0.874
-9.531599e-006,-0.874
-9.531349e-006,-0.874
-9.531099e-006,-0.875667
-9.530849e-006,-0.874
-9.530599e-006,-0.874
-9.530349e-006,-0.875667
-9.530099e-006,-0.875667
-9.529849e-006,-0.874
-9.529599e-006,-0.874
-9.529349e-006,-0.875667
-9.529099e-006,-0.875667
-9.528849e-006,-0.874
-9.528599e-006,-0.874
-9.528349e-006,-0.875667
-9.528099e-006,-0.875667
-9.527849e-006,-0.874
-9.527599e-006,-0.874
-9.527349e-006,-0.875667
-9.527099e-006,-0.875667
-9.526849e-006,-0.874
-9.526599e-006,-0.874
-9.526349e-006,-0.875667
-9.526099e-006,-0.875667
-9.525849e-006,-0.874
-9.525599e-006,-0.874
-9.525349e-006,-0.875667
-9.525099e-006,-0.875667
-9.524849e-006,-0.874
-9.524599e-006,-0.874
-9.524349e-006,-0.875667
-9.524099e-006,-0.875667
-9.523849e-006,-0.874
-9.523599e-006,-0.874
-9.523349e-006,-0.875667
-9.523099e-006,-0.875667
-9.522849e-006,-0.874
-9.522599e-006,-0.874
-9.522349e-006,-0.875667
-9.522099e-006,-0.875667
-9.521849e-006,-0.874
-9.521599e-006,-0.874
-9.521349e-006,-0.875667
-9.521099e-006,-0.875667
-9.520849e-006,-0.874
-9.520599e-006,-0.874
-9.520349e-006,-0.874
-9.520099e-006,-0.875667
-9.519849e-006,-0.874
-9.519599e-006,-0.874
-9.519349e-006,-0.874
-9.519099e-006,-0.875667
-9.518849e-006,-0.874
-9.518599e-006,-0.874
-9.518349e-006,-0.874
-9.518099e-006,-0.875667
-9.517849e-006,-0.874
-9.517599e-006,-0.874
-9.517349e-006,-0.874
-9.517099e-006,-0.874
-9.516849e-006,-0.874
-9.516599e-006,-0.874
-9.516349e-006,-0.874
-9.516099e-006,-0.874
-9.515849e-006,-0.874
-9.515599e-006,-0.874
-9.515349e-006,-0.874
-9.515099e-006,-0.874
-9.514849e-006,-0.874
-9.514599e-006,-0.874
-9.514349e-006,-0.874
-9.514099e-006,-0.875667
-9.513849e-006,-0.874
-9.513599e-006,-0.874
-9.513349e-006,-0.874
-9.513099e-006,-0.875667
-9.512849e-006,-0.874
-9.512599e-006,-0.874
-9.512349e-006,-0.874
-9.512099e-006,-0.874
-9.511849e-006,-0.874
-9.511599e-006,-0.874
-9.511349e-006,-0.874
-9.511099e-006,-0.874
-9.510849e-006,-0.874
-9.510599e-006,-0.874
-9.510349e-006,-0.874
-9.510099e-006,-0.874
-9.509849e-006,-0.874
-9.509599e-006,-0.874
-9.509349e-006,-0.874
-9.509099e-006,-0.874
-9.508849e-006,-0.874
-9.508599e-006,-0.874
-9.508349e-006,-0.875667
-9.508099e-006,-0.875667
-9.507849e-006,-0.874
-9.507599e-006,-0.874
-9.507349e-006,-0.875667
-9.507099e-006,-0.875667
-9.506849e-006,-0.874
-9.506599e-006,-0.874
-9.506349e-006,-0.875667
-9.506099e-006,-0.875667
-9.505849e-006,-0.874
-9.505599e-006,-0.874
-9.505349e-006,-0.875667
-9.505099e-006,-0.874
-9.504849e-006,-0.874
-9.504599e-006,-0.874
-9.504349e-006,-0.875667
-9.504099e-006,-0.874
-9.503849e-006,-0.874
-9.503599e-006,-0.874
-9.503349e-006,-0.874
-9.503099e-006,-0.875667
-9.502849e-006,-0.874
-9.502599e-006,-0.874
-9.502349e-006,-0.874
-9.502099e-006,-0.875667
-9.501849e-006,-0.874
-9.501599e-006,-0.874
-9.501349e-006,-0.874
-9.501099e-006,-0.875667
-9.500849e-006,-0.874
-9.500599e-006,-0.874
-9.500349e-006,-0.875667
-9.500099e-006,-0.875667
-9.499849e-006,-0.874
-9.499599e-006,-0.874
-9.499349e-006,-0.875667
-9.499099e-006,-0.875667
-9.498849e-006,-0.874
-9.498599e-006,-0.874
-9.498349e-006,-0.875667
-9.498099e-006,-0.875667
-9.497849e-006,-0.874
-9.497599e-006,-0.874
-9.497349e-006,-0.875667
-9.497099e-006,-0.875667
-9.496849e-006,-0.874
-9.496599e-006,-0.874
-9.496349e-006,-0.875667
-9.496099e-006,-0.875667
-9.495849e-006,-0.874
-9.495599e-006,-0.874
-9.495349e-006,-0.875667
-9.495099e-006,-0.875667
-9.494849e-006,-0.874
-9.494599e-006,-0.874
-9.494349e-006,-0.875667
-9.494099e-006,-0.875667
-9.493849e-006,-0.874
-9.493599e-006,-0.874
-9.493349e-006,-0.875667
-9.493099e-006,-0.875667
-9.492849e-006,-0.874
-9.492599e-006,-0.874
-9.492349e-006,-0.875667
-9.492099e-006,-0.875667
-9.491849e-006,-0.874
-9.491599e-006,-0.874
-9.491349e-006,-0.875667
-9.491099e-006,-0.875667
-9.490849e-006,-0.874
-9.490599e-006,-0.874
-9.490349e-006,-0.875667
-9.490099e-006,-0.875667
-9.489849e-006,-0.874
-9.489599e-006,-0.874
-9.489349e-006,-0.875667
-9.489099e-006,-0.875667
-9.488849e-006,-0.874
-9.488599e-006,-0.874
-9.488349e-006,-0.875667
-9.488099e-006,-0.875667
-9.487849e-006,-0.874
-9.487599e-006,-0.874
-9.487349e-006,-0.875667
-9.487099e-006,-0.875667
-9.486849e-006,-0.874
-9.486599e-006,-0.874
-9.486349e-006,-0.875667
-9.486099e-006,-0.875667
-9.485849e-006,-0.874
-9.485599e-006,-0.874
-9.485349e-006,-0.874
-9.485099e-006,-0.875667
-9.484849e-006,-0.874
-9.484599e-006,-0.874
-9.484349e-006,-0.875667
-9.484099e-006,-0.875667
-9.483849e-006,-0.874
-9.483599e-006,-0.874
-9.483349e-006,-0.874
-9.483099e-006,-0.875667
-9.482849e-006,-0.874
-9.482599e-006,-0.874
-9.482349e-006,-0.874
-9.482099e-006,-0.875667
-9.481849e-006,-0.874
-9.481599e-006,-0.874
-9.481349e-006,-0.875667
-9.481099e-006,-0.875667
-9.480849e-006,-0.874
-9.480599e-006,-0.874
-9.480349e-006,-0.875667
-9.480099e-006,-0.875667
-9.479849e-006,-0.874
-9.479599e-006,-0.874
-9.479349e-006,-0.875667
-9.479099e-006,-0.875667
-9.478849e-006,-0.874
-9.478599e-006,-0.874
-9.478349e-006,-0.875667
-9.478099e-006,-0.875667
-9.477849e-006,-0.874
-9.477599e-006,-0.874
-9.477349e-006,-0.874
-9.477099e-006,-0.874
-9.476849e-006,-0.874
-9.476599e-006,-0.874
-9.476349e-006,-0.874
-9.476099e-006,-0.875667
-9.475849e-006,-0.874
-9.475599e-006,-0.874
-9.475349e-006,-0.875667
-9.475099e-006,-0.875667
-9.474849e-006,-0.874
-9.474599e-006,-0.874
-9.474349e-006,-0.875667
-9.474099e-006,-0.875667
-9.473849e-006,-0.874
-9.473599e-006,-0.874
-9.473349e-006,-0.875667
-9.473099e-006,-0.875667
-9.472849e-006,-0.874
-9.472599e-006,-0.874
-9.472349e-006,-0.875667
-9.472099e-006,-0.875667
-9.471849e-006,-0.874
-9.471599e-006,-0.874
-9.471349e-006,-0.874
-9.471099e-006,-0.875667
-9.470849e-006,-0.874
-9.470599e-006,-0.874
-9.470349e-006,-0.874
-9.470099e-006,-0.875667
-9.469849e-006,-0.874
-9.469599e-006,-0.874
-9.469349e-006,-0.874
-9.469099e-006,-0.875667
-9.468849e-006,-0.874
-9.468599e-006,-0.874
-9.468349e-006,-0.874
-9.468099e-006,-0.875667
-9.467849e-006,-0.874
-9.467599e-006,-0.874
-9.467349e-006,-0.874
-9.467099e-006,-0.875667
-9.466849e-006,-0.874
-9.466599e-006,-0.874
-9.466349e-006,-0.875667
-9.466099e-006,-0.875667
-9.465849e-006,-0.874
-9.465599e-006,-0.874
-9.465349e-006,-0.875667
-9.465099e-006,-0.875667
-9.464849e-006,-0.874
-9.464599e-006,-0.874
-9.464349e-006,-0.875667
-9.464099e-006,-0.875667
-9.463849e-006,-0.874
-9.463599e-006,-0.874
-9.463349e-006,-0.875667
-9.463099e-006,-0.875667
-9.462849e-006,-0.874
-9.462599e-006,-0.874
-9.462349e-006,-0.875667
-9.462099e-006,-0.875667
-9.461849e-006,-0.874
-9.461599e-006,-0.874
-9.461349e-006,-0.874
-9.461099e-006,-0.875667
-9.460849e-006,-0.874
-9.460599e-006,-0.874
-9.460349e-006,-0.874
-9.460099e-006,-0.875667
-9.459849e-006,-0.874
-9.459599e-006,-0.874
-9.459349e-006,-0.874
-9.459099e-006,-0.875667
-9.458849e-006,-0.874
-9.458599e-006,-0.874
-9.458349e-006,-0.874
-9.458099e-006,-0.875667
-9.457849e-006,-0.874
-9.457599e-006,-0.874
-9.457349e-006,-0.875667
-9.457099e-006,-0.875667
-9.456849e-006,-0.874
-9.456599e-006,-0.874
-9.456349e-006,-0.875667
-9.456099e-006,-0.875667
-9.455849e-006,-0.874
-9.455599e-006,-0.874
-9.455349e-006,-0.875667
-9.455099e-006,-0.875667
-9.454849e-006,-0.874
-9.454599e-006,-0.874
-9.454349e-006,-0.874
-9.454099e-006,-0.875667
-9.453849e-006,-0.874
-9.453599e-006,-0.874
-9.453349e-006,-0.874
-9.453099e-006,-0.875667
-9.452849e-006,-0.874
-9.452599e-006,-0.874
-9.452349e-006,-0.874
-9.452099e-006,-0.875667
-9.451849e-006,-0.874
-9.451599e-006,-0.874
-9.451349e-006,-0.874
-9.451099e-006,-0.875667
-9.450849e-006,-0.874
-9.450599e-006,-0.874
-9.450349e-006,-0.874
-9.450099e-006,-0.875667
-9.449849e-006,-0.874
-9.449599e-006,-0.874
-9.449349e-006,-0.874
-9.449099e-006,-0.875667
-9.448849e-006,-0.874
-9.448599e-006,-0.874
-9.448349e-006,-0.874
-9.448099e-006,-0.875667
-9.447849e-006,-0.874
-9.447599e-006,-0.874
-9.447349e-006,-0.874
-9.447099e-006,-0.875667
-9.446849e-006,-0.874
-9.446599e-006,-0.874
-9.446349e-006,-0.874
-9.446099e-006,-0.875667
-9.445849e-006,-0.874
-9.445599e-006,-0.874
-9.445349e-006,-0.875667
-9.445099e-006,-0.875667
-9.444849e-006,-0.874
-9.444599e-006,-0.874
-9.444349e-006,-0.875667
-9.444099e-006,-0.875667
-9.443849e-006,-0.874
-9.443599e-006,-0.874
-9.443349e-006,-0.875667
-9.443099e-006,-0.875667
-9.442849e-006,-0.874
-9.442599e-006,-0.874
-9.442349e-006,-0.875667
-9.442099e-006,-0.875667
-9.441849e-006,-0.874
-9.441599e-006,-0.874
-9.441349e-006,-0.875667
-9.441099e-006,-0.875667
-9.440849e-006,-0.874
-9.440599e-006,-0.874
-9.440349e-006,-0.875667
-9.440099e-006,-0.875667
-9.439849e-006,-0.874
-9.439599e-006,-0.874
-9.439349e-006,-0.874
-9.439099e-006,-0.875667
-9.438849e-006,-0.874
-9.438599e-006,-0.874
-9.438349e-006,-0.874
-9.438099e-006,-0.874
-9.437849e-006,-0.874
-9.437599e-006,-0.874
-9.437349e-006,-0.874
-9.437099e-006,-0.875667
-9.436849e-006,-0.874
-9.436599e-006,-0.874
-9.436349e-006,-0.874
-9.436099e-006,-0.875667
-9.435849e-006,-0.874
-9.435599e-006,-0.874
-9.435349e-006,-0.874
-9.435099e-006,-0.874
-9.434849e-006,-0.874
-9.434599e-006,-0.874
-9.434349e-006,-0.874
-9.434099e-006,-0.874
-9.433849e-006,-0.874
-9.433599e-006,-0.874
-9.433349e-006,-0.874
-9.433099e-006,-0.874
-9.432849e-006,-0.874
-9.432599e-006,-0.874
-9.432349e-006,-0.875667
-9.432099e-006,-0.874
-9.431849e-006,-0.874
-9.431599e-006,-0.874
-9.431349e-006,-0.875667
-9.431099e-006,-0.875667
-9.430849e-006,-0.874
-9.430599e-006,-0.874
-9.430349e-006,-0.875667
-9.430099e-006,-0.875667
-9.429849e-006,-0.874
-9.429599e-006,-0.874
-9.429349e-006,-0.875667
-9.429099e-006,-0.875667
-9.428849e-006,-0.874
-9.428599e-006,-0.874
-9.428349e-006,-0.875667
-9.428099e-006,-0.875667
-9.427849e-006,-0.874
-9.427599e-006,-0.874
-9.427349e-006,-0.875667
-9.427099e-006,-0.875667
-9.426849e-006,-0.874
-9.426599e-006,-0.874
-9.426349e-006,-0.874
-9.426099e-006,-0.874
-9.425849e-006,-0.874
-9.425599e-006,-0.874
-9.425349e-006,-0.874
-9.425099e-006,-0.874
-9.424849e-006,-0.874
-9.424599e-006,-0.874
-9.424349e-006,-0.874
-9.424099e-006,-0.874
-9.423849e-006,-0.874
-9.423599e-006,-0.874
-9.423349e-006,-0.874
-9.423099e-006,-0.874
-9.422849e-006,-0.874
-9.422599e-006,-0.874
-9.422349e-006,-0.874
-9.422099e-006,-0.875667
-9.421849e-006,-0.874
-9.421599e-006,-0.874
-9.421349e-006,-0.874
-9.421099e-006,-0.875667
-9.420849e-006,-0.874
-9.420599e-006,-0.874
-9.420349e-006,-0.874
-9.420099e-006,-0.875667
-9.419849e-006,-0.875667
-9.419599e-006,-0.874
-9.419349e-006,-0.874
-9.419099e-006,-0.875667
-9.418849e-006,-0.874
-9.418599e-006,-0.874
-9.418349e-006,-0.874
-9.418099e-006,-0.875667
-9.417849e-006,-0.874
-9.417599e-006,-0.874
-9.417349e-006,-0.874
-9.417099e-006,-0.875667
-9.416849e-006,-0.874
-9.416599e-006,-0.874
-9.416349e-006,-0.874
-9.416099e-006,-0.875667
-9.415849e-006,-0.874
-9.415599e-006,-0.874
-9.415349e-006,-0.874
-9.415099e-006,-0.875667
-9.414849e-006,-0.874
-9.414599e-006,-0.874
-9.414349e-006,-0.874
-9.414099e-006,-0.875667
-9.413849e-006,-0.874
-9.413599e-006,-0.874
-9.413349e-006,-0.874
-9.413099e-006,-0.875667
-9.412849e-006,-0.874
-9.412599e-006,-0.874
-9.412349e-006,-0.874
-9.412099e-006,-0.874
-9.411849e-006,-0.874
-9.411599e-006,-0.874
-9.411349e-006,-0.875667
-9.411099e-006,-0.875667
-9.410849e-006,-0.874
-9.410599e-006,-0.874
-9.410349e-006,-0.875667
-9.410099e-006,-0.875667
-9.409849e-006,-0.874
-9.409599e-006,-0.874
-9.409349e-006,-0.875667
-9.409099e-006,-0.875667
-9.408849e-006,-0.874
-9.408599e-006,-0.874
-9.408349e-006,-0.875667
-9.408099e-006,-0.875667
-9.407849e-006,-0.874
-9.407599e-006,-0.874
-9.407349e-006,-0.875667
-9.407099e-006,-0.875667
-9.406849e-006,-0.874
-9.406599e-006,-0.874
-9.406349e-006,-0.874
-9.406099e-006,-0.875667
-9.405849e-006,-0.874
-9.405599e-006,-0.874
-9.405349e-006,-0.874
-9.405099e-006,-0.875667
-9.404849e-006,-0.874
-9.404599e-006,-0.874
-9.404349e-006,-0.874
-9.404099e-006,-0.874
-9.403849e-006,-0.874
-9.403599e-006,-0.874
-9.403349e-006,-0.874
-9.403099e-006,-0.874
-9.402849e-006,-0.874
-9.402599e-006,-0.874
-9.402349e-006,-0.874
-9.402099e-006,-0.874
-9.401849e-006,-0.874
-9.401599e-006,-0.874
-9.401349e-006,-0.874
-9.401099e-006,-0.874
-9.400849e-006,-0.874
-9.400599e-006,-0.874
-9.400349e-006,-0.874
-9.400099e-006,-0.875667
-9.399849e-006,-0.874
-9.399599e-006,-0.874
-9.399349e-006,-0.874
-9.399099e-006,-0.875667
-9.398849e-006,-0.874
-9.398599e-006,-0.874
-9.398349e-006,-0.875667
-9.398099e-006,-0.875667
-9.397849e-006,-0.874
-9.397599e-006,-0.874
-9.397349e-006,-0.875667
-9.397099e-006,-0.875667
-9.396849e-006,-0.874
-9.396599e-006,-0.874
-9.396349e-006,-0.875667
-9.396099e-006,-0.875667
-9.395849e-006,-0.874
-9.395599e-006,-0.874
-9.395349e-006,-0.875667
-9.395099e-006,-0.875667
-9.394849e-006,-0.874
-9.394599e-006,-0.874
-9.394349e-006,-0.875667
-9.394099e-006,-0.875667
-9.393849e-006,-0.874
-9.393599e-006,-0.874
-9.393349e-006,-0.874
-9.393099e-006,-0.875667
-9.392849e-006,-0.874
-9.392599e-006,-0.874
-9.392349e-006,-0.874
-9.392099e-006,-0.875667
-9.391849e-006,-0.874
-9.391599e-006,-0.874
-9.391349e-006,-0.874
-9.391099e-006,-0.875667
-9.390849e-006,-0.874
-9.390599e-006,-0.874
-9.390349e-006,-0.874
-9.390099e-006,-0.874
-9.389849e-006,-0.874
-9.389599e-006,-0.874
-9.389349e-006,-0.874
-9.389099e-006,-0.875667
-9.388849e-006,-0.874
-9.388599e-006,-0.874
-9.388349e-006,-0.874
-9.388099e-006,-0.875667
-9.387849e-006,-0.874
-9.387599e-006,-0.874
-9.387349e-006,-0.874
-9.387099e-006,-0.875667
-9.386849e-006,-0.874
-9.386599e-006,-0.874
-9.386349e-006,-0.874
-9.386099e-006,-0.875667
-9.385849e-006,-0.874
-9.385599e-006,-0.874
-9.385349e-006,-0.875667
-9.385099e-006,-0.875667
-9.384849e-006,-0.874
-9.384599e-006,-0.874
-9.384349e-006,-0.875667
-9.384099e-006,-0.875667
-9.383849e-006,-0.874
-9.383599e-006,-0.874
-9.383349e-006,-0.875667
-9.383099e-006,-0.875667
-9.382849e-006,-0.874
-9.382599e-006,-0.874
-9.382349e-006,-0.874
-9.382099e-006,-0.875667
-9.381849e-006,-0.874
-9.381599e-006,-0.874
-9.381349e-006,-0.874
-9.381099e-006,-0.875667
-9.380849e-006,-0.874
-9.380599e-006,-0.874
-9.380349e-006,-0.874
-9.380099e-006,-0.875667
-9.379849e-006,-0.874
-9.379599e-006,-0.874
-9.379349e-006,-0.874
-9.379099e-006,-0.875667
-9.378849e-006,-0.874
-9.378599e-006,-0.874
-9.378349e-006,-0.874
-9.378099e-006,-0.875667
-9.377849e-006,-0.874
-9.377599e-006,-0.874
-9.377349e-006,-0.875667
-9.377099e-006,-0.875667
-9.376849e-006,-0.874
-9.376599e-006,-0.874
-9.376349e-006,-0.874
-9.376099e-006,-0.875667
-9.375849e-006,-0.874
-9.375599e-006,-0.874
-9.375349e-006,-0.874
-9.375099e-006,-0.875667
-9.374849e-006,-0.874
-9.374599e-006,-0.874
-9.374349e-006,-0.874
-9.374099e-006,-0.875667
-9.373849e-006,-0.874
-9.373599e-006,-0.874
-9.373349e-006,-0.874
-9.373099e-006,-0.875667
-9.372849e-006,-0.874
-9.372599e-006,-0.874
-9.372349e-006,-0.874
-9.372099e-006,-0.875667
-9.371849e-006,-0.874
-9.371599e-006,-0.874
-9.371349e-006,-0.875667
-9.371099e-006,-0.875667
-9.370849e-006,-0.874
-9.370599e-006,-0.874
-9.370349e-006,-0.875667
-9.370099e-006,-0.875667
-9.369849e-006,-0.874
-9.369599e-006,-0.874
-9.369349e-006,-0.875667
-9.369099e-006,-0.875667
-9.368849e-006,-0.874
-9.368599e-006,-0.874
-9.368349e-006,-0.874
-9.368099e-006,-0.875667
-9.367849e-006,-0.874
-9.367599e-006,-0.874
-9.367349e-006,-0.874
-9.367099e-006,-0.875667
-9.366849e-006,-0.874
-9.366599e-006,-0.874
-9.366349e-006,-0.874
-9.366099e-006,-0.875667
-9.365849e-006,-0.874
-9.365599e-006,-0.874
-9.365349e-006,-0.874
-9.365099e-006,-0.875667
-9.364849e-006,-0.874
-9.364599e-006,-0.874
-9.364349e-006,-0.874
-9.364099e-006,-0.875667
-9.363849e-006,-0.874
-9.363599e-006,-0.874
-9.363349e-006,-0.874
-9.363099e-006,-0.874
-9.362849e-006,-0.874
-9.362599e-006,-0.874
-9.362349e-006,-0.874
-9.362099e-006,-0.874
-9.361849e-006,-0.874
-9.361599e-006,-0.874
-9.361349e-006,-0.874
-9.361099e-006,-0.874
-9.360849e-006,-0.874
-9.360599e-006,-0.874
-9.360349e-006,-0.874
-9.360099e-006,-0.874
-9.359849e-006,-0.874
-9.359599e-006,-0.874
-9.359349e-006,-0.875667
-9.359099e-006,-0.874
-9.358849e-006,-0.874
-9.358599e-006,-0.874
-9.358349e-006,-0.875667
-9.358099e-006,-0.874
-9.357849e-006,-0.874
-9.357599e-006,-0.874
-9.357349e-006,-0.874
-9.357099e-006,-0.874
-9.356849e-006,-0.874
-9.356599e-006,-0.874
-9.356349e-006,-0.874
-9.356099e-006,-0.875667
-9.355849e-006,-0.874
-9.355599e-006,-0.874
-9.355349e-006,-0.874
-9.355099e-006,-0.874
-9.354849e-006,-0.874
-9.354599e-006,-0.874
-9.354349e-006,-0.874
-9.354099e-006,-0.874
-9.353849e-006,-0.874
-9.353599e-006,-0.874
-9.353349e-006,-0.874
-9.353099e-006,-0.874
-9.352849e-006,-0.874
-9.352599e-006,-0.874
-9.352349e-006,-0.874
-9.352099e-006,-0.874
-9.351849e-006,-0.874
-9.351599e-006,-0.874
-9.351349e-006,-0.874
-9.351099e-006,-0.874
-9.350849e-006,-0.874
-9.350599e-006,-0.874
-9.350349e-006,-0.874
-9.350099e-006,-0.874
-9.349849e-006,-0.874
-9.349599e-006,-0.874
-9.349349e-006,-0.874
-9.349099e-006,-0.874
-9.348849e-006,-0.874
-9.348599e-006,-0.874
-9.348349e-006,-0.874
-9.348099e-006,-0.875667
-9.347849e-006,-0.874
-9.347599e-006,-0.874
-9.347349e-006,-0.874
-9.347099e-006,-0.875667
-9.346849e-006,-0.874
-9.346599e-006,-0.874
-9.346349e-006,-0.874
-9.346099e-006,-0.875667
-9.345849e-006,-0.874
-9.345599e-006,-0.874
-9.345349e-006,-0.874
-9.345099e-006,-0.875667
-9.344849e-006,-0.874
-9.344599e-006,-0.874
-9.344349e-006,-0.874
-9.344099e-006,-0.875667
-9.343849e-006,-0.874
-9.343599e-006,-0.874
-9.343349e-006,-0.875667
-9.343099e-006,-0.875667
-9.342849e-006,-0.874
-9.342599e-006,-0.874
-9.342349e-006,-0.875667
-9.342099e-006,-0.875667
-9.341849e-006,-0.874
-9.341599e-006,-0.874
-9.341349e-006,-0.874
-9.341099e-006,-0.875667
-9.340849e-006,-0.874
-9.340599e-006,-0.874
-9.340349e-006,-0.874
-9.340099e-006,-0.875667
-9.339849e-006,-0.874
-9.339599e-006,-0.874
-9.339349e-006,-0.874
-9.339099e-006,-0.875667
-9.338849e-006,-0.874
-9.338599e-006,-0.874
-9.338349e-006,-0.875667
-9.338099e-006,-0.875667
-9.337849e-006,-0.874
-9.337599e-006,-0.874
-9.337349e-006,-0.875667
-9.337099e-006,-0.875667
-9.336849e-006,-0.874
-9.336599e-006,-0.874
-9.336349e-006,-0.875667
-9.336099e-006,-0.875667
-9.335849e-006,-0.874
-9.335599e-006,-0.874
-9.335349e-006,-0.875667
-9.335099e-006,-0.875667
-9.334849e-006,-0.874
-9.334599e-006,-0.874
-9.334349e-006,-0.875667
-9.334099e-006,-0.875667
-9.333849e-006,-0.874
-9.333599e-006,-0.874
-9.333349e-006,-0.875667
-9.333099e-006,-0.875667
-9.332849e-006,-0.874
-9.332599e-006,-0.874
-9.332349e-006,-0.875667
-9.332099e-006,-0.875667
-9.331849e-006,-0.874
-9.331599e-006,-0.874
-9.331349e-006,-0.875667
-9.331099e-006,-0.875667
-9.330849e-006,-0.874
-9.330599e-006,-0.874
-9.330349e-006,-0.875667
-9.330099e-006,-0.875667
-9.329849e-006,-0.874
-9.329599e-006,-0.874
-9.329349e-006,-0.875667
-9.329099e-006,-0.875667
-9.328849e-006,-0.874
-9.328599e-006,-0.874
-9.328349e-006,-0.874
-9.328099e-006,-0.875667
-9.327849e-006,-0.874
-9.327599e-006,-0.874
-9.327349e-006,-0.874
-9.327099e-006,-0.875667
-9.326849e-006,-0.874
-9.326599e-006,-0.874
-9.326349e-006,-0.875667
-9.326099e-006,-0.875667
-9.325849e-006,-0.874
-9.325599e-006,-0.874
-9.325349e-006,-0.875667
-9.325099e-006,-0.875667
-9.324849e-006,-0.874
-9.324599e-006,-0.874
-9.324349e-006,-0.875667
-9.324099e-006,-0.875667
-9.323849e-006,-0.874
-9.323599e-006,-0.874
-9.323349e-006,-0.875667
-9.323099e-006,-0.875667
-9.322849e-006,-0.874
-9.322599e-006,-0.874
-9.322349e-006,-0.874
-9.322099e-006,-0.875667
-9.321849e-006,-0.874
-9.321599e-006,-0.874
-9.321349e-006,-0.874
-9.321099e-006,-0.875667
-9.320849e-006,-0.874
-9.320599e-006,-0.874
-9.320349e-006,-0.875667
-9.320099e-006,-0.875667
-9.319849e-006,-0.874
-9.319599e-006,-0.874
-9.319349e-006,-0.875667
-9.319099e-006,-0.875667
-9.318849e-006,-0.874
-9.318599e-006,-0.874
-9.318349e-006,-0.875667
-9.318099e-006,-0.875667
-9.317849e-006,-0.874
-9.317599e-006,-0.874
-9.317349e-006,-0.874
-9.317099e-006,-0.875667
-9.316849e-006,-0.874
-9.316599e-006,-0.874
-9.316349e-006,-0.874
-9.316099e-006,-0.875667
-9.315849e-006,-0.874
-9.315599e-006,-0.874
-9.315349e-006,-0.874
-9.315099e-006,-0.875667
-9.314849e-006,-0.874
-9.314599e-006,-0.874
-9.314349e-006,-0.874
-9.314099e-006,-0.875667
-9.313849e-006,-0.874
-9.313599e-006,-0.874
-9.313349e-006,-0.874
-9.313099e-006,-0.875667
-9.312849e-006,-0.874
-9.312599e-006,-0.874
-9.312349e-006,-0.874
-9.312099e-006,-0.875667
-9.311849e-006,-0.874
-9.311599e-006,-0.874
-9.311349e-006,-0.874
-9.311099e-006,-0.875667
-9.310849e-006,-0.874
-9.310599e-006,-0.874
-9.310349e-006,-0.874
-9.310099e-006,-0.875667
-9.309849e-006,-0.874
-9.309599e-006,-0.874
-9.309349e-006,-0.874
-9.309099e-006,-0.875667
-9.308849e-006,-0.874
-9.308599e-006,-0.874
-9.308349e-006,-0.874
-9.308099e-006,-0.874
-9.307849e-006,-0.874
-9.307599e-006,-0.874
-9.307349e-006,-0.874
-9.307099e-006,-0.874
-9.306849e-006,-0.874
-9.306599e-006,-0.874
-9.306349e-006,-0.874
-9.306099e-006,-0.874
-9.305849e-006,-0.874
-9.305599e-006,-0.874
-9.305349e-006,-0.874
-9.305099e-006,-0.874
-9.304849e-006,-0.874
-9.304599e-006,-0.874
-9.304349e-006,-0.874
-9.304099e-006,-0.874
-9.303849e-006,-0.874
-9.303599e-006,-0.874
-9.303349e-006,-0.875667
-9.303099e-006,-0.875667
-9.302849e-006,-0.874
-9.302599e-006,-0.874
-9.302349e-006,-0.874
-9.302099e-006,-0.875667
-9.301849e-006,-0.874
-9.301599e-006,-0.874
-9.301349e-006,-0.875667
-9.301099e-006,-0.875667
-9.300849e-006,-0.874
-9.300599e-006,-0.874
-9.300349e-006,-0.875667
-9.300099e-006,-0.875667
-9.299849e-006,-0.874
-9.299599e-006,-0.874
-9.299349e-006,-0.875667
-9.299099e-006,-0.875667
-9.298849e-006,-0.874
-9.298599e-006,-0.874
-9.298349e-006,-0.875667
-9.298099e-006,-0.875667
-9.297849e-006,-0.874
-9.297599e-006,-0.874
-9.297349e-006,-0.874
-9.297099e-006,-0.875667
-9.296849e-006,-0.874
-9.296599e-006,-0.874
-9.296349e-006,-0.874
-9.296099e-006,-0.874
-9.295849e-006,-0.874
-9.295599e-006,-0.874
-9.295349e-006,-0.874
-9.295099e-006,-0.874
-9.294849e-006,-0.874
-9.294599e-006,-0.874
-9.294349e-006,-0.874
-9.294099e-006,-0.874
-9.293849e-006,-0.874
-9.293599e-006,-0.874
-9.293349e-006,-0.874
-9.293099e-006,-0.874
-9.292849e-006,-0.874
-9.292599e-006,-0.874
-9.292349e-006,-0.874
-9.292099e-006,-0.874
-9.291849e-006,-0.874
-9.291599e-006,-0.874
-9.291349e-006,-0.875667
-9.291099e-006,-0.875667
-9.290849e-006,-0.874
-9.290599e-006,-0.874
-9.290349e-006,-0.875667
-9.290099e-006,-0.875667
-9.289849e-006,-0.874
-9.289599e-006,-0.874
-9.289349e-006,-0.875667
-9.289099e-006,-0.875667
-9.288849e-006,-0.874
-9.288599e-006,-0.874
-9.288349e-006,-0.875667
-9.288099e-006,-0.875667
-9.287849e-006,-0.874
-9.287599e-006,-0.874
-9.287349e-006,-0.875667
-9.287099e-006,-0.875667
-9.286849e-006,-0.874
-9.286599e-006,-0.874
-9.286349e-006,-0.875667
-9.286099e-006,-0.875667
-9.285849e-006,-0.874
-9.285599e-006,-0.874
-9.285349e-006,-0.875667
-9.285099e-006,-0.875667
-9.284849e-006,-0.874
-9.284599e-006,-0.874
-9.284349e-006,-0.875667
-9.284099e-006,-0.875667
-9.283849e-006,-0.874
-9.283599e-006,-0.874
-9.283349e-006,-0.875667
-9.283099e-006,-0.875667
-9.282849e-006,-0.874
-9.282599e-006,-0.874
-9.282349e-006,-0.875667
-9.282099e-006,-0.875667
-9.281849e-006,-0.874
-9.281599e-006,-0.874
-9.281349e-006,-0.875667
-9.281099e-006,-0.875667
-9.280849e-006,-0.874
-9.280599e-006,-0.874
-9.280349e-006,-0.875667
-9.280099e-006,-0.875667
-9.279849e-006,-0.874
-9.279599e-006,-0.874
-9.279349e-006,-0.875667
-9.279099e-006,-0.875667
-9.278849e-006,-0.874
-9.278599e-006,-0.874
-9.278349e-006,-0.874
-9.278099e-006,-0.875667
-9.277849e-006,-0.874
-9.277599e-006,-0.874
-9.277349e-006,-0.874
-9.277099e-006,-0.875667
-9.276849e-006,-0.874
-9.276599e-006,-0.874
-9.276349e-006,-0.875667
-9.276099e-006,-0.875667
-9.275849e-006,-0.874
-9.275599e-006,-0.874
-9.275349e-006,-0.875667
-9.275099e-006,-0.875667
-9.274849e-006,-0.874
-9.274599e-006,-0.874
-9.274349e-006,-0.875667
-9.274099e-006,-0.875667
-9.273849e-006,-0.874
-9.273599e-006,-0.874
-9.273349e-006,-0.875667
-9.273099e-006,-0.875667
-9.272849e-006,-0.874
-9.272599e-006,-0.874
-9.272349e-006,-0.874
-9.272099e-006,-0.875667
-9.271849e-006,-0.874
-9.271599e-006,-0.874
-9.271349e-006,-0.874
-9.271099e-006,-0.875667
-9.270849e-006,-0.874
-9.270599e-006,-0.874
-9.270349e-006,-0.874
-9.270099e-006,-0.875667
-9.269849e-006,-0.874
-9.269599e-006,-0.874
-9.269349e-006,-0.874
-9.269099e-006,-0.875667
-9.268849e-006,-0.874
-9.268599e-006,-0.874
-9.268349e-006,-0.874
-9.268099e-006,-0.875667
-9.267849e-006,-0.874
-9.267599e-006,-0.874
-9.267349e-006,-0.874
-9.267099e-006,-0.875667
-9.266849e-006,-0.874
-9.266599e-006,-0.874
-9.266349e-006,-0.875667
-9.266099e-006,-0.875667
-9.265849e-006,-0.874
-9.265599e-006,-0.874
-9.265349e-006,-0.874
-9.265099e-006,-0.875667
-9.264849e-006,-0.874
-9.264599e-006,-0.874
-9.264349e-006,-0.874
-9.264099e-006,-0.875667
-9.263849e-006,-0.874
-9.263599e-006,-0.874
-9.263349e-006,-0.874
-9.263099e-006,-0.875667
-9.262849e-006,-0.874
-9.262599e-006,-0.874
-9.262349e-006,-0.874
-9.262099e-006,-0.875667
-9.261849e-006,-0.874
-9.261599e-006,-0.874
-9.261349e-006,-0.875667
-9.261099e-006,-0.875667
-9.260849e-006,-0.874
-9.260599e-006,-0.874
-9.260349e-006,-0.875667
-9.260099e-006,-0.875667
-9.259849e-006,-0.874
-9.259599e-006,-0.874
-9.259349e-006,-0.875667
-9.259099e-006,-0.875667
-9.258849e-006,-0.874
-9.258599e-006,-0.874
-9.258349e-006,-0.875667
-9.258099e-006,-0.874
-9.257849e-006,-0.874
-9.257599e-006,-0.874
-9.257349e-006,-0.875667
-9.257099e-006,-0.874
-9.256849e-006,-0.874
-9.256599e-006,-0.874
-9.256349e-006,-0.874
-9.256099e-006,-0.874
-9.255849e-006,-0.874
-9.255599e-006,-0.874
-9.255349e-006,-0.875667
-9.255099e-006,-0.874
-9.254849e-006,-0.874
-9.254599e-006,-0.874
-9.254349e-006,-0.875667
-9.254099e-006,-0.874
-9.253849e-006,-0.874
-9.253599e-006,-0.874
-9.253349e-006,-0.875667
-9.253099e-006,-0.874
-9.252849e-006,-0.874
-9.252599e-006,-0.874
-9.252349e-006,-0.875667
-9.252099e-006,-0.875667
-9.251849e-006,-0.874
-9.251599e-006,-0.874
-9.251349e-006,-0.874
-9.251099e-006,-0.875667
-9.250849e-006,-0.874
-9.250599e-006,-0.874
-9.250349e-006,-0.874
-9.250099e-006,-0.875667
-9.249849e-006,-0.874
-9.249599e-006,-0.874
-9.249349e-006,-0.874
-9.249099e-006,-0.875667
-9.248849e-006,-0.874
-9.248599e-006,-0.874
-9.248349e-006,-0.875667
-9.248099e-006,-0.875667
-9.247849e-006,-0.874
-9.247599e-006,-0.874
-9.247349e-006,-0.875667
-9.247099e-006,-0.875667
-9.246849e-006,-0.874
-9.246599e-006,-0.874
-9.246349e-006,-0.875667
-9.246099e-006,-0.875667
-9.245849e-006,-0.874
-9.245599e-006,-0.874
-9.245349e-006,-0.875667
-9.245099e-006,-0.875667
-9.244849e-006,-0.874
-9.244599e-006,-0.874
-9.244349e-006,-0.875667
-9.244099e-006,-0.875667
-9.243849e-006,-0.874
-9.243599e-006,-0.874
-9.243349e-006,-0.874
-9.243099e-006,-0.875667
-9.242849e-006,-0.874
-9.242599e-006,-0.874
-9.242349e-006,-0.874
-9.242099e-006,-0.875667
-9.241849e-006,-0.874
-9.241599e-006,-0.874
-9.241349e-006,-0.874
-9.241099e-006,-0.875667
-9.240849e-006,-0.874
-9.240599e-006,-0.874
-9.240349e-006,-0.875667
-9.240099e-006,-0.875667
-9.239849e-006,-0.874
-9.239599e-006,-0.874
-9.239349e-006,-0.875667
-9.239099e-006,-0.875667
-9.238849e-006,-0.874
-9.238599e-006,-0.874
-9.238349e-006,-0.875667
-9.238099e-006,-0.875667
-9.237849e-006,-0.874
-9.237599e-006,-0.874
-9.237349e-006,-0.874
-9.237099e-006,-0.874
-9.236849e-006,-0.874
-9.236599e-006,-0.874
-9.236349e-006,-0.875667
-9.236099e-006,-0.875667
-9.235849e-006,-0.874
-9.235599e-006,-0.874
-9.235349e-006,-0.875667
-9.235099e-006,-0.875667
-9.234849e-006,-0.874
-9.234599e-006,-0.874
-9.234349e-006,-0.875667
-9.234099e-006,-0.875667
-9.233849e-006,-0.874
-9.233599e-006,-0.874
-9.233349e-006,-0.874
-9.233099e-006,-0.875667
-9.232849e-006,-0.874
-9.232599e-006,-0.874
-9.232349e-006,-0.874
-9.232099e-006,-0.875667
-9.231849e-006,-0.874
-9.231599e-006,-0.874
-9.231349e-006,-0.874
-9.231099e-006,-0.875667
-9.230849e-006,-0.874
-9.230599e-006,-0.874
-9.230349e-006,-0.874
-9.230099e-006,-0.875667
-9.229849e-006,-0.874
-9.229599e-006,-0.874
-9.229349e-006,-0.875667
-9.229099e-006,-0.875667
-9.228849e-006,-0.874
-9.228599e-006,-0.874
-9.228349e-006,-0.875667
-9.228099e-006,-0.875667
-9.227849e-006,-0.874
-9.227599e-006,-0.874
-9.227349e-006,-0.875667
-9.227099e-006,-0.875667
-9.226849e-006,-0.874
-9.226599e-006,-0.874
-9.226349e-006,-0.874
-9.226099e-006,-0.875667
-9.225849e-006,-0.874
-9.225599e-006,-0.874
-9.225349e-006,-0.874
-9.225099e-006,-0.875667
-9.224849e-006,-0.874
-9.224599e-006,-0.874
-9.224349e-006,-0.874
-9.224099e-006,-0.875667
-9.223849e-006,-0.874
-9.223599e-006,-0.874
-9.223349e-006,-0.874
-9.223099e-006,-0.875667
-9.222849e-006,-0.874
-9.222599e-006,-0.874
-9.222349e-006,-0.874
-9.222099e-006,-0.875667
-9.221849e-006,-0.874
-9.221599e-006,-0.874
-9.221349e-006,-0.874
-9.221099e-006,-0.875667
-9.220849e-006,-0.874
-9.220599e-006,-0.874
-9.220349e-006,-0.874
-9.220099e-006,-0.875667
-9.219849e-006,-0.874
-9.219599e-006,-0.874
-9.219349e-006,-0.875667
-9.219099e-006,-0.875667
-9.218849e-006,-0.874
-9.218599e-006,-0.874
-9.218349e-006,-0.875667
-9.218099e-006,-0.875667
-9.217849e-006,-0.874
-9.217599e-006,-0.874
-9.217349e-006,-0.875667
-9.217099e-006,-0.875667
-9.216849e-006,-0.874
-9.216599e-006,-0.874
-9.216349e-006,-0.875667
-9.216099e-006,-0.875667
-9.215849e-006,-0.874
-9.215599e-006,-0.874
-9.215349e-006,-0.875667
-9.215099e-006,-0.875667
-9.214849e-006,-0.874
-9.214599e-006,-0.874
-9.214349e-006,-0.875667
-9.214099e-006,-0.875667
-9.213849e-006,-0.874
-9.213599e-006,-0.874
-9.213349e-006,-0.874
-9.213099e-006,-0.875667
-9.212849e-006,-0.874
-9.212599e-006,-0.874
-9.212349e-006,-0.874
-9.212099e-006,-0.875667
-9.211849e-006,-0.874
-9.211599e-006,-0.874
-9.211349e-006,-0.874
-9.211099e-006,-0.875667
-9.210849e-006,-0.874
-9.210599e-006,-0.874
-9.210349e-006,-0.875667
-9.210099e-006,-0.875667
-9.209849e-006,-0.874
-9.209599e-006,-0.874
-9.209349e-006,-0.875667
-9.209099e-006,-0.875667
-9.208849e-006,-0.874
-9.208599e-006,-0.874
-9.208349e-006,-0.875667
-9.208099e-006,-0.875667
-9.207849e-006,-0.874
-9.207599e-006,-0.874
-9.207349e-006,-0.875667
-9.207099e-006,-0.875667
-9.206849e-006,-0.874
-9.206599e-006,-0.874
-9.206349e-006,-0.875667
-9.206099e-006,-0.875667
-9.205849e-006,-0.874
-9.205599e-006,-0.874
-9.205349e-006,-0.875667
-9.205099e-006,-0.875667
-9.204849e-006,-0.874
-9.204599e-006,-0.874
-9.204349e-006,-0.875667
-9.204099e-006,-0.875667
-9.203849e-006,-0.874
-9.203599e-006,-0.874
-9.203349e-006,-0.875667
-9.203099e-006,-0.875667
-9.202849e-006,-0.874
-9.202599e-006,-0.874
-9.202349e-006,-0.875667
-9.202099e-006,-0.875667
-9.201849e-006,-0.874
-9.201599e-006,-0.874
-9.201349e-006,-0.875667
-9.201099e-006,-0.875667
-9.200849e-006,-0.874
-9.200599e-006,-0.874
-9.200349e-006,-0.875667
-9.200099e-006,-0.875667
-9.199849e-006,-0.874
-9.199599e-006,-0.874
-9.199349e-006,-0.875667
-9.199099e-006,-0.875667
-9.198849e-006,-0.874
-9.198599e-006,-0.874
-9.198349e-006,-0.875667
-9.198099e-006,-0.875667
-9.197849e-006,-0.874
-9.197599e-006,-0.874
-9.197349e-006,-0.875667
-9.197099e-006,-0.875667
-9.196849e-006,-0.874
-9.196599e-006,-0.874
-9.196349e-006,-0.875667
-9.196099e-006,-0.875667
-9.195849e-006,-0.874
-9.195599e-006,-0.874
-9.195349e-006,-0.874
-9.195099e-006,-0.874
-9.194849e-006,-0.874
-9.194599e-006,-0.874
-9.194349e-006,-0.874
-9.194099e-006,-0.874
-9.193849e-006,-0.874
-9.193599e-006,-0.874
-9.193349e-006,-0.874
-9.193099e-006,-0.874
-9.192849e-006,-0.874
-9.192599e-006,-0.874
-9.192349e-006,-0.874
-9.192099e-006,-0.875667
-9.191849e-006,-0.874
-9.191599e-006,-0.874
-9.191349e-006,-0.874
-9.191099e-006,-0.875667
-9.190849e-006,-0.874
-9.190599e-006,-0.874
-9.190349e-006,-0.874
-9.190099e-006,-0.875667
-9.189849e-006,-0.874
-9.189599e-006,-0.874
-9.189349e-006,-0.874
-9.189099e-006,-0.875667
-9.188849e-006,-0.874
-9.188599e-006,-0.874
-9.188349e-006,-0.874
-9.188099e-006,-0.875667
-9.187849e-006,-0.874
-9.187599e-006,-0.874
-9.187349e-006,-0.874
-9.187099e-006,-0.874
-9.186849e-006,-0.874
-9.186599e-006,-0.874
-9.186349e-006,-0.874
-9.186099e-006,-0.875667
-9.185849e-006,-0.874
-9.185599e-006,-0.874
-9.185349e-006,-0.874
-9.185099e-006,-0.875667
-9.184849e-006,-0.874
-9.184599e-006,-0.874
-9.184349e-006,-0.874
-9.184099e-006,-0.875667
-9.183849e-006,-0.874
-9.183599e-006,-0.874
-9.183349e-006,-0.875667
-9.183099e-006,-0.875667
-9.182849e-006,-0.874
-9.182599e-006,-0.874
-9.182349e-006,-0.875667
-9.182099e-006,-0.875667
-9.181849e-006,-0.874
-9.181599e-006,-0.874
-9.181349e-006,-0.875667
-9.181099e-006,-0.875667
-9.180849e-006,-0.874
-9.180599e-006,-0.874
-9.180349e-006,-0.875667
-9.180099e-006,-0.875667
-9.179849e-006,-0.874
-9.179599e-006,-0.874
-9.179349e-006,-0.875667
-9.179099e-006,-0.875667
-9.178849e-006,-0.874
-9.178599e-006,-0.874
-9.178349e-006,-0.875667
-9.178099e-006,-0.874
-9.177849e-006,-0.874
-9.177599e-006,-0.874
-9.177349e-006,-0.875667
-9.177099e-006,-0.875667
-9.176849e-006,-0.874
-9.176599e-006,-0.874
-9.176349e-006,-0.875667
-9.176099e-006,-0.875667
-9.175849e-006,-0.874
-9.175599e-006,-0.874
-9.175349e-006,-0.875667
-9.175099e-006,-0.875667
-9.174849e-006,-0.874
-9.174599e-006,-0.874
-9.174349e-006,-0.875667
-9.174099e-006,-0.875667
-9.173849e-006,-0.874
-9.173599e-006,-0.874
-9.173349e-006,-0.875667
-9.173099e-006,-0.875667
-9.172849e-006,-0.874
-9.172599e-006,-0.874
-9.172349e-006,-0.874
-9.172099e-006,-0.874
-9.171849e-006,-0.874
-9.171599e-006,-0.874
-9.171349e-006,-0.874
-9.171099e-006,-0.874
-9.170849e-006,-0.874
-9.170599e-006,-0.874
-9.170349e-006,-0.874
-9.170099e-006,-0.875667
-9.169849e-006,-0.874
-9.169599e-006,-0.874
-9.169349e-006,-0.874
-9.169099e-006,-0.875667
-9.168849e-006,-0.874
-9.168599e-006,-0.874
-9.168349e-006,-0.874
-9.168099e-006,-0.875667
-9.167849e-006,-0.874
-9.167599e-006,-0.874
-9.167349e-006,-0.874
-9.167099e-006,-0.874
-9.166849e-006,-0.874
-9.166599e-006,-0.874
-9.166349e-006,-0.874
-9.166099e-006,-0.875667
-9.165849e-006,-0.874
-9.165599e-006,-0.874
-9.165349e-006,-0.875667
-9.165099e-006,-0.875667
-9.164849e-006,-0.874
-9.164599e-006,-0.874
-9.164349e-006,-0.874
-9.164099e-006,-0.875667
-9.163849e-006,-0.874
-9.163599e-006,-0.874
-9.163349e-006,-0.874
-9.163099e-006,-0.875667
-9.162849e-006,-0.874
-9.162599e-006,-0.874
-9.162349e-006,-0.875667
-9.162099e-006,-0.875667
-9.161849e-006,-0.874
-9.161599e-006,-0.874
-9.161349e-006,-0.874
-9.161099e-006,-0.874
-9.160849e-006,-0.874
-9.160599e-006,-0.874
-9.160349e-006,-0.874
-9.160099e-006,-0.874
-9.159849e-006,-0.874
-9.159599e-006,-0.874
-9.159349e-006,-0.874
-9.159099e-006,-0.874
-9.158849e-006,-0.874
-9.158599e-006,-0.874
-9.158349e-006,-0.875667
-9.158099e-006,-0.875667
-9.157849e-006,-0.874
-9.157599e-006,-0.874
-9.157349e-006,-0.875667
-9.157099e-006,-0.875667
-9.156849e-006,-0.874
-9.156599e-006,-0.874
-9.156349e-006,-0.874
-9.156099e-006,-0.874
-9.155849e-006,-0.874
-9.155599e-006,-0.874
-9.155349e-006,-0.874
-9.155099e-006,-0.874
-9.154849e-006,-0.874
-9.154599e-006,-0.874
-9.154349e-006,-0.875667
-9.154099e-006,-0.874
-9.153849e-006,-0.874
-9.153599e-006,-0.874
-9.153349e-006,-0.875667
-9.153099e-006,-0.874
-9.152849e-006,-0.874
-9.152599e-006,-0.874
-9.152349e-006,-0.874
-9.152099e-006,-0.874
-9.151849e-006,-0.874
-9.151599e-006,-0.874
-9.151349e-006,-0.874
-9.151099e-006,-0.874
-9.150849e-006,-0.874
-9.150599e-006,-0.874
-9.150349e-006,-0.874
-9.150099e-006,-0.874
-9.149849e-006,-0.874
-9.149599e-006,-0.874
-9.149349e-006,-0.874
-9.149099e-006,-0.875667
-9.148849e-006,-0.874
-9.148599e-006,-0.874
-9.148349e-006,-0.874
-9.148099e-006,-0.875667
-9.147849e-006,-0.874
-9.147599e-006,-0.874
-9.147349e-006,-0.874
-9.147099e-006,-0.875667
-9.146849e-006,-0.874
-9.146599e-006,-0.874
-9.146349e-006,-0.874
-9.146099e-006,-0.875667
-9.145849e-006,-0.874
-9.145599e-006,-0.874
-9.145349e-006,-0.874
-9.145099e-006,-0.875667
-9.144849e-006,-0.874
-9.144599e-006,-0.874
-9.144349e-006,-0.874
-9.144099e-006,-0.875667
-9.143849e-006,-0.874
-9.143599e-006,-0.874
-9.143349e-006,-0.874
-9.143099e-006,-0.875667
-9.142849e-006,-0.874
-9.142599e-006,-0.874
-9.142349e-006,-0.874
-9.142099e-006,-0.875667
-9.141849e-006,-0.874
-9.141599e-006,-0.874
-9.141349e-006,-0.874
-9.141099e-006,-0.875667
-9.140849e-006,-0.874
-9.140599e-006,-0.874
-9.140349e-006,-0.874
-9.140099e-006,-0.874
-9.139849e-006,-0.874
-9.139599e-006,-0.874
-9.139349e-006,-0.874
-9.139099e-006,-0.874
-9.138849e-006,-0.874
-9.138599e-006,-0.874
-9.138349e-006,-0.874
-9.138099e-006,-0.874
-9.137849e-006,-0.874
-9.137599e-006,-0.874
-9.137349e-006,-0.874
-9.137099e-006,-0.874
-9.136849e-006,-0.874
-9.136599e-006,-0.874
-9.136349e-006,-0.874
-9.136099e-006,-0.874
-9.135849e-006,-0.874
-9.135599e-006,-0.874
-9.135349e-006,-0.875667
-9.135099e-006,-0.874
-9.134849e-006,-0.874
-9.134599e-006,-0.874
-9.134349e-006,-0.875667
-9.134099e-006,-0.874
-9.133849e-006,-0.874
-9.133599e-006,-0.874
-9.133349e-006,-0.875667
-9.133099e-006,-0.874
-9.132849e-006,-0.874
-9.132599e-006,-0.874
-9.132349e-006,-0.875667
-9.132099e-006,-0.874
-9.131849e-006,-0.874
-9.131599e-006,-0.874
-9.131349e-006,-0.874
-9.131099e-006,-0.874
-9.130849e-006,-0.874
-9.130599e-006,-0.874
-9.130349e-006,-0.874
-9.130099e-006,-0.874
-9.129849e-006,-0.874
-9.129599e-006,-0.874
-9.129349e-006,-0.874
-9.129099e-006,-0.874
-9.128849e-006,-0.874
-9.128599e-006,-0.874
-9.128349e-006,-0.874
-9.128099e-006,-0.875667
-9.127849e-006,-0.874
-9.127599e-006,-0.874
-9.127349e-006,-0.874
-9.127099e-006,-0.875667
-9.126849e-006,-0.874
-9.126599e-006,-0.874
-9.126349e-006,-0.874
-9.126099e-006,-0.875667
-9.125849e-006,-0.874
-9.125599e-006,-0.874
-9.125349e-006,-0.874
-9.125099e-006,-0.875667
-9.124849e-006,-0.874
-9.124599e-006,-0.874
-9.124349e-006,-0.875667
-9.124099e-006,-0.875667
-9.123849e-006,-0.874
-9.123599e-006,-0.874
-9.123349e-006,-0.875667
-9.123099e-006,-0.875667
-9.122849e-006,-0.874
-9.122599e-006,-0.874
-9.122349e-006,-0.875667
-9.122099e-006,-0.875667
-9.121849e-006,-0.874
-9.121599e-006,-0.874
-9.121349e-006,-0.875667
-9.121099e-006,-0.875667
-9.120849e-006,-0.874
-9.120599e-006,-0.874
-9.120349e-006,-0.874
-9.120099e-006,-0.875667
-9.119849e-006,-0.874
-9.119599e-006,-0.874
-9.119349e-006,-0.874
-9.119099e-006,-0.875667
-9.118849e-006,-0.874
-9.118599e-006,-0.874
-9.118349e-006,-0.874
-9.118099e-006,-0.875667
-9.117849e-006,-0.874
-9.117599e-006,-0.874
-9.117349e-006,-0.874
-9.117099e-006,-0.875667
-9.116849e-006,-0.874
-9.116599e-006,-0.874
-9.116349e-006,-0.874
-9.116099e-006,-0.875667
-9.115849e-006,-0.874
-9.115599e-006,-0.874
-9.115349e-006,-0.874
-9.115099e-006,-0.875667
-9.114849e-006,-0.874
-9.114599e-006,-0.874
-9.114349e-006,-0.874
-9.114099e-006,-0.875667
-9.113849e-006,-0.874
-9.113599e-006,-0.874
-9.113349e-006,-0.874
-9.113099e-006,-0.875667
-9.112849e-006,-0.874
-9.112599e-006,-0.874
-9.112349e-006,-0.875667
-9.112099e-006,-0.875667
-9.111849e-006,-0.874
-9.111599e-006,-0.874
-9.111349e-006,-0.875667
-9.111099e-006,-0.875667
-9.110849e-006,-0.874
-9.110599e-006,-0.874
-9.110349e-006,-0.875667
-9.110099e-006,-0.875667
-9.109849e-006,-0.874
-9.109599e-006,-0.874
-9.109349e-006,-0.875667
-9.109099e-006,-0.874
-9.108849e-006,-0.874
-9.108599e-006,-0.874
-9.108349e-006,-0.874
-9.108099e-006,-0.874
-9.107849e-006,-0.874
-9.107599e-006,-0.874
-9.107349e-006,-0.874
-9.107099e-006,-0.875667
-9.106849e-006,-0.874
-9.106599e-006,-0.874
-9.106349e-006,-0.874
-9.106099e-006,-0.875667
-9.105849e-006,-0.874
-9.105599e-006,-0.874
-9.105349e-006,-0.874
-9.105099e-006,-0.875667
-9.104849e-006,-0.874
-9.104599e-006,-0.874
-9.104349e-006,-0.874
-9.104099e-006,-0.875667
-9.103849e-006,-0.874
-9.103599e-006,-0.874
-9.103349e-006,-0.875667
-9.103099e-006,-0.875667
-9.102849e-006,-0.874
-9.102599e-006,-0.874
-9.102349e-006,-0.875667
-9.102099e-006,-0.875667
-9.101849e-006,-0.874
-9.101599e-006,-0.874
-9.101349e-006,-0.874
-9.101099e-006,-0.875667
-9.100849e-006,-0.874
-9.100599e-006,-0.874
-9.100349e-006,-0.874
-9.100099e-006,-0.875667
-9.099849e-006,-0.874
-9.099599e-006,-0.874
-9.099349e-006,-0.874
-9.099099e-006,-0.875667
-9.098849e-006,-0.874
-9.098599e-006,-0.874
-9.098349e-006,-0.874
-9.098099e-006,-0.875667
-9.097849e-006,-0.874
-9.097599e-006,-0.874
-9.097349e-006,-0.874
-9.097099e-006,-0.875667
-9.096849e-006,-0.874
-9.096599e-006,-0.874
-9.096349e-006,-0.874
-9.096099e-006,-0.875667
-9.095849e-006,-0.874
-9.095599e-006,-0.874
-9.095349e-006,-0.874
-9.095099e-006,-0.875667
-9.094849e-006,-0.874
-9.094599e-006,-0.874
-9.094349e-006,-0.874
-9.094099e-006,-0.875667
-9.093849e-006,-0.874
-9.093599e-006,-0.874
-9.093349e-006,-0.874
-9.093099e-006,-0.875667
-9.092849e-006,-0.874
-9.092599e-006,-0.874
-9.092349e-006,-0.874
-9.092099e-006,-0.875667
-9.091849e-006,-0.874
-9.091599e-006,-0.874
-9.091349e-006,-0.874
-9.091099e-006,-0.875667
-9.090849e-006,-0.874
-9.090599e-006,-0.874
-9.090349e-006,-0.874
-9.090099e-006,-0.875667
-9.089849e-006,-0.874
-9.089599e-006,-0.874
-9.089349e-006,-0.875667
-9.089099e-006,-0.875667
-9.088849e-006,-0.874
-9.088599e-006,-0.874
-9.088349e-006,-0.875667
-9.088099e-006,-0.875667
-9.087849e-006,-0.874
-9.087599e-006,-0.874
-9.087349e-006,-0.875667
-9.087099e-006,-0.875667
-9.086849e-006,-0.874
-9.086599e-006,-0.874
-9.086349e-006,-0.875667
-9.086099e-006,-0.875667
-9.085849e-006,-0.874
-9.085599e-006,-0.874
-9.085349e-006,-0.874
-9.085099e-006,-0.875667
-9.084849e-006,-0.874
-9.084599e-006,-0.874
-9.084349e-006,-0.874
-9.084099e-006,-0.874
-9.083849e-006,-0.874
-9.083599e-006,-0.874
-9.083349e-006,-0.874
-9.083099e-006,-0.874
-9.082849e-006,-0.874
-9.082599e-006,-0.874
-9.082349e-006,-0.874
-9.082099e-006,-0.874
-9.081849e-006,-0.874
-9.081599e-006,-0.874
-9.081349e-006,-0.874
-9.081099e-006,-0.875667
-9.080849e-006,-0.874
-9.080599e-006,-0.874
-9.080349e-006,-0.874
-9.080099e-006,-0.875667
-9.079849e-006,-0.874
-9.079599e-006,-0.874
-9.079349e-006,-0.875667
-9.079099e-006,-0.875667
-9.078849e-006,-0.874
-9.078599e-006,-0.874
-9.078349e-006,-0.875667
-9.078099e-006,-0.875667
-9.077849e-006,-0.875667
-9.077599e-006,-0.874
-9.077349e-006,-0.875667
-9.077099e-006,-0.875667
-9.076849e-006,-0.874
-9.076599e-006,-0.874
-9.076349e-006,-0.875667
-9.076099e-006,-0.875667
-9.075849e-006,-0.874
-9.075599e-006,-0.874
-9.075349e-006,-0.875667
-9.075099e-006,-0.875667
-9.074849e-006,-0.874
-9.074599e-006,-0.874
-9.074349e-006,-0.874
-9.074099e-006,-0.875667
-9.073849e-006,-0.874
-9.073599e-006,-0.874
-9.073349e-006,-0.874
-9.073099e-006,-0.875667
-9.072849e-006,-0.874
-9.072599e-006,-0.874
-9.072349e-006,-0.874
-9.072099e-006,-0.875667
-9.071849e-006,-0.874
-9.071599e-006,-0.874
-9.071349e-006,-0.874
-9.071099e-006,-0.875667
-9.070849e-006,-0.874
-9.070599e-006,-0.874
-9.070349e-006,-0.875667
-9.070099e-006,-0.875667
-9.069849e-006,-0.874
-9.069599e-006,-0.874
-9.069349e-006,-0.875667
-9.069099e-006,-0.875667
-9.068849e-006,-0.874
-9.068599e-006,-0.874
-9.068349e-006,-0.875667
-9.068099e-006,-0.875667
-9.067849e-006,-0.874
-9.067599e-006,-0.874
-9.067349e-006,-0.875667
-9.067099e-006,-0.875667
-9.066849e-006,-0.874
-9.066599e-006,-0.874
-9.066349e-006,-0.875667
-9.066099e-006,-0.875667
-9.065849e-006,-0.874
-9.065599e-006,-0.874
-9.065349e-006,-0.875667
-9.065099e-006,-0.875667
-9.064849e-006,-0.874
-9.064599e-006,-0.874
-9.064349e-006,-0.874
-9.064099e-006,-0.875667
-9.063849e-006,-0.874
-9.063599e-006,-0.874
-9.063349e-006,-0.874
-9.063099e-006,-0.875667
-9.062849e-006,-0.874
-9.062599e-006,-0.874
-9.062349e-006,-0.874
-9.062099e-006,-0.875667
-9.061849e-006,-0.874
-9.061599e-006,-0.874
-9.061349e-006,-0.875667
-9.061099e-006,-0.875667
-9.060849e-006,-0.874
-9.060599e-006,-0.874
-9.060349e-006,-0.875667
-9.060099e-006,-0.875667
-9.059849e-006,-0.874
-9.059599e-006,-0.874
-9.059349e-006,-0.875667
-9.059099e-006,-0.875667
-9.058849e-006,-0.874
-9.058599e-006,-0.874
-9.058349e-006,-0.875667
-9.058099e-006,-0.874
-9.057849e-006,-0.874
-9.057599e-006,-0.874
-9.057349e-006,-0.875667
-9.057099e-006,-0.875667
-9.056849e-006,-0.874
-9.056599e-006,-0.874
-9.056349e-006,-0.874
-9.056099e-006,-0.874
-9.055849e-006,-0.874
-9.055599e-006,-0.874
-9.055349e-006,-0.874
-9.055099e-006,-0.874
-9.054849e-006,-0.874
-9.054599e-006,-0.874
-9.054349e-006,-0.874
-9.054099e-006,-0.874
-9.053849e-006,-0.874
-9.053599e-006,-0.874
-9.053349e-006,-0.874
-9.053099e-006,-0.874
-9.052849e-006,-0.874
-9.052599e-006,-0.874
-9.052349e-006,-0.874
-9.052099e-006,-0.874
-9.051849e-006,-0.874
-9.051599e-006,-0.874
-9.051349e-006,-0.874
-9.051099e-006,-0.874
-9.050849e-006,-0.874
-9.050599e-006,-0.874
-9.050349e-006,-0.874
-9.050099e-006,-0.875667
-9.049849e-006,-0.874
-9.049599e-006,-0.874
-9.049349e-006,-0.874
-9.049099e-006,-0.875667
-9.048849e-006,-0.874
-9.048599e-006,-0.874
-9.048349e-006,-0.874
-9.048099e-006,-0.875667
-9.047849e-006,-0.874
-9.047599e-006,-0.874
-9.047349e-006,-0.874
-9.047099e-006,-0.875667
-9.046849e-006,-0.874
-9.046599e-006,-0.874
-9.046349e-006,-0.874
-9.046099e-006,-0.875667
-9.045849e-006,-0.874
-9.045599e-006,-0.874
-9.045349e-006,-0.874
-9.045099e-006,-0.875667
-9.044849e-006,-0.874
-9.044599e-006,-0.874
-9.044349e-006,-0.874
-9.044099e-006,-0.875667
-9.043849e-006,-0.874
-9.043599e-006,-0.874
-9.043349e-006,-0.874
-9.043099e-006,-0.875667
-9.042849e-006,-0.874
-9.042599e-006,-0.874
-9.042349e-006,-0.874
-9.042099e-006,-0.875667
-9.041849e-006,-0.874
-9.041599e-006,-0.874
-9.041349e-006,-0.874
-9.041099e-006,-0.875667
-9.040849e-006,-0.874
-9.040599e-006,-0.874
-9.040349e-006,-0.874
-9.040099e-006,-0.875667
-9.039849e-006,-0.874
-9.039599e-006,-0.874
-9.039349e-006,-0.874
-9.039099e-006,-0.875667
-9.038849e-006,-0.874
-9.038599e-006,-0.874
-9.038349e-006,-0.874
-9.038099e-006,-0.875667
-9.037849e-006,-0.874
-9.037599e-006,-0.874
-9.037349e-006,-0.874
-9.037099e-006,-0.875667
-9.036849e-006,-0.874
-9.036599e-006,-0.874
-9.036349e-006,-0.874
-9.036099e-006,-0.875667
-9.035849e-006,-0.874
-9.035599e-006,-0.874
-9.035349e-006,-0.874
-9.035099e-006,-0.875667
-9.034849e-006,-0.874
-9.034599e-006,-0.874
-9.034349e-006,-0.874
-9.034099e-006,-0.875667
-9.033849e-006,-0.874
-9.033599e-006,-0.874
-9.033349e-006,-0.874
-9.033099e-006,-0.875667
-9.032849e-006,-0.874
-9.032599e-006,-0.874
-9.032349e-006,-0.874
-9.032099e-006,-0.875667
-9.031849e-006,-0.874
-9.031599e-006,-0.874
-9.031349e-006,-0.875667
-9.031099e-006,-0.875667
-9.030849e-006,-0.874
-9.030599e-006,-0.874
-9.030349e-006,-0.875667
-9.030099e-006,-0.875667
-9.029849e-006,-0.874
-9.029599e-006,-0.874
-9.029349e-006,-0.875667
-9.029099e-006,-0.875667
-9.028849e-006,-0.874
-9.028599e-006,-0.874
-9.028349e-006,-0.875667
-9.028099e-006,-0.874
-9.027849e-006,-0.874
-9.027599e-006,-0.874
-9.027349e-006,-0.875667
-9.027099e-006,-0.874
-9.026849e-006,-0.874
-9.026599e-006,-0.874
-9.026349e-006,-0.875667
-9.026099e-006,-0.875667
-9.025849e-006,-0.874
-9.025599e-006,-0.874
-9.025349e-006,-0.875667
-9.025099e-006,-0.875667
-9.024849e-006,-0.874
-9.024599e-006,-0.874
-9.024349e-006,-0.875667
-9.024099e-006,-0.875667
-9.023849e-006,-0.874
-9.023599e-006,-0.874
-9.023349e-006,-0.875667
-9.023099e-006,-0.875667
-9.022849e-006,-0.874
-9.022599e-006,-0.874
-9.022349e-006,-0.875667
-9.022099e-006,-0.875667
-9.021849e-006,-0.874
-9.021599e-006,-0.874
-9.021349e-006,-0.875667
-9.021099e-006,-0.875667
-9.020849e-006,-0.874
-9.020599e-006,-0.874
-9.020349e-006,-0.874
-9.020099e-006,-0.875667
-9.019849e-006,-0.874
-9.019599e-006,-0.874
-9.019349e-006,-0.874
-9.019099e-006,-0.875667
-9.018849e-006,-0.874
-9.018599e-006,-0.874
-9.018349e-006,-0.874
-9.018099e-006,-0.875667
-9.017849e-006,-0.874
-9.017599e-006,-0.874
-9.017349e-006,-0.874
-9.017099e-006,-0.875667
-9.016849e-006,-0.874
-9.016599e-006,-0.874
-9.016349e-006,-0.875667
-9.016099e-006,-0.875667
-9.015849e-006,-0.874
-9.015599e-006,-0.874
-9.015349e-006,-0.875667
-9.015099e-006,-0.875667
-9.014849e-006,-0.874
-9.014599e-006,-0.874
-9.014349e-006,-0.875667
-9.014099e-006,-0.875667
-9.013849e-006,-0.874
-9.013599e-006,-0.874
-9.013349e-006,-0.875667
-9.013099e-006,-0.875667
-9.012849e-006,-0.874
-9.012599e-006,-0.874
-9.012349e-006,-0.874
-9.012099e-006,-0.875667
-9.011849e-006,-0.874
-9.011599e-006,-0.874
-9.011349e-006,-0.874
-9.011099e-006,-0.875667
-9.010849e-006,-0.874
-9.010599e-006,-0.874
-9.010349e-006,-0.874
-9.010099e-006,-0.875667
-9.009849e-006,-0.874
-9.009599e-006,-0.874
-9.009349e-006,-0.874
-9.009099e-006,-0.875667
-9.008849e-006,-0.874
-9.008599e-006,-0.874
-9.008349e-006,-0.875667
-9.008099e-006,-0.875667
-9.007849e-006,-0.874
-9.007599e-006,-0.874
-9.007349e-006,-0.875667
-9.007099e-006,-0.875667
-9.006849e-006,-0.874
-9.006599e-006,-0.874
-9.006349e-006,-0.875667
-9.006099e-006,-0.875667
-9.005849e-006,-0.874
-9.005599e-006,-0.874
-9.005349e-006,-0.875667
-9.005099e-006,-0.875667
-9.004849e-006,-0.874
-9.004599e-006,-0.874
-9.004349e-006,-0.875667
-9.004099e-006,-0.875667
-9.003849e-006,-0.874
-9.003599e-006,-0.874
-9.003349e-006,-0.875667
-9.003099e-006,-0.875667
-9.002849e-006,-0.874
-9.002599e-006,-0.874
-9.002349e-006,-0.874
-9.002099e-006,-0.875667
-9.001849e-006,-0.874
-9.001599e-006,-0.874
-9.001349e-006,-0.874
-9.001099e-006,-0.875667
-9.000849e-006,-0.874
-9.000599e-006,-0.874
-9.000349e-006,-0.874
-9.000099e-006,-0.875667
-8.999849e-006,-0.874
-8.999599e-006,-0.874
-8.999349e-006,-0.875667
-8.999099e-006,-0.875667
-8.998849e-006,-0.874
-8.998599e-006,-0.874
-8.998349e-006,-0.875667
-8.998099e-006,-0.874
-8.997849e-006,-0.874
-8.997599e-006,-0.874
-8.997349e-006,-0.875667
-8.997099e-006,-0.875667
-8.996849e-006,-0.874
-8.996599e-006,-0.874
-8.996349e-006,-0.875667
-8.996099e-006,-0.875667
-8.995849e-006,-0.874
-8.995599e-006,-0.874
-8.995349e-006,-0.875667
-8.995099e-006,-0.875667
-8.994849e-006,-0.874
-8.994599e-006,-0.874
-8.994349e-006,-0.875667
-8.994099e-006,-0.875667
-8.993849e-006,-0.874
-8.993599e-006,-0.874
-8.993349e-006,-0.875667
-8.993099e-006,-0.875667
-8.992849e-006,-0.874
-8.992599e-006,-0.874
-8.992349e-006,-0.875667
-8.992099e-006,-0.875667
-8.991849e-006,-0.874
-8.991599e-006,-0.874
-8.991349e-006,-0.875667
-8.991099e-006,-0.875667
-8.990849e-006,-0.874
-8.990599e-006,-0.874
-8.990349e-006,-0.875667
-8.990099e-006,-0.875667
-8.989849e-006,-0.874
-8.989599e-006,-0.874
-8.989349e-006,-0.875667
-8.989099e-006,-0.875667
-8.988849e-006,-0.874
-8.988599e-006,-0.874
-8.988349e-006,-0.875667
-8.988099e-006,-0.875667
-8.987849e-006,-0.874
-8.987599e-006,-0.874
-8.987349e-006,-0.875667
-8.987099e-006,-0.875667
-8.986849e-006,-0.874
-8.986599e-006,-0.874
-8.986349e-006,-0.875667
-8.986099e-006,-0.875667
-8.985849e-006,-0.874
-8.985599e-006,-0.874
-8.985349e-006,-0.875667
-8.985099e-006,-0.875667
-8.984849e-006,-0.874
-8.984599e-006,-0.874
-8.984349e-006,-0.874
-8.984099e-006,-0.875667
-8.983849e-006,-0.874
-8.983599e-006,-0.874
-8.983349e-006,-0.874
-8.983099e-006,-0.875667
-8.982849e-006,-0.874
-8.982599e-006,-0.874
-8.982349e-006,-0.874
-8.982099e-006,-0.875667
-8.981849e-006,-0.874
-8.981599e-006,-0.874
-8.981349e-006,-0.874
-8.981099e-006,-0.875667
-8.980849e-006,-0.874
-8.980599e-006,-0.874
-8.980349e-006,-0.874
-8.980099e-006,-0.875667
-8.979849e-006,-0.874
-8.979599e-006,-0.874
-8.979349e-006,-0.874
-8.979099e-006,-0.875667
-8.978849e-006,-0.874
-8.978599e-006,-0.874
-8.978349e-006,-0.874
-8.978099e-006,-0.875667
-8.977849e-006,-0.874
-8.977599e-006,-0.874
-8.977349e-006,-0.875667
-8.977099e-006,-0.875667
-8.976849e-006,-0.874
-8.976599e-006,-0.874
-8.976349e-006,-0.875667
-8.976099e-006,-0.875667
-8.975849e-006,-0.874
-8.975599e-006,-0.874
-8.975349e-006,-0.875667
-8.975099e-006,-0.875667
-8.974849e-006,-0.874
-8.974599e-006,-0.874
-8.974349e-006,-0.875667
-8.974099e-006,-0.875667
-8.973849e-006,-0.874
-8.973599e-006,-0.874
-8.973349e-006,-0.875667
-8.973099e-006,-0.875667
-8.972849e-006,-0.874
-8.972599e-006,-0.874
-8.972349e-006,-0.875667
-8.972099e-006,-0.875667
-8.971849e-006,-0.874
-8.971599e-006,-0.874
-8.971349e-006,-0.875667
-8.971099e-006,-0.875667
-8.970849e-006,-0.874
-8.970599e-006,-0.874
-8.970349e-006,-0.875667
-8.970099e-006,-0.875667
-8.969849e-006,-0.874
-8.969599e-006,-0.874
-8.969349e-006,-0.875667
-8.969099e-006,-0.875667
-8.968849e-006,-0.874
-8.968599e-006,-0.874
-8.968349e-006,-0.875667
-8.968099e-006,-0.875667
-8.967849e-006,-0.874
-8.967599e-006,-0.874
-8.967349e-006,-0.875667
-8.967099e-006,-0.875667
-8.966849e-006,-0.874
-8.966599e-006,-0.874
-8.966349e-006,-0.875667
-8.966099e-006,-0.875667
-8.965849e-006,-0.874
-8.965599e-006,-0.874
-8.965349e-006,-0.875667
-8.965099e-006,-0.875667
-8.964849e-006,-0.874
-8.964599e-006,-0.874
-8.964349e-006,-0.875667
-8.964099e-006,-0.875667
-8.963849e-006,-0.874
-8.963599e-006,-0.874
-8.963349e-006,-0.874
-8.963099e-006,-0.875667
-8.962849e-006,-0.874
-8.962599e-006,-0.874
-8.962349e-006,-0.874
-8.962099e-006,-0.875667
-8.961849e-006,-0.874
-8.961599e-006,-0.874
-8.961349e-006,-0.874
-8.961099e-006,-0.875667
-8.960849e-006,-0.874
-8.960599e-006,-0.874
-8.960349e-006,-0.874
-8.960099e-006,-0.875667
-8.959849e-006,-0.874
-8.959599e-006,-0.874
-8.959349e-006,-0.874
-8.959099e-006,-0.875667
-8.958849e-006,-0.874
-8.958599e-006,-0.874
-8.958349e-006,-0.874
-8.958099e-006,-0.875667
-8.957849e-006,-0.874
-8.957599e-006,-0.874
-8.957349e-006,-0.874
-8.957099e-006,-0.875667
-8.956849e-006,-0.874
-8.956599e-006,-0.874
-8.956349e-006,-0.874
-8.956099e-006,-0.875667
-8.955849e-006,-0.874
-8.955599e-006,-0.874
-8.955349e-006,-0.874
-8.955099e-006,-0.875667
-8.954849e-006,-0.874
-8.954599e-006,-0.874
-8.954349e-006,-0.874
-8.954099e-006,-0.875667
-8.953849e-006,-0.874
-8.953599e-006,-0.874
-8.953349e-006,-0.875667
-8.953099e-006,-0.875667
-8.952849e-006,-0.874
-8.952599e-006,-0.874
-8.952349e-006,-0.875667
-8.952099e-006,-0.875667
-8.951849e-006,-0.874
-8.951599e-006,-0.874
-8.951349e-006,-0.874
-8.951099e-006,-0.874
-8.950849e-006,-0.874
-8.950599e-006,-0.874
-8.950349e-006,-0.874
-8.950099e-006,-0.874
-8.949849e-006,-0.874
-8.949599e-006,-0.874
-8.949349e-006,-0.874
-8.949099e-006,-0.874
-8.948849e-006,-0.874
-8.948599e-006,-0.874
-8.948349e-006,-0.874
-8.948099e-006,-0.875667
-8.947849e-006,-0.874
-8.947599e-006,-0.874
-8.947349e-006,-0.874
-8.947099e-006,-0.875667
-8.946849e-006,-0.874
-8.946599e-006,-0.874
-8.946349e-006,-0.874
-8.946099e-006,-0.875667
-8.945849e-006,-0.874
-8.945599e-006,-0.874
-8.945349e-006,-0.875667
-8.945099e-006,-0.875667
-8.944849e-006,-0.874
-8.944599e-006,-0.874
-8.944349e-006,-0.875667
-8.944099e-006,-0.875667
-8.943849e-006,-0.874
-8.943599e-006,-0.874
-8.943349e-006,-0.875667
-8.943099e-006,-0.875667
-8.942849e-006,-0.874
-8.942599e-006,-0.874
-8.942349e-006,-0.875667
-8.942099e-006,-0.875667
-8.941849e-006,-0.874
-8.941599e-006,-0.874
-8.941349e-006,-0.875667
-8.941099e-006,-0.875667
-8.940849e-006,-0.874
-8.940599e-006,-0.874
-8.940349e-006,-0.875667
-8.940099e-006,-0.875667
-8.939849e-006,-0.874
-8.939599e-006,-0.874
-8.939349e-006,-0.875667
-8.939099e-006,-0.875667
-8.938849e-006,-0.874
-8.938599e-006,-0.874
-8.938349e-006,-0.875667
-8.938099e-006,-0.875667
-8.937849e-006,-0.874
-8.937599e-006,-0.874
-8.937349e-006,-0.875667
-8.937099e-006,-0.875667
-8.936849e-006,-0.874
-8.936599e-006,-0.874
-8.936349e-006,-0.875667
-8.936099e-006,-0.875667
-8.935849e-006,-0.874
-8.935599e-006,-0.874
-8.935349e-006,-0.875667
-8.935099e-006,-0.875667
-8.934849e-006,-0.874
-8.934599e-006,-0.874
-8.934349e-006,-0.875667
-8.934099e-006,-0.874
-8.933849e-006,-0.874
-8.933599e-006,-0.874
-8.933349e-006,-0.875667
-8.933099e-006,-0.874
-8.932849e-006,-0.874
-8.932599e-006,-0.874
-8.932349e-006,-0.875667
-8.932099e-006,-0.874
-8.931849e-006,-0.874
-8.931599e-006,-0.874
-8.931349e-006,-0.874
-8.931099e-006,-0.874
-8.930849e-006,-0.874
-8.930599e-006,-0.874
-8.930349e-006,-0.874
-8.930099e-006,-0.874
-8.929849e-006,-0.874
-8.929599e-006,-0.874
-8.929349e-006,-0.874
-8.929099e-006,-0.874
-8.928849e-006,-0.874
-8.928599e-006,-0.874
-8.928349e-006,-0.874
-8.928099e-006,-0.874
-8.927849e-006,-0.874
-8.927599e-006,-0.874
-8.927349e-006,-0.874
-8.927099e-006,-0.874
-8.926849e-006,-0.874
-8.926599e-006,-0.874
-8.926349e-006,-0.874
-8.926099e-006,-0.874
-8.925849e-006,-0.874
-8.925599e-006,-0.874
-8.925349e-006,-0.874
-8.925099e-006,-0.875667
-8.924849e-006,-0.874
-8.924599e-006,-0.874
-8.924349e-006,-0.874
-8.924099e-006,-0.875667
-8.923849e-006,-0.874
-8.923599e-006,-0.874
-8.923349e-006,-0.875667
-8.923099e-006,-0.875667
-8.922849e-006,-0.874
-8.922599e-006,-0.874
-8.922349e-006,-0.875667
-8.922099e-006,-0.875667
-8.921849e-006,-0.874
-8.921599e-006,-0.874
-8.921349e-006,-0.875667
-8.921099e-006,-0.875667
-8.920849e-006,-0.874
-8.920599e-006,-0.874
-8.920349e-006,-0.875667
-8.920099e-006,-0.875667
-8.919849e-006,-0.874
-8.919599e-006,-0.874
-8.919349e-006,-0.875667
-8.919099e-006,-0.875667
-8.918849e-006,-0.874
-8.918599e-006,-0.874
-8.918349e-006,-0.875667
-8.918099e-006,-0.875667
-8.917849e-006,-0.874
-8.917599e-006,-0.874
-8.917349e-006,-0.875667
-8.917099e-006,-0.875667
-8.916849e-006,-0.874
-8.916599e-006,-0.874
-8.916349e-006,-0.874
-8.916099e-006,-0.875667
-8.915849e-006,-0.874
-8.915599e-006,-0.874
-8.915349e-006,-0.874
-8.915099e-006,-0.875667
-8.914849e-006,-0.874
-8.914599e-006,-0.874
-8.914349e-006,-0.874
-8.914099e-006,-0.875667
-8.913849e-006,-0.874
-8.913599e-006,-0.874
-8.913349e-006,-0.874
-8.913099e-006,-0.875667
-8.912849e-006,-0.874
-8.912599e-006,-0.874
-8.912349e-006,-0.874
-8.912099e-006,-0.875667
-8.911849e-006,-0.874
-8.911599e-006,-0.874
-8.911349e-006,-0.874
-8.911099e-006,-0.875667
-8.910849e-006,-0.874
-8.910599e-006,-0.874
-8.910349e-006,-0.874
-8.910099e-006,-0.875667
-8.909849e-006,-0.874
-8.909599e-006,-0.874
-8.909349e-006,-0.874
-8.909099e-006,-0.875667
-8.908849e-006,-0.874
-8.908599e-006,-0.874
-8.908349e-006,-0.875667
-8.908099e-006,-0.875667
-8.907849e-006,-0.874
-8.907599e-006,-0.874
-8.907349e-006,-0.875667
-8.907099e-006,-0.875667
-8.906849e-006,-0.874
-8.906599e-006,-0.874
-8.906349e-006,-0.875667
-8.906099e-006,-0.874
-8.905849e-006,-0.874
-8.905599e-006,-0.874
-8.905349e-006,-0.875667
-8.905099e-006,-0.875667
-8.904849e-006,-0.874
-8.904599e-006,-0.874
-8.904349e-006,-0.875667
-8.904099e-006,-0.875667
-8.903849e-006,-0.874
-8.903599e-006,-0.874
-8.903349e-006,-0.874
-8.903099e-006,-0.875667
-8.902849e-006,-0.874
-8.902599e-006,-0.874
-8.902349e-006,-0.874
-8.902099e-006,-0.874
-8.901849e-006,-0.874
-8.901599e-006,-0.874
-8.901349e-006,-0.874
-8.901099e-006,-0.874
-8.900849e-006,-0.875667
-8.900599e-006,-0.874
-8.900349e-006,-0.875667
-8.900099e-006,-0.875667
-8.899849e-006,-0.874
-8.899599e-006,-0.874
-8.899349e-006,-0.874
-8.899099e-006,-0.875667
-8.898849e-006,-0.874
-8.898599e-006,-0.874
-8.898349e-006,-0.874
-8.898099e-006,-0.875667
-8.897849e-006,-0.874
-8.897599e-006,-0.874
-8.897349e-006,-0.874
-8.897099e-006,-0.875667
-8.896849e-006,-0.874
-8.896599e-006,-0.874
-8.896349e-006,-0.874
-8.896099e-006,-0.875667
-8.895849e-006,-0.874
-8.895599e-006,-0.874
-8.895349e-006,-0.874
-8.895099e-006,-0.875667
-8.894849e-006,-0.874
-8.894599e-006,-0.874
-8.894349e-006,-0.874
-8.894099e-006,-0.875667
-8.893849e-006,-0.874
-8.893599e-006,-0.874
-8.893349e-006,-0.874
-8.893099e-006,-0.875667
-8.892849e-006,-0.874
-8.892599e-006,-0.874
-8.892349e-006,-0.874
-8.892099e-006,-0.875667
-8.891849e-006,-0.874
-8.891599e-006,-0.874
-8.891349e-006,-0.874
-8.891099e-006,-0.875667
-8.890849e-006,-0.874
-8.890599e-006,-0.874
-8.890349e-006,-0.874
-8.890099e-006,-0.875667
-8.889849e-006,-0.874
-8.889599e-006,-0.874
-8.889349e-006,-0.874
-8.889099e-006,-0.875667
-8.888849e-006,-0.874
-8.888599e-006,-0.874
-8.888349e-006,-0.874
-8.888099e-006,-0.875667
-8.887849e-006,-0.874
-8.887599e-006,-0.874
-8.887349e-006,-0.874
-8.887099e-006,-0.874
-8.886849e-006,-0.874
-8.886599e-006,-0.874
-8.886349e-006,-0.875667
-8.886099e-006,-0.874
-8.885849e-006,-0.874
-8.885599e-006,-0.874
-8.885349e-006,-0.875667
-8.885099e-006,-0.874
-8.884849e-006,-0.874
-8.884599e-006,-0.874
-8.884349e-006,-0.875667
-8.884099e-006,-0.874
-8.883849e-006,-0.874
-8.883599e-006,-0.874
-8.883349e-006,-0.875667
-8.883099e-006,-0.875667
-8.882849e-006,-0.874
-8.882599e-006,-0.874
-8.882349e-006,-0.875667
-8.882099e-006,-0.875667
-8.881849e-006,-0.874
-8.881599e-006,-0.874
-8.881349e-006,-0.875667
-8.881099e-006,-0.875667
-8.880849e-006,-0.874
-8.880599e-006,-0.874
-8.880349e-006,-0.875667
-8.880099e-006,-0.875667
-8.879849e-006,-0.874
-8.879599e-006,-0.874
-8.879349e-006,-0.875667
-8.879099e-006,-0.875667
-8.878849e-006,-0.874
-8.878599e-006,-0.874
-8.878349e-006,-0.875667
-8.878099e-006,-0.875667
-8.877849e-006,-0.874
-8.877599e-006,-0.874
-8.877349e-006,-0.875667
-8.877099e-006,-0.875667
-8.876849e-006,-0.874
-8.876599e-006,-0.874
-8.876349e-006,-0.875667
-8.876099e-006,-0.875667
-8.875849e-006,-0.874
-8.875599e-006,-0.874
-8.875349e-006,-0.875667
-8.875099e-006,-0.875667
-8.874849e-006,-0.874
-8.874599e-006,-0.874
-8.874349e-006,-0.875667
-8.874099e-006,-0.875667
-8.873849e-006,-0.874
-8.873599e-006,-0.874
-8.873349e-006,-0.875667
-8.873099e-006,-0.875667
-8.872849e-006,-0.874
-8.872599e-006,-0.874
-8.872349e-006,-0.875667
-8.872099e-006,-0.875667
-8.871849e-006,-0.874
-8.871599e-006,-0.874
-8.871349e-006,-0.875667
-8.871099e-006,-0.875667
-8.870849e-006,-0.874
-8.870599e-006,-0.874
-8.870349e-006,-0.875667
-8.870099e-006,-0.875667
-8.869849e-006,-0.874
-8.869599e-006,-0.874
-8.869349e-006,-0.875667
-8.869099e-006,-0.875667
-8.868849e-006,-0.874
-8.868599e-006,-0.874
-8.868349e-006,-0.875667
-8.868099e-006,-0.875667
-8.867849e-006,-0.874
-8.867599e-006,-0.874
-8.867349e-006,-0.875667
-8.867099e-006,-0.875667
-8.866849e-006,-0.874
-8.866599e-006,-0.874
-8.866349e-006,-0.875667
-8.866099e-006,-0.875667
-8.865849e-006,-0.874
-8.865599e-006,-0.874
-8.865349e-006,-0.875667
-8.865099e-006,-0.874
-8.864849e-006,-0.874
-8.864599e-006,-0.874
-8.864349e-006,-0.875667
-8.864099e-006,-0.874
-8.863849e-006,-0.874
-8.863599e-006,-0.874
-8.863349e-006,-0.874
-8.863099e-006,-0.874
-8.862849e-006,-0.874
-8.862599e-006,-0.874
-8.862349e-006,-0.874
-8.862099e-006,-0.874
-8.861849e-006,-0.874
-8.861599e-006,-0.874
-8.861349e-006,-0.874
-8.861099e-006,-0.874
-8.860849e-006,-0.874
-8.860599e-006,-0.874
-8.860349e-006,-0.874
-8.860099e-006,-0.874
-8.859849e-006,-0.874
-8.859599e-006,-0.874
-8.859349e-006,-0.874
-8.859099e-006,-0.874
-8.858849e-006,-0.874
-8.858599e-006,-0.874
-8.858349e-006,-0.875667
-8.858099e-006,-0.875667
-8.857849e-006,-0.874
-8.857599e-006,-0.874
-8.857349e-006,-0.875667
-8.857099e-006,-0.875667
-8.856849e-006,-0.874
-8.856599e-006,-0.874
-8.856349e-006,-0.875667
-8.856099e-006,-0.875667
-8.855849e-006,-0.874
-8.855599e-006,-0.874
-8.855349e-006,-0.875667
-8.855099e-006,-0.875667
-8.854849e-006,-0.874
-8.854599e-006,-0.874
-8.854349e-006,-0.875667
-8.854099e-006,-0.875667
-8.853849e-006,-0.874
-8.853599e-006,-0.874
-8.853349e-006,-0.875667
-8.853099e-006,-0.875667
-8.852849e-006,-0.874
-8.852599e-006,-0.874
-8.852349e-006,-0.874
-8.852099e-006,-0.875667
-8.851849e-006,-0.874
-8.851599e-006,-0.874
-8.851349e-006,-0.875667
-8.851099e-006,-0.875667
-8.850849e-006,-0.874
-8.850599e-006,-0.874
-8.850349e-006,-0.875667
-8.850099e-006,-0.875667
-8.849849e-006,-0.874
-8.849599e-006,-0.874
-8.849349e-006,-0.875667
-8.849099e-006,-0.875667
-8.848849e-006,-0.874
-8.848599e-006,-0.874
-8.848349e-006,-0.875667
-8.848099e-006,-0.875667
-8.847849e-006,-0.874
-8.847599e-006,-0.874
-8.847349e-006,-0.875667
-8.847099e-006,-0.875667
-8.846849e-006,-0.874
-8.846599e-006,-0.874
-8.846349e-006,-0.875667
-8.846099e-006,-0.875667
-8.845849e-006,-0.874
-8.845599e-006,-0.874
-8.845349e-006,-0.875667
-8.845099e-006,-0.875667
-8.844849e-006,-0.874
-8.844599e-006,-0.874
-8.844349e-006,-0.875667
-8.844099e-006,-0.875667
-8.843849e-006,-0.874
-8.843599e-006,-0.874
-8.843349e-006,-0.875667
-8.843099e-006,-0.875667
-8.842849e-006,-0.874
-8.842599e-006,-0.874
-8.842349e-006,-0.875667
-8.842099e-006,-0.875667
-8.841849e-006,-0.874
-8.841599e-006,-0.874
-8.841349e-006,-0.875667
-8.841099e-006,-0.875667
-8.840849e-006,-0.874
-8.840599e-006,-0.874
-8.840349e-006,-0.875667
-8.840099e-006,-0.875667
-8.839849e-006,-0.874
-8.839599e-006,-0.874
-8.839349e-006,-0.875667
-8.839099e-006,-0.875667
-8.838849e-006,-0.874
-8.838599e-006,-0.874
-8.838349e-006,-0.875667
-8.838099e-006,-0.875667
-8.837849e-006,-0.874
-8.837599e-006,-0.874
-8.837349e-006,-0.875667
-8.837099e-006,-0.875667
-8.836849e-006,-0.874
-8.836599e-006,-0.874
-8.836349e-006,-0.875667
-8.836099e-006,-0.875667
-8.835849e-006,-0.874
-8.835599e-006,-0.874
-8.835349e-006,-0.875667
-8.835099e-006,-0.875667
-8.834849e-006,-0.874
-8.834599e-006,-0.874
-8.834349e-006,-0.875667
-8.834099e-006,-0.875667
-8.833849e-006,-0.874
-8.833599e-006,-0.874
-8.833349e-006,-0.874
-8.833099e-006,-0.874
-8.832849e-006,-0.874
-8.832599e-006,-0.874
-8.832349e-006,-0.875667
-8.832099e-006,-0.874
-8.831849e-006,-0.874
-8.831599e-006,-0.874
-8.831349e-006,-0.875667
-8.831099e-006,-0.875667
-8.830849e-006,-0.874
-8.830599e-006,-0.874
-8.830349e-006,-0.875667
-8.830099e-006,-0.875667
-8.829849e-006,-0.874
-8.829599e-006,-0.874
-8.829349e-006,-0.875667
-8.829099e-006,-0.875667
-8.828849e-006,-0.874
-8.828599e-006,-0.874
-8.828349e-006,-0.875667
-8.828099e-006,-0.875667
-8.827849e-006,-0.874
-8.827599e-006,-0.874
-8.827349e-006,-0.875667
-8.827099e-006,-0.875667
-8.826849e-006,-0.874
-8.826599e-006,-0.874
-8.826349e-006,-0.875667
-8.826099e-006,-0.875667
-8.825849e-006,-0.874
-8.825599e-006,-0.874
-8.825349e-006,-0.875667
-8.825099e-006,-0.875667
-8.824849e-006,-0.874
-8.824599e-006,-0.874
-8.824349e-006,-0.875667
-8.824099e-006,-0.875667
-8.823849e-006,-0.874
-8.823599e-006,-0.874
-8.823349e-006,-0.875667
-8.823099e-006,-0.875667
-8.822849e-006,-0.874
-8.822599e-006,-0.874
-8.822349e-006,-0.875667
-8.822099e-006,-0.875667
-8.821849e-006,-0.874
-8.821599e-006,-0.874
-8.821349e-006,-0.875667
-8.821099e-006,-0.875667
-8.820849e-006,-0.874
-8.820599e-006,-0.874
-8.820349e-006,-0.875667
-8.820099e-006,-0.875667
-8.819849e-006,-0.874
-8.819599e-006,-0.874
-8.819349e-006,-0.874
-8.819099e-006,-0.875667
-8.818849e-006,-0.874
-8.818599e-006,-0.874
-8.818349e-006,-0.874
-8.818099e-006,-0.875667
-8.817849e-006,-0.874
-8.817599e-006,-0.874
-8.817349e-006,-0.875667
-8.817099e-006,-0.875667
-8.816849e-006,-0.874
-8.816599e-006,-0.874
-8.816349e-006,-0.875667
-8.816099e-006,-0.875667
-8.815849e-006,-0.874
-8.815599e-006,-0.874
-8.815349e-006,-0.875667
-8.815099e-006,-0.875667
-8.814849e-006,-0.874
-8.814599e-006,-0.874
-8.814349e-006,-0.875667
-8.814099e-006,-0.875667
-8.813849e-006,-0.874
-8.813599e-006,-0.874
-8.813349e-006,-0.875667
-8.813099e-006,-0.875667
-8.812849e-006,-0.874
-8.812599e-006,-0.874
-8.812349e-006,-0.874
-8.812099e-006,-0.875667
-8.811849e-006,-0.874
-8.811599e-006,-0.874
-8.811349e-006,-0.874
-8.811099e-006,-0.875667
-8.810849e-006,-0.874
-8.810599e-006,-0.874
-8.810349e-006,-0.874
-8.810099e-006,-0.875667
-8.809849e-006,-0.874
-8.809599e-006,-0.874
-8.809349e-006,-0.875667
-8.809099e-006,-0.875667
-8.808849e-006,-0.874
-8.808599e-006,-0.874
-8.808349e-006,-0.875667
-8.808099e-006,-0.875667
-8.807849e-006,-0.874
-8.807599e-006,-0.874
-8.807349e-006,-0.875667
-8.807099e-006,-0.875667
-8.806849e-006,-0.874
-8.806599e-006,-0.874
-8.806349e-006,-0.874
-8.806099e-006,-0.875667
-8.805849e-006,-0.874
-8.805599e-006,-0.874
-8.805349e-006,-0.875667
-8.805099e-006,-0.875667
-8.804849e-006,-0.874
-8.804599e-006,-0.874
-8.804349e-006,-0.875667
-8.804099e-006,-0.875667
-8.803849e-006,-0.874
-8.803599e-006,-0.874
-8.803349e-006,-0.875667
-8.803099e-006,-0.875667
-8.802849e-006,-0.874
-8.802599e-006,-0.874
-8.802349e-006,-0.875667
-8.802099e-006,-0.875667
-8.801849e-006,-0.874
-8.801599e-006,-0.874
-8.801349e-006,-0.875667
-8.801099e-006,-0.875667
-8.800849e-006,-0.874
-8.800599e-006,-0.874
-8.800349e-006,-0.875667
-8.800099e-006,-0.875667
-8.799849e-006,-0.874
-8.799599e-006,-0.874
-8.799349e-006,-0.875667
-8.799099e-006,-0.875667
-8.798849e-006,-0.874
-8.798599e-006,-0.874
-8.798349e-006,-0.875667
-8.798099e-006,-0.875667
-8.797849e-006,-0.874
-8.797599e-006,-0.874
-8.797349e-006,-0.875667
-8.797099e-006,-0.875667
-8.796849e-006,-0.874
-8.796599e-006,-0.874
-8.796349e-006,-0.875667
-8.796099e-006,-0.875667
-8.795849e-006,-0.874
-8.795599e-006,-0.874
-8.795349e-006,-0.875667
-8.795099e-006,-0.875667
-8.794849e-006,-0.874
-8.794599e-006,-0.874
-8.794349e-006,-0.875667
-8.794099e-006,-0.875667
-8.793849e-006,-0.874
-8.793599e-006,-0.874
-8.793349e-006,-0.875667
-8.793099e-006,-0.875667
-8.792849e-006,-0.874
-8.792599e-006,-0.874
-8.792349e-006,-0.875667
-8.792099e-006,-0.875667
-8.791849e-006,-0.874
-8.791599e-006,-0.874
-8.791349e-006,-0.875667
-8.791099e-006,-0.875667
-8.790849e-006,-0.874
-8.790599e-006,-0.874
-8.790349e-006,-0.875667
-8.790099e-006,-0.875667
-8.789849e-006,-0.874
-8.789599e-006,-0.874
-8.789349e-006,-0.875667
-8.789099e-006,-0.875667
-8.788849e-006,-0.874
-8.788599e-006,-0.874
-8.788349e-006,-0.874
-8.788099e-006,-0.875667
-8.787849e-006,-0.874
-8.787599e-006,-0.874
-8.787349e-006,-0.874
-8.787099e-006,-0.875667
-8.786849e-006,-0.874
-8.786599e-006,-0.874
-8.786349e-006,-0.874
-8.786099e-006,-0.875667
-8.785849e-006,-0.874
-8.785599e-006,-0.874
-8.785349e-006,-0.874
-8.785099e-006,-0.875667
-8.784849e-006,-0.874
-8.784599e-006,-0.874
-8.784349e-006,-0.875667
-8.784099e-006,-0.875667
-8.783849e-006,-0.874
-8.783599e-006,-0.874
-8.783349e-006,-0.875667
-8.783099e-006,-0.875667
-8.782849e-006,-0.874
-8.782599e-006,-0.874
-8.782349e-006,-0.875667
-8.782099e-006,-0.875667
-8.781849e-006,-0.874
-8.781599e-006,-0.874
-8.781349e-006,-0.875667
-8.781099e-006,-0.875667
-8.780849e-006,-0.874
-8.780599e-006,-0.874
-8.780349e-006,-0.875667
-8.780099e-006,-0.875667
-8.779849e-006,-0.874
-8.779599e-006,-0.874
-8.779349e-006,-0.874
-8.779099e-006,-0.875667
-8.778849e-006,-0.874
-8.778599e-006,-0.874
-8.778349e-006,-0.874
-8.778099e-006,-0.875667
-8.777849e-006,-0.874
-8.777599e-006,-0.874
-8.777349e-006,-0.874
-8.777099e-006,-0.875667
-8.776849e-006,-0.874
-8.776599e-006,-0.874
-8.776349e-006,-0.874
-8.776099e-006,-0.874
-8.775849e-006,-0.874
-8.775599e-006,-0.874
-8.775349e-006,-0.874
-8.775099e-006,-0.875667
-8.774849e-006,-0.874
-8.774599e-006,-0.874
-8.774349e-006,-0.874
-8.774099e-006,-0.875667
-8.773849e-006,-0.874
-8.773599e-006,-0.874
-8.773349e-006,-0.874
-8.773099e-006,-0.875667
-8.772849e-006,-0.874
-8.772599e-006,-0.874
-8.772349e-006,-0.874
-8.772099e-006,-0.875667
-8.771849e-006,-0.874
-8.771599e-006,-0.874
-8.771349e-006,-0.874
-8.771099e-006,-0.875667
-8.770849e-006,-0.874
-8.770599e-006,-0.874
-8.770349e-006,-0.874
-8.770099e-006,-0.875667
-8.769849e-006,-0.874
-8.769599e-006,-0.874
-8.769349e-006,-0.874
-8.769099e-006,-0.875667
-8.768849e-006,-0.874
-8.768599e-006,-0.874
-8.768349e-006,-0.875667
-8.768099e-006,-0.875667
-8.767849e-006,-0.874
-8.767599e-006,-0.874
-8.767349e-006,-0.874
-8.767099e-006,-0.875667
-8.766849e-006,-0.874
-8.766599e-006,-0.874
-8.766349e-006,-0.874
-8.766099e-006,-0.875667
-8.765849e-006,-0.874
-8.765599e-006,-0.874
-8.765349e-006,-0.874
-8.765099e-006,-0.875667
-8.764849e-006,-0.874
-8.764599e-006,-0.874
-8.764349e-006,-0.874
-8.764099e-006,-0.875667
-8.763849e-006,-0.874
-8.763599e-006,-0.874
-8.763349e-006,-0.874
-8.763099e-006,-0.875667
-8.762849e-006,-0.874
-8.762599e-006,-0.874
-8.762349e-006,-0.874
-8.762099e-006,-0.875667
-8.761849e-006,-0.874
-8.761599e-006,-0.874
-8.761349e-006,-0.874
-8.761099e-006,-0.875667
-8.760849e-006,-0.874
-8.760599e-006,-0.874
-8.760349e-006,-0.874
-8.760099e-006,-0.875667
-8.759849e-006,-0.874
-8.759599e-006,-0.874
-8.759349e-006,-0.875667
-8.759099e-006,-0.875667
-8.758849e-006,-0.874
-8.758599e-006,-0.874
-8.758349e-006,-0.875667
-8.758099e-006,-0.875667
-8.757849e-006,-0.874
-8.757599e-006,-0.874
-8.757349e-006,-0.875667
-8.757099e-006,-0.875667
-8.756849e-006,-0.874
-8.756599e-006,-0.874
-8.756349e-006,-0.875667
-8.756099e-006,-0.875667
-8.755849e-006,-0.874
-8.755599e-006,-0.874
-8.755349e-006,-0.875667
-8.755099e-006,-0.875667
-8.754849e-006,-0.874
-8.754599e-006,-0.874
-8.754349e-006,-0.874
-8.754099e-006,-0.875667
-8.753849e-006,-0.874
-8.753599e-006,-0.874
-8.753349e-006,-0.874
-8.753099e-006,-0.875667
-8.752849e-006,-0.874
-8.752599e-006,-0.874
-8.752349e-006,-0.874
-8.752099e-006,-0.875667
-8.751849e-006,-0.874
-8.751599e-006,-0.874
-8.751349e-006,-0.874
-8.751099e-006,-0.875667
-8.750849e-006,-0.874
-8.750599e-006,-0.874
-8.750349e-006,-0.874
-8.750099e-006,-0.875667
-8.749849e-006,-0.874
-8.749599e-006,-0.874
-8.749349e-006,-0.874
-8.749099e-006,-0.875667
-8.748849e-006,-0.874
-8.748599e-006,-0.874
-8.748349e-006,-0.874
-8.748099e-006,-0.875667
-8.747849e-006,-0.874
-8.747599e-006,-0.874
-8.747349e-006,-0.874
-8.747099e-006,-0.875667
-8.746849e-006,-0.874
-8.746599e-006,-0.874
-8.746349e-006,-0.874
-8.746099e-006,-0.875667
-8.745849e-006,-0.874
-8.745599e-006,-0.874
-8.745349e-006,-0.874
-8.745099e-006,-0.875667
-8.744849e-006,-0.874
-8.744599e-006,-0.874
-8.744349e-006,-0.874
-8.744099e-006,-0.875667
-8.743849e-006,-0.874
-8.743599e-006,-0.874
-8.743349e-006,-0.874
-8.743099e-006,-0.875667
-8.742849e-006,-0.874
-8.742599e-006,-0.874
-8.742349e-006,-0.874
-8.742099e-006,-0.874
-8.741849e-006,-0.874
-8.741599e-006,-0.874
-8.741349e-006,-0.874
-8.741099e-006,-0.874
-8.740849e-006,-0.874
-8.740599e-006,-0.874
-8.740349e-006,-0.874
-8.740099e-006,-0.874
-8.739849e-006,-0.874
-8.739599e-006,-0.874
-8.739349e-006,-0.874
-8.739099e-006,-0.874
-8.738849e-006,-0.874
-8.738599e-006,-0.874
-8.738349e-006,-0.875667
-8.738099e-006,-0.875667
-8.737849e-006,-0.874
-8.737599e-006,-0.874
-8.737349e-006,-0.875667
-8.737099e-006,-0.875667
-8.736849e-006,-0.874
-8.736599e-006,-0.874
-8.736349e-006,-0.875667
-8.736099e-006,-0.875667
-8.735849e-006,-0.874
-8.735599e-006,-0.874
-8.735349e-006,-0.875667
-8.735099e-006,-0.875667
-8.734849e-006,-0.874
-8.734599e-006,-0.874
-8.734349e-006,-0.875667
-8.734099e-006,-0.875667
-8.733849e-006,-0.874
-8.733599e-006,-0.874
-8.733349e-006,-0.875667
-8.733099e-006,-0.875667
-8.732849e-006,-0.874
-8.732599e-006,-0.874
-8.732349e-006,-0.875667
-8.732099e-006,-0.875667
-8.731849e-006,-0.874
-8.731599e-006,-0.874
-8.731349e-006,-0.875667
-8.731099e-006,-0.875667
-8.730849e-006,-0.874
-8.730599e-006,-0.874
-8.730349e-006,-0.875667
-8.730099e-006,-0.875667
-8.729849e-006,-0.874
-8.729599e-006,-0.874
-8.729349e-006,-0.875667
-8.729099e-006,-0.875667
-8.728849e-006,-0.874
-8.728599e-006,-0.874
-8.728349e-006,-0.875667
-8.728099e-006,-0.875667
-8.727849e-006,-0.874
-8.727599e-006,-0.874
-8.727349e-006,-0.875667
-8.727099e-006,-0.875667
-8.726849e-006,-0.874
-8.726599e-006,-0.874
-8.726349e-006,-0.875667
-8.726099e-006,-0.875667
-8.725849e-006,-0.874
-8.725599e-006,-0.874
-8.725349e-006,-0.875667
-8.725099e-006,-0.875667
-8.724849e-006,-0.874
-8.724599e-006,-0.874
-8.724349e-006,-0.875667
-8.724099e-006,-0.875667
-8.723849e-006,-0.874
-8.723599e-006,-0.874
-8.723349e-006,-0.875667
-8.723099e-006,-0.875667
-8.722849e-006,-0.874
-8.722599e-006,-0.874
-8.722349e-006,-0.875667
-8.722099e-006,-0.875667
-8.721849e-006,-0.874
-8.721599e-006,-0.874
-8.721349e-006,-0.875667
-8.721099e-006,-0.875667
-8.720849e-006,-0.874
-8.720599e-006,-0.874
-8.720349e-006,-0.875667
-8.720099e-006,-0.875667
-8.719849e-006,-0.874
-8.719599e-006,-0.874
-8.719349e-006,-0.875667
-8.719099e-006,-0.875667
-8.718849e-006,-0.874
-8.718599e-006,-0.874
-8.718349e-006,-0.875667
-8.718099e-006,-0.875667
-8.717849e-006,-0.874
-8.717599e-006,-0.874
-8.717349e-006,-0.874
-8.717099e-006,-0.875667
-8.716849e-006,-0.874
-8.716599e-006,-0.874
-8.716349e-006,-0.874
-8.716099e-006,-0.875667
-8.715849e-006,-0.874
-8.715599e-006,-0.874
-8.715349e-006,-0.874
-8.715099e-006,-0.875667
-8.714849e-006,-0.874
-8.714599e-006,-0.874
-8.714349e-006,-0.874
-8.714099e-006,-0.875667
-8.713849e-006,-0.874
-8.713599e-006,-0.874
-8.713349e-006,-0.875667
-8.713099e-006,-0.875667
-8.712849e-006,-0.874
-8.712599e-006,-0.874
-8.712349e-006,-0.875667
-8.712099e-006,-0.875667
-8.711849e-006,-0.874
-8.711599e-006,-0.874
-8.711349e-006,-0.875667
-8.711099e-006,-0.875667
-8.710849e-006,-0.874
-8.710599e-006,-0.874
-8.710349e-006,-0.875667
-8.710099e-006,-0.875667
-8.709849e-006,-0.874
-8.709599e-006,-0.874
-8.709349e-006,-0.875667
-8.709099e-006,-0.875667
-8.708849e-006,-0.874
-8.708599e-006,-0.874
-8.708349e-006,-0.875667
-8.708099e-006,-0.875667
-8.707849e-006,-0.874
-8.707599e-006,-0.874
-8.707349e-006,-0.875667
-8.707099e-006,-0.875667
-8.706849e-006,-0.874
-8.706599e-006,-0.874
-8.706349e-006,-0.875667
-8.706099e-006,-0.875667
-8.705849e-006,-0.874
-8.705599e-006,-0.874
-8.705349e-006,-0.875667
-8.705099e-006,-0.875667
-8.704849e-006,-0.874
-8.704599e-006,-0.874
-8.704349e-006,-0.875667
-8.704099e-006,-0.875667
-8.703849e-006,-0.874
-8.703599e-006,-0.874
-8.703349e-006,-0.875667
-8.703099e-006,-0.875667
-8.702849e-006,-0.874
-8.702599e-006,-0.874
-8.702349e-006,-0.875667
-8.702099e-006,-0.875667
-8.701849e-006,-0.874
-8.701599e-006,-0.874
-8.701349e-006,-0.875667
-8.701099e-006,-0.875667
-8.700849e-006,-0.874
-8.700599e-006,-0.874
-8.700349e-006,-0.875667
-8.700099e-006,-0.875667
-8.699849e-006,-0.874
-8.699599e-006,-0.874
-8.699349e-006,-0.875667
-8.699099e-006,-0.875667
-8.698849e-006,-0.874
-8.698599e-006,-0.874
-8.698349e-006,-0.875667
-8.698099e-006,-0.875667
-8.697849e-006,-0.874
-8.697599e-006,-0.874
-8.697349e-006,-0.874
-8.697099e-006,-0.875667
-8.696849e-006,-0.874
-8.696599e-006,-0.874
-8.696349e-006,-0.875667
-8.696099e-006,-0.875667
-8.695849e-006,-0.874
-8.695599e-006,-0.874
-8.695349e-006,-0.875667
-8.695099e-006,-0.875667
-8.694849e-006,-0.874
-8.694599e-006,-0.874
-8.694349e-006,-0.875667
-8.694099e-006,-0.875667
-8.693849e-006,-0.874
-8.693599e-006,-0.874
-8.693349e-006,-0.875667
-8.693099e-006,-0.875667
-8.692849e-006,-0.874
-8.692599e-006,-0.874
-8.692349e-006,-0.875667
-8.692099e-006,-0.875667
-8.691849e-006,-0.874
-8.691599e-006,-0.874
-8.691349e-006,-0.875667
-8.691099e-006,-0.875667
-8.690849e-006,-0.874
-8.690599e-006,-0.874
-8.690349e-006,-0.875667
-8.690099e-006,-0.875667
-8.689849e-006,-0.874
-8.689599e-006,-0.874
-8.689349e-006,-0.875667
-8.689099e-006,-0.875667
-8.688849e-006,-0.874
-8.688599e-006,-0.874
-8.688349e-006,-0.875667
-8.688099e-006,-0.875667
-8.687849e-006,-0.874
-8.687599e-006,-0.874
-8.687349e-006,-0.875667
-8.687099e-006,-0.875667
-8.686849e-006,-0.874
-8.686599e-006,-0.874
-8.686349e-006,-0.875667
-8.686099e-006,-0.875667
-8.685849e-006,-0.874
-8.685599e-006,-0.874
-8.685349e-006,-0.875667
-8.685099e-006,-0.875667
-8.684849e-006,-0.874
-8.684599e-006,-0.874
-8.684349e-006,-0.875667
-8.684099e-006,-0.875667
-8.683849e-006,-0.874
-8.683599e-006,-0.874
-8.683349e-006,-0.875667
-8.683099e-006,-0.875667
-8.682849e-006,-0.874
-8.682599e-006,-0.874
-8.682349e-006,-0.875667
-8.682099e-006,-0.875667
-8.681849e-006,-0.874
-8.681599e-006,-0.874
-8.681349e-006,-0.875667
-8.681099e-006,-0.875667
-8.680849e-006,-0.874
-8.680599e-006,-0.874
-8.680349e-006,-0.875667
-8.680099e-006,-0.875667
-8.679849e-006,-0.874
-8.679599e-006,-0.874
-8.679349e-006,-0.875667
-8.679099e-006,-0.875667
-8.678849e-006,-0.874
-8.678599e-006,-0.874
-8.678349e-006,-0.875667
-8.678099e-006,-0.875667
-8.677849e-006,-0.874
-8.677599e-006,-0.874
-8.677349e-006,-0.875667
-8.677099e-006,-0.875667
-8.676849e-006,-0.874
-8.676599e-006,-0.874
-8.676349e-006,-0.875667
-8.676099e-006,-0.875667
-8.675849e-006,-0.874
-8.675599e-006,-0.874
-8.675349e-006,-0.875667
-8.675099e-006,-0.875667
-8.674849e-006,-0.874
-8.674599e-006,-0.874
-8.674349e-006,-0.875667
-8.674099e-006,-0.875667
-8.673849e-006,-0.874
-8.673599e-006,-0.874
-8.673349e-006,-0.874
-8.673099e-006,-0.875667
-8.672849e-006,-0.874
-8.672599e-006,-0.874
-8.672349e-006,-0.874
-8.672099e-006,-0.875667
-8.671849e-006,-0.874
-8.671599e-006,-0.874
-8.671349e-006,-0.874
-8.671099e-006,-0.875667
-8.670849e-006,-0.874
-8.670599e-006,-0.874
-8.670349e-006,-0.874
-8.670099e-006,-0.875667
-8.669849e-006,-0.874
-8.669599e-006,-0.874
-8.669349e-006,-0.874
-8.669099e-006,-0.875667
-8.668849e-006,-0.874
-8.668599e-006,-0.874
-8.668349e-006,-0.874
-8.668099e-006,-0.875667
-8.667849e-006,-0.874
-8.667599e-006,-0.874
-8.667349e-006,-0.874
-8.667099e-006,-0.875667
-8.666849e-006,-0.874
-8.666599e-006,-0.874
-8.666349e-006,-0.874
-8.666099e-006,-0.875667
-8.665849e-006,-0.874
-8.665599e-006,-0.874
-8.665349e-006,-0.874
-8.665099e-006,-0.875667
-8.664849e-006,-0.874
-8.664599e-006,-0.874
-8.664349e-006,-0.874
-8.664099e-006,-0.875667
-8.663849e-006,-0.874
-8.663599e-006,-0.874
-8.663349e-006,-0.874
-8.663099e-006,-0.875667
-8.662849e-006,-0.874
-8.662599e-006,-0.874
-8.662349e-006,-0.875667
-8.662099e-006,-0.875667
-8.661849e-006,-0.874
-8.661599e-006,-0.874
-8.661349e-006,-0.875667
-8.661099e-006,-0.875667
-8.660849e-006,-0.874
-8.660599e-006,-0.874
-8.660349e-006,-0.875667
-8.660099e-006,-0.875667
-8.659849e-006,-0.874
-8.659599e-006,-0.874
-8.659349e-006,-0.875667
-8.659099e-006,-0.875667
-8.658849e-006,-0.874
-8.658599e-006,-0.874
-8.658349e-006,-0.875667
-8.658099e-006,-0.875667
-8.657849e-006,-0.874
-8.657599e-006,-0.874
-8.657349e-006,-0.875667
-8.657099e-006,-0.875667
-8.656849e-006,-0.874
-8.656599e-006,-0.874
-8.656349e-006,-0.874
-8.656099e-006,-0.875667
-8.655849e-006,-0.874
-8.655599e-006,-0.874
-8.655349e-006,-0.874
-8.655099e-006,-0.875667
-8.654849e-006,-0.874
-8.654599e-006,-0.874
-8.654349e-006,-0.875667
-8.654099e-006,-0.875667
-8.653849e-006,-0.874
-8.653599e-006,-0.874
-8.653349e-006,-0.875667
-8.653099e-006,-0.875667
-8.652849e-006,-0.874
-8.652599e-006,-0.874
-8.652349e-006,-0.875667
-8.652099e-006,-0.875667
-8.651849e-006,-0.874
-8.651599e-006,-0.874
-8.651349e-006,-0.875667
-8.651099e-006,-0.875667
-8.650849e-006,-0.874
-8.650599e-006,-0.874
-8.650349e-006,-0.875667
-8.650099e-006,-0.875667
-8.649849e-006,-0.874
-8.649599e-006,-0.874
-8.649349e-006,-0.875667
-8.649099e-006,-0.875667
-8.648849e-006,-0.874
-8.648599e-006,-0.874
-8.648349e-006,-0.875667
-8.648099e-006,-0.875667
-8.647849e-006,-0.874
-8.647599e-006,-0.874
-8.647349e-006,-0.875667
-8.647099e-006,-0.875667
-8.646849e-006,-0.874
-8.646599e-006,-0.874
-8.646349e-006,-0.874
-8.646099e-006,-0.875667
-8.645849e-006,-0.874
-8.645599e-006,-0.874
-8.645349e-006,-0.874
-8.645099e-006,-0.875667
-8.644849e-006,-0.874
-8.644599e-006,-0.874
-8.644349e-006,-0.874
-8.644099e-006,-0.875667
-8.643849e-006,-0.874
-8.643599e-006,-0.874
-8.643349e-006,-0.874
-8.643099e-006,-0.875667
-8.642849e-006,-0.874
-8.642599e-006,-0.874
-8.642349e-006,-0.874
-8.642099e-006,-0.875667
-8.641849e-006,-0.874
-8.641599e-006,-0.874
-8.641349e-006,-0.874
-8.641099e-006,-0.874
-8.640849e-006,-0.874
-8.640599e-006,-0.874
-8.640349e-006,-0.874
-8.640099e-006,-0.875667
-8.639849e-006,-0.874
-8.639599e-006,-0.874
-8.639349e-006,-0.874
-8.639099e-006,-0.875667
-8.638849e-006,-0.874
-8.638599e-006,-0.874
-8.638349e-006,-0.874
-8.638099e-006,-0.874
-8.637849e-006,-0.874
-8.637599e-006,-0.874
-8.637349e-006,-0.874
-8.637099e-006,-0.874
-8.636849e-006,-0.874
-8.636599e-006,-0.874
-8.636349e-006,-0.874
-8.636099e-006,-0.874
-8.635849e-006,-0.874
-8.635599e-006,-0.874
-8.635349e-006,-0.874
-8.635099e-006,-0.874
-8.634849e-006,-0.874
-8.634599e-006,-0.874
-8.634349e-006,-0.874
-8.634099e-006,-0.875667
-8.633849e-006,-0.874
-8.633599e-006,-0.874
-8.633349e-006,-0.875667
-8.633099e-006,-0.875667
-8.632849e-006,-0.874
-8.632599e-006,-0.874
-8.632349e-006,-0.875667
-8.632099e-006,-0.875667
-8.631849e-006,-0.874
-8.631599e-006,-0.874
-8.631349e-006,-0.875667
-8.631099e-006,-0.874
-8.630849e-006,-0.872333
-8.630599e-006,-0.874
-8.630349e-006,-0.875667
-8.630099e-006,-0.875667
-8.629849e-006,-0.872333
-8.629599e-006,-0.874
-8.629349e-006,-0.874
-8.629099e-006,-0.875667
-8.628849e-006,-0.874
-8.628599e-006,-0.874
-8.628349e-006,-0.874
-8.628099e-006,-0.875667
-8.627849e-006,-0.874
-8.627599e-006,-0.874
-8.627349e-006,-0.874
-8.627099e-006,-0.875667
-8.626849e-006,-0.874
-8.626599e-006,-0.874
-8.626349e-006,-0.875667
-8.626099e-006,-0.875667
-8.625849e-006,-0.874
-8.625599e-006,-0.874
-8.625349e-006,-0.875667
-8.625099e-006,-0.874
-8.624849e-006,-0.874
-8.624599e-006,-0.874
-8.624349e-006,-0.875667
-8.624099e-006,-0.875667
-8.623849e-006,-0.874
-8.623599e-006,-0.874
-8.623349e-006,-0.875667
-8.623099e-006,-0.875667
-8.622849e-006,-0.874
-8.622599e-006,-0.874
-8.622349e-006,-0.875667
-8.622099e-006,-0.875667
-8.621849e-006,-0.874
-8.621599e-006,-0.874
-8.621349e-006,-0.875667
-8.621099e-006,-0.875667
-8.620849e-006,-0.874
-8.620599e-006,-0.874
-8.620349e-006,-0.875667
-8.620099e-006,-0.875667
-8.619849e-006,-0.874
-8.619599e-006,-0.874
-8.619349e-006,-0.875667
-8.619099e-006,-0.875667
-8.618849e-006,-0.874
-8.618599e-006,-0.874
-8.618349e-006,-0.875667
-8.618099e-006,-0.875667
-8.617849e-006,-0.874
-8.617599e-006,-0.874
-8.617349e-006,-0.875667
-8.617099e-006,-0.875667
-8.616849e-006,-0.874
-8.616599e-006,-0.874
-8.616349e-006,-0.875667
-8.616099e-006,-0.875667
-8.615849e-006,-0.874
-8.615599e-006,-0.874
-8.615349e-006,-0.875667
-8.615099e-006,-0.875667
-8.614849e-006,-0.874
-8.614599e-006,-0.874
-8.614349e-006,-0.875667
-8.614099e-006,-0.875667
-8.613849e-006,-0.874
-8.613599e-006,-0.874
-8.613349e-006,-0.875667
-8.613099e-006,-0.875667
-8.612849e-006,-0.874
-8.612599e-006,-0.874
-8.612349e-006,-0.875667
-8.612099e-006,-0.875667
-8.611849e-006,-0.874
-8.611599e-006,-0.874
-8.611349e-006,-0.875667
-8.611099e-006,-0.875667
-8.610849e-006,-0.874
-8.610599e-006,-0.874
-8.610349e-006,-0.875667
-8.610099e-006,-0.875667
-8.609849e-006,-0.874
-8.609599e-006,-0.874
-8.609349e-006,-0.875667
-8.609099e-006,-0.875667
-8.608849e-006,-0.874
-8.608599e-006,-0.874
-8.608349e-006,-0.875667
-8.608099e-006,-0.875667
-8.607849e-006,-0.874
-8.607599e-006,-0.874
-8.607349e-006,-0.874
-8.607099e-006,-0.875667
-8.606849e-006,-0.874
-8.606599e-006,-0.874
-8.606349e-006,-0.874
-8.606099e-006,-0.875667
-8.605849e-006,-0.874
-8.605599e-006,-0.874
-8.605349e-006,-0.875667
-8.605099e-006,-0.875667
-8.604849e-006,-0.874
-8.604599e-006,-0.874
-8.604349e-006,-0.875667
-8.604099e-006,-0.875667
-8.603849e-006,-0.874
-8.603599e-006,-0.874
-8.603349e-006,-0.875667
-8.603099e-006,-0.875667
-8.602849e-006,-0.874
-8.602599e-006,-0.874
-8.602349e-006,-0.875667
-8.602099e-006,-0.875667
-8.601849e-006,-0.874
-8.601599e-006,-0.874
-8.601349e-006,-0.875667
-8.601099e-006,-0.875667
-8.600849e-006,-0.874
-8.600599e-006,-0.874
-8.600349e-006,-0.875667
-8.600099e-006,-0.875667
-8.599849e-006,-0.874
-8.599599e-006,-0.874
-8.599349e-006,-0.875667
-8.599099e-006,-0.875667
-8.598849e-006,-0.874
-8.598599e-006,-0.874
-8.598349e-006,-0.874
-8.598099e-006,-0.875667
-8.597849e-006,-0.874
-8.597599e-006,-0.874
-8.597349e-006,-0.875667
-8.597099e-006,-0.875667
-8.596849e-006,-0.874
-8.596599e-006,-0.874
-8.596349e-006,-0.875667
-8.596099e-006,-0.875667
-8.595849e-006,-0.874
-8.595599e-006,-0.874
-8.595349e-006,-0.875667
-8.595099e-006,-0.875667
-8.594849e-006,-0.874
-8.594599e-006,-0.874
-8.594349e-006,-0.875667
-8.594099e-006,-0.875667
-8.593849e-006,-0.874
-8.593599e-006,-0.874
-8.593349e-006,-0.875667
-8.593099e-006,-0.875667
-8.592849e-006,-0.874
-8.592599e-006,-0.874
-8.592349e-006,-0.875667
-8.592099e-006,-0.875667
-8.591849e-006,-0.874
-8.591599e-006,-0.874
-8.591349e-006,-0.875667
-8.591099e-006,-0.875667
-8.590849e-006,-0.874
-8.590599e-006,-0.874
-8.590349e-006,-0.875667
-8.590099e-006,-0.875667
-8.589849e-006,-0.874
-8.589599e-006,-0.874
-8.589349e-006,-0.875667
-8.589099e-006,-0.875667
-8.588849e-006,-0.874
-8.588599e-006,-0.874
-8.588349e-006,-0.875667
-8.588099e-006,-0.875667
-8.587849e-006,-0.874
-8.587599e-006,-0.874
-8.587349e-006,-0.875667
-8.587099e-006,-0.875667
-8.586849e-006,-0.874
-8.586599e-006,-0.874
-8.586349e-006,-0.874
-8.586099e-006,-0.874
-8.585849e-006,-0.874
-8.585599e-006,-0.874
-8.585349e-006,-0.874
-8.585099e-006,-0.874
-8.584849e-006,-0.874
-8.584599e-006,-0.874
-8.584349e-006,-0.874
-8.584099e-006,-0.874
-8.583849e-006,-0.874
-8.583599e-006,-0.874
-8.583349e-006,-0.874
-8.583099e-006,-0.875667
-8.582849e-006,-0.874
-8.582599e-006,-0.874
-8.582349e-006,-0.874
-8.582099e-006,-0.875667
-8.581849e-006,-0.874
-8.581599e-006,-0.874
-8.581349e-006,-0.874
-8.581099e-006,-0.875667
-8.580849e-006,-0.874
-8.580599e-006,-0.874
-8.580349e-006,-0.875667
-8.580099e-006,-0.875667
-8.579849e-006,-0.874
-8.579599e-006,-0.874
-8.579349e-006,-0.875667
-8.579099e-006,-0.875667
-8.578849e-006,-0.874
-8.578599e-006,-0.874
-8.578349e-006,-0.875667
-8.578099e-006,-0.875667
-8.577849e-006,-0.874
-8.577599e-006,-0.874
-8.577349e-006,-0.875667
-8.577099e-006,-0.875667
-8.576849e-006,-0.874
-8.576599e-006,-0.874
-8.576349e-006,-0.874
-8.576099e-006,-0.875667
-8.575849e-006,-0.874
-8.575599e-006,-0.874
-8.575349e-006,-0.875667
-8.575099e-006,-0.875667
-8.574849e-006,-0.874
-8.574599e-006,-0.874
-8.574349e-006,-0.874
-8.574099e-006,-0.875667
-8.573849e-006,-0.874
-8.573599e-006,-0.874
-8.573349e-006,-0.874
-8.573099e-006,-0.875667
-8.572849e-006,-0.874
-8.572599e-006,-0.874
-8.572349e-006,-0.874
-8.572099e-006,-0.875667
-8.571849e-006,-0.874
-8.571599e-006,-0.874
-8.571349e-006,-0.874
-8.571099e-006,-0.875667
-8.570849e-006,-0.874
-8.570599e-006,-0.874
-8.570349e-006,-0.875667
-8.570099e-006,-0.875667
-8.569849e-006,-0.874
-8.569599e-006,-0.874
-8.569349e-006,-0.875667
-8.569099e-006,-0.875667
-8.568849e-006,-0.874
-8.568599e-006,-0.874
-8.568349e-006,-0.875667
-8.568099e-006,-0.875667
-8.567849e-006,-0.874
-8.567599e-006,-0.874
-8.567349e-006,-0.875667
-8.567099e-006,-0.875667
-8.566849e-006,-0.874
-8.566599e-006,-0.874
-8.566349e-006,-0.875667
-8.566099e-006,-0.874
-8.565849e-006,-0.874
-8.565599e-006,-0.874
-8.565349e-006,-0.875667
-8.565099e-006,-0.875667
-8.564849e-006,-0.874
-8.564599e-006,-0.874
-8.564349e-006,-0.875667
-8.564099e-006,-0.875667
-8.563849e-006,-0.874
-8.563599e-006,-0.874
-8.563349e-006,-0.875667
-8.563099e-006,-0.875667
-8.562849e-006,-0.874
-8.562599e-006,-0.874
-8.562349e-006,-0.875667
-8.562099e-006,-0.875667
-8.561849e-006,-0.874
-8.561599e-006,-0.874
-8.561349e-006,-0.875667
-8.561099e-006,-0.875667
-8.560849e-006,-0.874
-8.560599e-006,-0.874
-8.560349e-006,-0.875667
-8.560099e-006,-0.875667
-8.559849e-006,-0.874
-8.559599e-006,-0.874
-8.559349e-006,-0.875667
-8.559099e-006,-0.875667
-8.558849e-006,-0.874
-8.558599e-006,-0.874
-8.558349e-006,-0.875667
-8.558099e-006,-0.875667
-8.557849e-006,-0.874
-8.557599e-006,-0.874
-8.557349e-006,-0.875667
-8.557099e-006,-0.875667
-8.556849e-006,-0.874
-8.556599e-006,-0.874
-8.556349e-006,-0.874
-8.556099e-006,-0.875667
-8.555849e-006,-0.874
-8.555599e-006,-0.874
-8.555349e-006,-0.874
-8.555099e-006,-0.875667
-8.554849e-006,-0.874
-8.554599e-006,-0.874
-8.554349e-006,-0.874
-8.554099e-006,-0.875667
-8.553849e-006,-0.874
-8.553599e-006,-0.874
-8.553349e-006,-0.874
-8.553099e-006,-0.874
-8.552849e-006,-0.874
-8.552599e-006,-0.874
-8.552349e-006,-0.875667
-8.552099e-006,-0.874
-8.551849e-006,-0.874
-8.551599e-006,-0.874
-8.551349e-006,-0.875667
-8.551099e-006,-0.875667
-8.550849e-006,-0.874
-8.550599e-006,-0.874
-8.550349e-006,-0.875667
-8.550099e-006,-0.875667
-8.549849e-006,-0.874
-8.549599e-006,-0.874
-8.549349e-006,-0.875667
-8.549099e-006,-0.875667
-8.548849e-006,-0.874
-8.548599e-006,-0.874
-8.548349e-006,-0.875667
-8.548099e-006,-0.875667
-8.547849e-006,-0.874
-8.547599e-006,-0.874
-8.547349e-006,-0.875667
-8.547099e-006,-0.875667
-8.546849e-006,-0.874
-8.546599e-006,-0.874
-8.546349e-006,-0.875667
-8.546099e-006,-0.875667
-8.545849e-006,-0.874
-8.545599e-006,-0.874
-8.545349e-006,-0.874
-8.545099e-006,-0.875667
-8.544849e-006,-0.874
-8.544599e-006,-0.874
-8.544349e-006,-0.874
-8.544099e-006,-0.874
-8.543849e-006,-0.874
-8.543599e-006,-0.874
-8.543349e-006,-0.874
-8.543099e-006,-0.874
-8.542849e-006,-0.874
-8.542599e-006,-0.874
-8.542349e-006,-0.874
-8.542099e-006,-0.875667
-8.541849e-006,-0.874
-8.541599e-006,-0.874
-8.541349e-006,-0.874
-8.541099e-006,-0.875667
-8.540849e-006,-0.874
-8.540599e-006,-0.874
-8.540349e-006,-0.875667
-8.540099e-006,-0.875667
-8.539849e-006,-0.874
-8.539599e-006,-0.874
-8.539349e-006,-0.875667
-8.539099e-006,-0.875667
-8.538849e-006,-0.874
-8.538599e-006,-0.874
-8.538349e-006,-0.875667
-8.538099e-006,-0.875667
-8.537849e-006,-0.874
-8.537599e-006,-0.874
-8.537349e-006,-0.875667
-8.537099e-006,-0.875667
-8.536849e-006,-0.874
-8.536599e-006,-0.874
-8.536349e-006,-0.875667
-8.536099e-006,-0.874
-8.535849e-006,-0.874
-8.535599e-006,-0.874
-8.535349e-006,-0.875667
-8.535099e-006,-0.875667
-8.534849e-006,-0.874
-8.534599e-006,-0.874
-8.534349e-006,-0.875667
-8.534099e-006,-0.875667
-8.533849e-006,-0.874
-8.533599e-006,-0.874
-8.533349e-006,-0.875667
-8.533099e-006,-0.875667
-8.532849e-006,-0.874
-8.532599e-006,-0.874
-8.532349e-006,-0.875667
-8.532099e-006,-0.875667
-8.531849e-006,-0.874
-8.531599e-006,-0.874
-8.531349e-006,-0.875667
-8.531099e-006,-0.874
-8.530849e-006,-0.874
-8.530599e-006,-0.874
-8.530349e-006,-0.875667
-8.530099e-006,-0.875667
-8.529849e-006,-0.874
-8.529599e-006,-0.874
-8.529349e-006,-0.875667
-8.529099e-006,-0.875667
-8.528849e-006,-0.874
-8.528599e-006,-0.874
-8.528349e-006,-0.875667
-8.528099e-006,-0.875667
-8.527849e-006,-0.874
-8.527599e-006,-0.874
-8.527349e-006,-0.875667
-8.527099e-006,-0.875667
-8.526849e-006,-0.874
-8.526599e-006,-0.874
-8.526349e-006,-0.875667
-8.526099e-006,-0.875667
-8.525849e-006,-0.874
-8.525599e-006,-0.874
-8.525349e-006,-0.875667
-8.525099e-006,-0.875667
-8.524849e-006,-0.874
-8.524599e-006,-0.874
-8.524349e-006,-0.875667
-8.524099e-006,-0.875667
-8.523849e-006,-0.874
-8.523599e-006,-0.874
-8.523349e-006,-0.875667
-8.523099e-006,-0.875667
-8.522849e-006,-0.874
-8.522599e-006,-0.874
-8.522349e-006,-0.875667
-8.522099e-006,-0.875667
-8.521849e-006,-0.874
-8.521599e-006,-0.874
-8.521349e-006,-0.875667
-8.521099e-006,-0.875667
-8.520849e-006,-0.874
-8.520599e-006,-0.874
-8.520349e-006,-0.875667
-8.520099e-006,-0.875667
-8.519849e-006,-0.874
-8.519599e-006,-0.874
-8.519349e-006,-0.874
-8.519099e-006,-0.875667
-8.518849e-006,-0.874
-8.518599e-006,-0.874
-8.518349e-006,-0.874
-8.518099e-006,-0.875667
-8.517849e-006,-0.874
-8.517599e-006,-0.874
-8.517349e-006,-0.874
-8.517099e-006,-0.875667
-8.516849e-006,-0.874
-8.516599e-006,-0.874
-8.516349e-006,-0.875667
-8.516099e-006,-0.875667
-8.515849e-006,-0.874
-8.515599e-006,-0.874
-8.515349e-006,-0.875667
-8.515099e-006,-0.875667
-8.514849e-006,-0.874
-8.514599e-006,-0.874
-8.514349e-006,-0.875667
-8.514099e-006,-0.875667
-8.513849e-006,-0.874
-8.513599e-006,-0.874
-8.513349e-006,-0.875667
-8.513099e-006,-0.875667
-8.512849e-006,-0.874
-8.512599e-006,-0.874
-8.512349e-006,-0.875667
-8.512099e-006,-0.875667
-8.511849e-006,-0.874
-8.511599e-006,-0.874
-8.511349e-006,-0.875667
-8.511099e-006,-0.875667
-8.510849e-006,-0.874
-8.510599e-006,-0.874
-8.510349e-006,-0.875667
-8.510099e-006,-0.875667
-8.509849e-006,-0.874
-8.509599e-006,-0.874
-8.509349e-006,-0.875667
-8.509099e-006,-0.875667
-8.508849e-006,-0.874
-8.508599e-006,-0.874
-8.508349e-006,-0.875667
-8.508099e-006,-0.875667
-8.507849e-006,-0.874
-8.507599e-006,-0.874
-8.507349e-006,-0.875667
-8.507099e-006,-0.875667
-8.506849e-006,-0.874
-8.506599e-006,-0.874
-8.506349e-006,-0.874
-8.506099e-006,-0.875667
-8.505849e-006,-0.874
-8.505599e-006,-0.874
-8.505349e-006,-0.874
-8.505099e-006,-0.875667
-8.504849e-006,-0.874
-8.504599e-006,-0.874
-8.504349e-006,-0.874
-8.504099e-006,-0.875667
-8.503849e-006,-0.874
-8.503599e-006,-0.874
-8.503349e-006,-0.874
-8.503099e-006,-0.875667
-8.502849e-006,-0.874
-8.502599e-006,-0.874
-8.502349e-006,-0.874
-8.502099e-006,-0.875667
-8.501849e-006,-0.874
-8.501599e-006,-0.874
-8.501349e-006,-0.874
-8.501099e-006,-0.874
-8.500849e-006,-0.874
-8.500599e-006,-0.874
-8.500349e-006,-0.874
-8.500099e-006,-0.874
-8.499849e-006,-0.874
-8.499599e-006,-0.874
-8.499349e-006,-0.874
-8.499099e-006,-0.874
-8.498849e-006,-0.874
-8.498599e-006,-0.874
-8.498349e-006,-0.874
-8.498099e-006,-0.874
-8.497849e-006,-0.874
-8.497599e-006,-0.874
-8.497349e-006,-0.874
-8.497099e-006,-0.874
-8.496849e-006,-0.874
-8.496599e-006,-0.874
-8.496349e-006,-0.874
-8.496099e-006,-0.875667
-8.495849e-006,-0.874
-8.495599e-006,-0.874
-8.495349e-006,-0.874
-8.495099e-006,-0.875667
-8.494849e-006,-0.874
-8.494599e-006,-0.874
-8.494349e-006,-0.874
-8.494099e-006,-0.875667
-8.493849e-006,-0.874
-8.493599e-006,-0.874
-8.493349e-006,-0.874
-8.493099e-006,-0.875667
-8.492849e-006,-0.874
-8.492599e-006,-0.874
-8.492349e-006,-0.874
-8.492099e-006,-0.875667
-8.491849e-006,-0.874
-8.491599e-006,-0.874
-8.491349e-006,-0.874
-8.491099e-006,-0.875667
-8.490849e-006,-0.874
-8.490599e-006,-0.874
-8.490349e-006,-0.874
-8.490099e-006,-0.875667
-8.489849e-006,-0.874
-8.489599e-006,-0.874
-8.489349e-006,-0.874
-8.489099e-006,-0.875667
-8.488849e-006,-0.874
-8.488599e-006,-0.874
-8.488349e-006,-0.874
-8.488099e-006,-0.875667
-8.487849e-006,-0.874
-8.487599e-006,-0.874
-8.487349e-006,-0.875667
-8.487099e-006,-0.875667
-8.486849e-006,-0.874
-8.486599e-006,-0.874
-8.486349e-006,-0.875667
-8.486099e-006,-0.875667
-8.485849e-006,-0.874
-8.485599e-006,-0.874
-8.485349e-006,-0.875667
-8.485099e-006,-0.875667
-8.484849e-006,-0.874
-8.484599e-006,-0.874
-8.484349e-006,-0.875667
-8.484099e-006,-0.875667
-8.483849e-006,-0.874
-8.483599e-006,-0.874
-8.483349e-006,-0.875667
-8.483099e-006,-0.875667
-8.482849e-006,-0.874
-8.482599e-006,-0.874
-8.482349e-006,-0.875667
-8.482099e-006,-0.875667
-8.481849e-006,-0.874
-8.481599e-006,-0.874
-8.481349e-006,-0.875667
-8.481099e-006,-0.875667
-8.480849e-006,-0.874
-8.480599e-006,-0.874
-8.480349e-006,-0.875667
-8.480099e-006,-0.875667
-8.479849e-006,-0.874
-8.479599e-006,-0.874
-8.479349e-006,-0.875667
-8.479099e-006,-0.875667
-8.478849e-006,-0.874
-8.478599e-006,-0.874
-8.478349e-006,-0.875667
-8.478099e-006,-0.875667
-8.477849e-006,-0.874
-8.477599e-006,-0.874
-8.477349e-006,-0.874
-8.477099e-006,-0.875667
-8.476849e-006,-0.874
-8.476599e-006,-0.874
-8.476349e-006,-0.874
-8.476099e-006,-0.875667
-8.475849e-006,-0.874
-8.475599e-006,-0.874
-8.475349e-006,-0.875667
-8.475099e-006,-0.875667
-8.474849e-006,-0.874
-8.474599e-006,-0.874
-8.474349e-006,-0.874
-8.474099e-006,-0.875667
-8.473849e-006,-0.874
-8.473599e-006,-0.874
-8.473349e-006,-0.874
-8.473099e-006,-0.875667
-8.472849e-006,-0.874
-8.472599e-006,-0.874
-8.472349e-006,-0.874
-8.472099e-006,-0.875667
-8.471849e-006,-0.874
-8.471599e-006,-0.874
-8.471349e-006,-0.874
-8.471099e-006,-0.875667
-8.470849e-006,-0.874
-8.470599e-006,-0.874
-8.470349e-006,-0.874
-8.470099e-006,-0.875667
-8.469849e-006,-0.874
-8.469599e-006,-0.874
-8.469349e-006,-0.874
-8.469099e-006,-0.875667
-8.468849e-006,-0.874
-8.468599e-006,-0.874
-8.468349e-006,-0.874
-8.468099e-006,-0.875667
-8.467849e-006,-0.874
-8.467599e-006,-0.874
-8.467349e-006,-0.875667
-8.467099e-006,-0.875667
-8.466849e-006,-0.874
-8.466599e-006,-0.874
-8.466349e-006,-0.875667
-8.466099e-006,-0.875667
-8.465849e-006,-0.874
-8.465599e-006,-0.874
-8.465349e-006,-0.875667
-8.465099e-006,-0.875667
-8.464849e-006,-0.874
-8.464599e-006,-0.874
-8.464349e-006,-0.875667
-8.464099e-006,-0.875667
-8.463849e-006,-0.874
-8.463599e-006,-0.874
-8.463349e-006,-0.875667
-8.463099e-006,-0.875667
-8.462849e-006,-0.874
-8.462599e-006,-0.874
-8.462349e-006,-0.875667
-8.462099e-006,-0.875667
-8.461849e-006,-0.874
-8.461599e-006,-0.874
-8.461349e-006,-0.875667
-8.461099e-006,-0.875667
-8.460849e-006,-0.874
-8.460599e-006,-0.874
-8.460349e-006,-0.875667
-8.460099e-006,-0.875667
-8.459849e-006,-0.874
-8.459599e-006,-0.874
-8.459349e-006,-0.875667
-8.459099e-006,-0.875667
-8.458849e-006,-0.874
-8.458599e-006,-0.874
-8.458349e-006,-0.875667
-8.458099e-006,-0.875667
-8.457849e-006,-0.874
-8.457599e-006,-0.874
-8.457349e-006,-0.875667
-8.457099e-006,-0.875667
-8.456849e-006,-0.874
-8.456599e-006,-0.874
-8.456349e-006,-0.874
-8.456099e-006,-0.875667
-8.455849e-006,-0.874
-8.455599e-006,-0.874
-8.455349e-006,-0.874
-8.455099e-006,-0.875667
-8.454849e-006,-0.874
-8.454599e-006,-0.874
-8.454349e-006,-0.874
-8.454099e-006,-0.875667
-8.453849e-006,-0.874
-8.453599e-006,-0.874
-8.453349e-006,-0.875667
-8.453099e-006,-0.875667
-8.452849e-006,-0.874
-8.452599e-006,-0.874
-8.452349e-006,-0.875667
-8.452099e-006,-0.875667
-8.451849e-006,-0.874
-8.451599e-006,-0.874
-8.451349e-006,-0.875667
-8.451099e-006,-0.875667
-8.450849e-006,-0.874
-8.450599e-006,-0.874
-8.450349e-006,-0.875667
-8.450099e-006,-0.875667
-8.449849e-006,-0.874
-8.449599e-006,-0.874
-8.449349e-006,-0.875667
-8.449099e-006,-0.875667
-8.448849e-006,-0.874
-8.448599e-006,-0.874
-8.448349e-006,-0.875667
-8.448099e-006,-0.875667
-8.447849e-006,-0.874
-8.447599e-006,-0.874
-8.447349e-006,-0.875667
-8.447099e-006,-0.875667
-8.446849e-006,-0.874
-8.446599e-006,-0.874
-8.446349e-006,-0.875667
-8.446099e-006,-0.875667
-8.445849e-006,-0.874
-8.445599e-006,-0.874
-8.445349e-006,-0.875667
-8.445099e-006,-0.875667
-8.444849e-006,-0.874
-8.444599e-006,-0.874
-8.444349e-006,-0.875667
-8.444099e-006,-0.875667
-8.443849e-006,-0.874
-8.443599e-006,-0.874
-8.443349e-006,-0.875667
-8.443099e-006,-0.875667
-8.442849e-006,-0.874
-8.442599e-006,-0.874
-8.442349e-006,-0.875667
-8.442099e-006,-0.875667
-8.441849e-006,-0.874
-8.441599e-006,-0.874
-8.441349e-006,-0.875667
-8.441099e-006,-0.875667
-8.440849e-006,-0.874
-8.440599e-006,-0.874
-8.440349e-006,-0.875667
-8.440099e-006,-0.875667
-8.439849e-006,-0.874
-8.439599e-006,-0.874
-8.439349e-006,-0.875667
-8.439099e-006,-0.874
-8.438849e-006,-0.874
-8.438599e-006,-0.874
-8.438349e-006,-0.875667
-8.438099e-006,-0.874
-8.437849e-006,-0.874
-8.437599e-006,-0.874
-8.437349e-006,-0.875667
-8.437099e-006,-0.874
-8.436849e-006,-0.874
-8.436599e-006,-0.874
-8.436349e-006,-0.875667
-8.436099e-006,-0.874
-8.435849e-006,-0.874
-8.435599e-006,-0.874
-8.435349e-006,-0.875667
-8.435099e-006,-0.874
-8.434849e-006,-0.874
-8.434599e-006,-0.874
-8.434349e-006,-0.874
-8.434099e-006,-0.874
-8.433849e-006,-0.874
-8.433599e-006,-0.874
-8.433349e-006,-0.874
-8.433099e-006,-0.874
-8.432849e-006,-0.874
-8.432599e-006,-0.874
-8.432349e-006,-0.874
-8.432099e-006,-0.875667
-8.431849e-006,-0.874
-8.431599e-006,-0.874
-8.431349e-006,-0.874
-8.431099e-006,-0.875667
-8.430849e-006,-0.874
-8.430599e-006,-0.874
-8.430349e-006,-0.874
-8.430099e-006,-0.875667
-8.429849e-006,-0.874
-8.429599e-006,-0.874
-8.429349e-006,-0.874
-8.429099e-006,-0.874
-8.428849e-006,-0.874
-8.428599e-006,-0.874
-8.428349e-006,-0.874
-8.428099e-006,-0.874
-8.427849e-006,-0.874
-8.427599e-006,-0.874
-8.427349e-006,-0.875667
-8.427099e-006,-0.875667
-8.426849e-006,-0.874
-8.426599e-006,-0.874
-8.426349e-006,-0.875667
-8.426099e-006,-0.875667
-8.425849e-006,-0.874
-8.425599e-006,-0.874
-8.425349e-006,-0.875667
-8.425099e-006,-0.875667
-8.424849e-006,-0.874
-8.424599e-006,-0.874
-8.424349e-006,-0.875667
-8.424099e-006,-0.875667
-8.423849e-006,-0.874
-8.423599e-006,-0.874
-8.423349e-006,-0.875667
-8.423099e-006,-0.875667
-8.422849e-006,-0.874
-8.422599e-006,-0.874
-8.422349e-006,-0.875667
-8.422099e-006,-0.875667
-8.421849e-006,-0.874
-8.421599e-006,-0.874
-8.421349e-006,-0.875667
-8.421099e-006,-0.875667
-8.420849e-006,-0.874
-8.420599e-006,-0.874
-8.420349e-006,-0.875667
-8.420099e-006,-0.875667
-8.419849e-006,-0.874
-8.419599e-006,-0.874
-8.419349e-006,-0.875667
-8.419099e-006,-0.874
-8.418849e-006,-0.874
-8.418599e-006,-0.874
-8.418349e-006,-0.875667
-8.418099e-006,-0.875667
-8.417849e-006,-0.874
-8.417599e-006,-0.874
-8.417349e-006,-0.875667
-8.417099e-006,-0.875667
-8.416849e-006,-0.874
-8.416599e-006,-0.874
-8.416349e-006,-0.875667
-8.416099e-006,-0.875667
-8.415849e-006,-0.874
-8.415599e-006,-0.874
-8.415349e-006,-0.875667
-8.415099e-006,-0.875667
-8.414849e-006,-0.874
-8.414599e-006,-0.874
-8.414349e-006,-0.875667
-8.414099e-006,-0.875667
-8.413849e-006,-0.874
-8.413599e-006,-0.874
-8.413349e-006,-0.875667
-8.413099e-006,-0.875667
-8.412849e-006,-0.874
-8.412599e-006,-0.874
-8.412349e-006,-0.874
-8.412099e-006,-0.874
-8.411849e-006,-0.874
-8.411599e-006,-0.874
-8.411349e-006,-0.874
-8.411099e-006,-0.874
-8.410849e-006,-0.874
-8.410599e-006,-0.874
-8.410349e-006,-0.874
-8.410099e-006,-0.874
-8.409849e-006,-0.874
-8.409599e-006,-0.874
-8.409349e-006,-0.874
-8.409099e-006,-0.874
-8.408849e-006,-0.874
-8.408599e-006,-0.874
-8.408349e-006,-0.874
-8.408099e-006,-0.874
-8.407849e-006,-0.874
-8.407599e-006,-0.874
-8.407349e-006,-0.875667
-8.407099e-006,-0.875667
-8.406849e-006,-0.874
-8.406599e-006,-0.874
-8.406349e-006,-0.875667
-8.406099e-006,-0.875667
-8.405849e-006,-0.874
-8.405599e-006,-0.874
-8.405349e-006,-0.875667
-8.405099e-006,-0.875667
-8.404849e-006,-0.874
-8.404599e-006,-0.874
-8.404349e-006,-0.874
-8.404099e-006,-0.875667
-8.403849e-006,-0.874
-8.403599e-006,-0.874
-8.403349e-006,-0.874
-8.403099e-006,-0.875667
-8.402849e-006,-0.874
-8.402599e-006,-0.874
-8.402349e-006,-0.874
-8.402099e-006,-0.875667
-8.401849e-006,-0.874
-8.401599e-006,-0.874
-8.401349e-006,-0.874
-8.401099e-006,-0.875667
-8.400849e-006,-0.874
-8.400599e-006,-0.874
-8.400349e-006,-0.874
-8.400099e-006,-0.875667
-8.399849e-006,-0.874
-8.399599e-006,-0.874
-8.399349e-006,-0.874
-8.399099e-006,-0.875667
-8.398849e-006,-0.874
-8.398599e-006,-0.874
-8.398349e-006,-0.875667
-8.398099e-006,-0.875667
-8.397849e-006,-0.874
-8.397599e-006,-0.874
-8.397349e-006,-0.875667
-8.397099e-006,-0.875667
-8.396849e-006,-0.874
-8.396599e-006,-0.874
-8.396349e-006,-0.874
-8.396099e-006,-0.875667
-8.395849e-006,-0.874
-8.395599e-006,-0.874
-8.395349e-006,-0.874
-8.395099e-006,-0.875667
-8.394849e-006,-0.874
-8.394599e-006,-0.874
-8.394349e-006,-0.874
-8.394099e-006,-0.875667
-8.393849e-006,-0.874
-8.393599e-006,-0.874
-8.393349e-006,-0.874
-8.393099e-006,-0.875667
-8.392849e-006,-0.874
-8.392599e-006,-0.874
-8.392349e-006,-0.874
-8.392099e-006,-0.875667
-8.391849e-006,-0.874
-8.391599e-006,-0.874
-8.391349e-006,-0.874
-8.391099e-006,-0.875667
-8.390849e-006,-0.874
-8.390599e-006,-0.874
-8.390349e-006,-0.874
-8.390099e-006,-0.875667
-8.389849e-006,-0.874
-8.389599e-006,-0.874
-8.389349e-006,-0.874
-8.389099e-006,-0.875667
-8.388849e-006,-0.874
-8.388599e-006,-0.874
-8.388349e-006,-0.874
-8.388099e-006,-0.875667
-8.387849e-006,-0.874
-8.387599e-006,-0.874
-8.387349e-006,-0.874
-8.387099e-006,-0.875667
-8.386849e-006,-0.874
-8.386599e-006,-0.874
-8.386349e-006,-0.875667
-8.386099e-006,-0.875667
-8.385849e-006,-0.874
-8.385599e-006,-0.874
-8.385349e-006,-0.875667
-8.385099e-006,-0.875667
-8.384849e-006,-0.874
-8.384599e-006,-0.874
-8.384349e-006,-0.875667
-8.384099e-006,-0.874
-8.383849e-006,-0.874
-8.383599e-006,-0.874
-8.383349e-006,-0.875667
-8.383099e-006,-0.874
-8.382849e-006,-0.874
-8.382599e-006,-0.874
-8.382349e-006,-0.875667
-8.382099e-006,-0.874
-8.381849e-006,-0.874
-8.381599e-006,-0.874
-8.381349e-006,-0.875667
-8.381099e-006,-0.874
-8.380849e-006,-0.874
-8.380599e-006,-0.874
-8.380349e-006,-0.875667
-8.380099e-006,-0.874
-8.379849e-006,-0.874
-8.379599e-006,-0.874
-8.379349e-006,-0.875667
-8.379099e-006,-0.875667
-8.378849e-006,-0.874
-8.378599e-006,-0.874
-8.378349e-006,-0.875667
-8.378099e-006,-0.875667
-8.377849e-006,-0.874
-8.377599e-006,-0.874
-8.377349e-006,-0.875667
-8.377099e-006,-0.875667
-8.376849e-006,-0.874
-8.376599e-006,-0.874
-8.376349e-006,-0.875667
-8.376099e-006,-0.875667
-8.375849e-006,-0.874
-8.375599e-006,-0.874
-8.375349e-006,-0.875667
-8.375099e-006,-0.875667
-8.374849e-006,-0.874
-8.374599e-006,-0.874
-8.374349e-006,-0.875667
-8.374099e-006,-0.875667
-8.373849e-006,-0.874
-8.373599e-006,-0.874
-8.373349e-006,-0.875667
-8.373099e-006,-0.875667
-8.372849e-006,-0.874
-8.372599e-006,-0.874
-8.372349e-006,-0.874
-8.372099e-006,-0.875667
-8.371849e-006,-0.874
-8.371599e-006,-0.874
-8.371349e-006,-0.874
-8.371099e-006,-0.875667
-8.370849e-006,-0.874
-8.370599e-006,-0.874
-8.370349e-006,-0.874
-8.370099e-006,-0.875667
-8.369849e-006,-0.874
-8.369599e-006,-0.874
-8.369349e-006,-0.875667
-8.369099e-006,-0.875667
-8.368849e-006,-0.875667
-8.368599e-006,-0.874
-8.368349e-006,-0.875667
-8.368099e-006,-0.874
-8.367849e-006,-0.874
-8.367599e-006,-0.874
-8.367349e-006,-0.875667
-8.367099e-006,-0.875667
-8.366849e-006,-0.874
-8.366599e-006,-0.874
-8.366349e-006,-0.875667
-8.366099e-006,-0.875667
-8.365849e-006,-0.874
-8.365599e-006,-0.874
-8.365349e-006,-0.875667
-8.365099e-006,-0.875667
-8.364849e-006,-0.874
-8.364599e-006,-0.874
-8.364349e-006,-0.875667
-8.364099e-006,-0.875667
-8.363849e-006,-0.874
-8.363599e-006,-0.874
-8.363349e-006,-0.875667
-8.363099e-006,-0.875667
-8.362849e-006,-0.874
-8.362599e-006,-0.874
-8.362349e-006,-0.875667
-8.362099e-006,-0.875667
-8.361849e-006,-0.874
-8.361599e-006,-0.874
-8.361349e-006,-0.875667
-8.361099e-006,-0.875667
-8.360849e-006,-0.874
-8.360599e-006,-0.874
-8.360349e-006,-0.875667
-8.360099e-006,-0.875667
-8.359849e-006,-0.874
-8.359599e-006,-0.874
-8.359349e-006,-0.875667
-8.359099e-006,-0.875667
-8.358849e-006,-0.874
-8.358599e-006,-0.874
-8.358349e-006,-0.875667
-8.358099e-006,-0.875667
-8.357849e-006,-0.874
-8.357599e-006,-0.874
-8.357349e-006,-0.875667
-8.357099e-006,-0.875667
-8.356849e-006,-0.874
-8.356599e-006,-0.874
-8.356349e-006,-0.875667
-8.356099e-006,-0.875667
-8.355849e-006,-0.874
-8.355599e-006,-0.874
-8.355349e-006,-0.874
-8.355099e-006,-0.875667
-8.354849e-006,-0.874
-8.354599e-006,-0.874
-8.354349e-006,-0.874
-8.354099e-006,-0.875667
-8.353849e-006,-0.874
-8.353599e-006,-0.874
-8.353349e-006,-0.874
-8.353099e-006,-0.875667
-8.352849e-006,-0.874
-8.352599e-006,-0.874
-8.352349e-006,-0.874
-8.352099e-006,-0.874
-8.351849e-006,-0.874
-8.351599e-006,-0.874
-8.351349e-006,-0.874
-8.351099e-006,-0.874
-8.350849e-006,-0.874
-8.350599e-006,-0.874
-8.350349e-006,-0.874
-8.350099e-006,-0.874
-8.349849e-006,-0.874
-8.349599e-006,-0.874
-8.349349e-006,-0.874
-8.349099e-006,-0.874
-8.348849e-006,-0.874
-8.348599e-006,-0.874
-8.348349e-006,-0.874
-8.348099e-006,-0.874
-8.347849e-006,-0.874
-8.347599e-006,-0.874
-8.347349e-006,-0.874
-8.347099e-006,-0.874
-8.346849e-006,-0.874
-8.346599e-006,-0.874
-8.346349e-006,-0.874
-8.346099e-006,-0.874
-8.345849e-006,-0.874
-8.345599e-006,-0.874
-8.345349e-006,-0.874
-8.345099e-006,-0.874
-8.344849e-006,-0.874
-8.344599e-006,-0.874
-8.344349e-006,-0.874
-8.344099e-006,-0.874
-8.343849e-006,-0.874
-8.343599e-006,-0.874
-8.343349e-006,-0.874
-8.343099e-006,-0.875667
-8.342849e-006,-0.874
-8.342599e-006,-0.874
-8.342349e-006,-0.874
-8.342099e-006,-0.875667
-8.341849e-006,-0.874
-8.341599e-006,-0.874
-8.341349e-006,-0.874
-8.341099e-006,-0.875667
-8.340849e-006,-0.874
-8.340599e-006,-0.874
-8.340349e-006,-0.874
-8.340099e-006,-0.875667
-8.339849e-006,-0.874
-8.339599e-006,-0.874
-8.339349e-006,-0.874
-8.339099e-006,-0.875667
-8.338849e-006,-0.874
-8.338599e-006,-0.874
-8.338349e-006,-0.875667
-8.338099e-006,-0.875667
-8.337849e-006,-0.874
-8.337599e-006,-0.874
-8.337349e-006,-0.875667
-8.337099e-006,-0.875667
-8.336849e-006,-0.874
-8.336599e-006,-0.874
-8.336349e-006,-0.875667
-8.336099e-006,-0.875667
-8.335849e-006,-0.874
-8.335599e-006,-0.874
-8.335349e-006,-0.875667
-8.335099e-006,-0.875667
-8.334849e-006,-0.874
-8.334599e-006,-0.874
-8.334349e-006,-0.875667
-8.334099e-006,-0.875667
-8.333849e-006,-0.874
-8.333599e-006,-0.874
-8.333349e-006,-0.875667
-8.333099e-006,-0.875667
-8.332849e-006,-0.874
-8.332599e-006,-0.874
-8.332349e-006,-0.875667
-8.332099e-006,-0.875667
-8.331849e-006,-0.874
-8.331599e-006,-0.874
-8.331349e-006,-0.874
-8.331099e-006,-0.875667
-8.330849e-006,-0.874
-8.330599e-006,-0.874
-8.330349e-006,-0.874
-8.330099e-006,-0.875667
-8.329849e-006,-0.874
-8.329599e-006,-0.874
-8.329349e-006,-0.875667
-8.329099e-006,-0.875667
-8.328849e-006,-0.874
-8.328599e-006,-0.874
-8.328349e-006,-0.875667
-8.328099e-006,-0.875667
-8.327849e-006,-0.874
-8.327599e-006,-0.874
-8.327349e-006,-0.875667
-8.327099e-006,-0.875667
-8.326849e-006,-0.874
-8.326599e-006,-0.874
-8.326349e-006,-0.875667
-8.326099e-006,-0.875667
-8.325849e-006,-0.874
-8.325599e-006,-0.874
-8.325349e-006,-0.875667
-8.325099e-006,-0.875667
-8.324849e-006,-0.874
-8.324599e-006,-0.874
-8.324349e-006,-0.875667
-8.324099e-006,-0.875667
-8.323849e-006,-0.874
-8.323599e-006,-0.874
-8.323349e-006,-0.875667
-8.323099e-006,-0.875667
-8.322849e-006,-0.874
-8.322599e-006,-0.874
-8.322349e-006,-0.875667
-8.322099e-006,-0.875667
-8.321849e-006,-0.874
-8.321599e-006,-0.874
-8.321349e-006,-0.875667
-8.321099e-006,-0.875667
-8.320849e-006,-0.874
-8.320599e-006,-0.874
-8.320349e-006,-0.875667
-8.320099e-006,-0.875667
-8.319849e-006,-0.874
-8.319599e-006,-0.874
-8.319349e-006,-0.874
-8.319099e-006,-0.875667
-8.318849e-006,-0.874
-8.318599e-006,-0.874
-8.318349e-006,-0.875667
-8.318099e-006,-0.875667
-8.317849e-006,-0.874
-8.317599e-006,-0.874
-8.317349e-006,-0.875667
-8.317099e-006,-0.875667
-8.316849e-006,-0.874
-8.316599e-006,-0.874
-8.316349e-006,-0.874
-8.316099e-006,-0.875667
-8.315849e-006,-0.874
-8.315599e-006,-0.874
-8.315349e-006,-0.874
-8.315099e-006,-0.875667
-8.314849e-006,-0.874
-8.314599e-006,-0.874
-8.314349e-006,-0.874
-8.314099e-006,-0.875667
-8.313849e-006,-0.874
-8.313599e-006,-0.874
-8.313349e-006,-0.875667
-8.313099e-006,-0.875667
-8.312849e-006,-0.874
-8.312599e-006,-0.874
-8.312349e-006,-0.875667
-8.312099e-006,-0.874
-8.311849e-006,-0.874
-8.311599e-006,-0.874
-8.311349e-006,-0.875667
-8.311099e-006,-0.875667
-8.310849e-006,-0.874
-8.310599e-006,-0.874
-8.310349e-006,-0.875667
-8.310099e-006,-0.875667
-8.309849e-006,-0.874
-8.309599e-006,-0.874
-8.309349e-006,-0.875667
-8.309099e-006,-0.875667
-8.308849e-006,-0.874
-8.308599e-006,-0.874
-8.308349e-006,-0.875667
-8.308099e-006,-0.875667
-8.307849e-006,-0.874
-8.307599e-006,-0.874
-8.307349e-006,-0.875667
-8.307099e-006,-0.875667
-8.306849e-006,-0.874
-8.306599e-006,-0.874
-8.306349e-006,-0.875667
-8.306099e-006,-0.875667
-8.305849e-006,-0.874
-8.305599e-006,-0.874
-8.305349e-006,-0.874
-8.305099e-006,-0.874
-8.304849e-006,-0.874
-8.304599e-006,-0.874
-8.304349e-006,-0.874
-8.304099e-006,-0.874
-8.303849e-006,-0.874
-8.303599e-006,-0.874
-8.303349e-006,-0.874
-8.303099e-006,-0.874
-8.302849e-006,-0.874
-8.302599e-006,-0.874
-8.302349e-006,-0.874
-8.302099e-006,-0.874
-8.301849e-006,-0.874
-8.301599e-006,-0.874
-8.301349e-006,-0.874
-8.301099e-006,-0.875667
-8.300849e-006,-0.874
-8.300599e-006,-0.874
-8.300349e-006,-0.874
-8.300099e-006,-0.874
-8.299849e-006,-0.874
-8.299599e-006,-0.874
-8.299349e-006,-0.874
-8.299099e-006,-0.874
-8.298849e-006,-0.874
-8.298599e-006,-0.874
-8.298349e-006,-0.874
-8.298099e-006,-0.874
-8.297849e-006,-0.874
-8.297599e-006,-0.874
-8.297349e-006,-0.874
-8.297099e-006,-0.874
-8.296849e-006,-0.874
-8.296599e-006,-0.874
-8.296349e-006,-0.874
-8.296099e-006,-0.874
-8.295849e-006,-0.874
-8.295599e-006,-0.874
-8.295349e-006,-0.874
-8.295099e-006,-0.874
-8.294849e-006,-0.874
-8.294599e-006,-0.874
-8.294349e-006,-0.874
-8.294099e-006,-0.874
-8.293849e-006,-0.874
-8.293599e-006,-0.874
-8.293349e-006,-0.874
-8.293099e-006,-0.875667
-8.292849e-006,-0.874
-8.292599e-006,-0.874
-8.292349e-006,-0.874
-8.292099e-006,-0.875667
-8.291849e-006,-0.874
-8.291599e-006,-0.874
-8.291349e-006,-0.874
-8.291099e-006,-0.875667
-8.290849e-006,-0.874
-8.290599e-006,-0.874
-8.290349e-006,-0.874
-8.290099e-006,-0.875667
-8.289849e-006,-0.874
-8.289599e-006,-0.874
-8.289349e-006,-0.875667
-8.289099e-006,-0.875667
-8.288849e-006,-0.874
-8.288599e-006,-0.874
-8.288349e-006,-0.875667
-8.288099e-006,-0.875667
-8.287849e-006,-0.874
-8.287599e-006,-0.874
-8.287349e-006,-0.875667
-8.287099e-006,-0.875667
-8.286849e-006,-0.874
-8.286599e-006,-0.874
-8.286349e-006,-0.875667
-8.286099e-006,-0.875667
-8.285849e-006,-0.874
-8.285599e-006,-0.874
-8.285349e-006,-0.875667
-8.285099e-006,-0.875667
-8.284849e-006,-0.874
-8.284599e-006,-0.874
-8.284349e-006,-0.875667
-8.284099e-006,-0.875667
-8.283849e-006,-0.874
-8.283599e-006,-0.874
-8.283349e-006,-0.875667
-8.283099e-006,-0.875667
-8.282849e-006,-0.874
-8.282599e-006,-0.874
-8.282349e-006,-0.875667
-8.282099e-006,-0.875667
-8.281849e-006,-0.874
-8.281599e-006,-0.874
-8.281349e-006,-0.875667
-8.281099e-006,-0.875667
-8.280849e-006,-0.874
-8.280599e-006,-0.874
-8.280349e-006,-0.875667
-8.280099e-006,-0.875667
-8.279849e-006,-0.874
-8.279599e-006,-0.874
-8.279349e-006,-0.875667
-8.279099e-006,-0.875667
-8.278849e-006,-0.874
-8.278599e-006,-0.874
-8.278349e-006,-0.875667
-8.278099e-006,-0.875667
-8.277849e-006,-0.874
-8.277599e-006,-0.874
-8.277349e-006,-0.875667
-8.277099e-006,-0.875667
-8.276849e-006,-0.874
-8.276599e-006,-0.874
-8.276349e-006,-0.874
-8.276099e-006,-0.875667
-8.275849e-006,-0.874
-8.275599e-006,-0.874
-8.275349e-006,-0.874
-8.275099e-006,-0.875667
-8.274849e-006,-0.874
-8.274599e-006,-0.874
-8.274349e-006,-0.875667
-8.274099e-006,-0.875667
-8.273849e-006,-0.874
-8.273599e-006,-0.874
-8.273349e-006,-0.875667
-8.273099e-006,-0.875667
-8.272849e-006,-0.874
-8.272599e-006,-0.874
-8.272349e-006,-0.875667
-8.272099e-006,-0.875667
-8.271849e-006,-0.874
-8.271599e-006,-0.874
-8.271349e-006,-0.875667
-8.271099e-006,-0.874
-8.270849e-006,-0.874
-8.270599e-006,-0.874
-8.270349e-006,-0.875667
-8.270099e-006,-0.874
-8.269849e-006,-0.874
-8.269599e-006,-0.874
-8.269349e-006,-0.875667
-8.269099e-006,-0.875667
-8.268849e-006,-0.875667
-8.268599e-006,-0.874
-8.268349e-006,-0.875667
-8.268099e-006,-0.875667
-8.267849e-006,-0.874
-8.267599e-006,-0.874
-8.267349e-006,-0.875667
-8.267099e-006,-0.875667
-8.266849e-006,-0.874
-8.266599e-006,-0.874
-8.266349e-006,-0.875667
-8.266099e-006,-0.875667
-8.265849e-006,-0.874
-8.265599e-006,-0.874
-8.265349e-006,-0.874
-8.265099e-006,-0.875667
-8.264849e-006,-0.874
-8.264599e-006,-0.874
-8.264349e-006,-0.874
-8.264099e-006,-0.875667
-8.263849e-006,-0.874
-8.263599e-006,-0.874
-8.263349e-006,-0.875667
-8.263099e-006,-0.875667
-8.262849e-006,-0.874
-8.262599e-006,-0.874
-8.262349e-006,-0.874
-8.262099e-006,-0.875667
-8.261849e-006,-0.874
-8.261599e-006,-0.874
-8.261349e-006,-0.875667
-8.261099e-006,-0.875667
-8.260849e-006,-0.874
-8.260599e-006,-0.874
-8.260349e-006,-0.875667
-8.260099e-006,-0.875667
-8.259849e-006,-0.874
-8.259599e-006,-0.874
-8.259349e-006,-0.875667
-8.259099e-006,-0.875667
-8.258849e-006,-0.874
-8.258599e-006,-0.874
-8.258349e-006,-0.875667
-8.258099e-006,-0.875667
-8.257849e-006,-0.874
-8.257599e-006,-0.874
-8.257349e-006,-0.875667
-8.257099e-006,-0.875667
-8.256849e-006,-0.874
-8.256599e-006,-0.874
-8.256349e-006,-0.875667
-8.256099e-006,-0.875667
-8.255849e-006,-0.874
-8.255599e-006,-0.874
-8.255349e-006,-0.875667
-8.255099e-006,-0.875667
-8.254849e-006,-0.874
-8.254599e-006,-0.874
-8.254349e-006,-0.875667
-8.254099e-006,-0.875667
-8.253849e-006,-0.874
-8.253599e-006,-0.874
-8.253349e-006,-0.875667
-8.253099e-006,-0.875667
-8.252849e-006,-0.874
-8.252599e-006,-0.874
-8.252349e-006,-0.875667
-8.252099e-006,-0.875667
-8.251849e-006,-0.875667
-8.251599e-006,-0.874
-8.251349e-006,-0.875667
-8.251099e-006,-0.875667
-8.250849e-006,-0.874
-8.250599e-006,-0.874
-8.250349e-006,-0.875667
-8.250099e-006,-0.875667
-8.249849e-006,-0.874
-8.249599e-006,-0.874
-8.249349e-006,-0.875667
-8.249099e-006,-0.875667
-8.248849e-006,-0.874
-8.248599e-006,-0.874
-8.248349e-006,-0.875667
-8.248099e-006,-0.875667
-8.247849e-006,-0.874
-8.247599e-006,-0.874
-8.247349e-006,-0.875667
-8.247099e-006,-0.875667
-8.246849e-006,-0.874
-8.246599e-006,-0.874
-8.246349e-006,-0.875667
-8.246099e-006,-0.875667
-8.245849e-006,-0.874
-8.245599e-006,-0.874
-8.245349e-006,-0.875667
-8.245099e-006,-0.875667
-8.244849e-006,-0.874
-8.244599e-006,-0.874
-8.244349e-006,-0.875667
-8.244099e-006,-0.875667
-8.243849e-006,-0.874
-8.243599e-006,-0.874
-8.243349e-006,-0.875667
-8.243099e-006,-0.875667
-8.242849e-006,-0.874
-8.242599e-006,-0.874
-8.242349e-006,-0.875667
-8.242099e-006,-0.875667
-8.241849e-006,-0.874
-8.241599e-006,-0.874
-8.241349e-006,-0.875667
-8.241099e-006,-0.875667
-8.240849e-006,-0.874
-8.240599e-006,-0.874
-8.240349e-006,-0.875667
-8.240099e-006,-0.875667
-8.239849e-006,-0.874
-8.239599e-006,-0.874
-8.239349e-006,-0.875667
-8.239099e-006,-0.875667
-8.238849e-006,-0.874
-8.238599e-006,-0.874
-8.238349e-006,-0.875667
-8.238099e-006,-0.875667
-8.237849e-006,-0.874
-8.237599e-006,-0.874
-8.237349e-006,-0.875667
-8.237099e-006,-0.875667
-8.236849e-006,-0.874
-8.236599e-006,-0.874
-8.236349e-006,-0.875667
-8.236099e-006,-0.875667
-8.235849e-006,-0.874
-8.235599e-006,-0.874
-8.235349e-006,-0.875667
-8.235099e-006,-0.875667
-8.234849e-006,-0.874
-8.234599e-006,-0.874
-8.234349e-006,-0.875667
-8.234099e-006,-0.875667
-8.233849e-006,-0.874
-8.233599e-006,-0.874
-8.233349e-006,-0.875667
-8.233099e-006,-0.875667
-8.232849e-006,-0.874
-8.232599e-006,-0.874
-8.232349e-006,-0.875667
-8.232099e-006,-0.875667
-8.231849e-006,-0.874
-8.231599e-006,-0.874
-8.231349e-006,-0.875667
-8.231099e-006,-0.875667
-8.230849e-006,-0.874
-8.230599e-006,-0.874
-8.230349e-006,-0.875667
-8.230099e-006,-0.875667
-8.229849e-006,-0.874
-8.229599e-006,-0.874
-8.229349e-006,-0.875667
-8.229099e-006,-0.875667
-8.228849e-006,-0.874
-8.228599e-006,-0.874
-8.228349e-006,-0.875667
-8.228099e-006,-0.875667
-8.227849e-006,-0.874
-8.227599e-006,-0.874
-8.227349e-006,-0.875667
-8.227099e-006,-0.875667
-8.226849e-006,-0.874
-8.226599e-006,-0.874
-8.226349e-006,-0.875667
-8.226099e-006,-0.875667
-8.225849e-006,-0.874
-8.225599e-006,-0.874
-8.225349e-006,-0.874
-8.225099e-006,-0.875667
-8.224849e-006,-0.874
-8.224599e-006,-0.874
-8.224349e-006,-0.874
-8.224099e-006,-0.875667
-8.223849e-006,-0.874
-8.223599e-006,-0.874
-8.223349e-006,-0.874
-8.223099e-006,-0.875667
-8.222849e-006,-0.874
-8.222599e-006,-0.874
-8.222349e-006,-0.874
-8.222099e-006,-0.875667
-8.221849e-006,-0.874
-8.221599e-006,-0.874
-8.221349e-006,-0.874
-8.221099e-006,-0.875667
-8.220849e-006,-0.874
-8.220599e-006,-0.874
-8.220349e-006,-0.874
-8.220099e-006,-0.875667
-8.219849e-006,-0.874
-8.219599e-006,-0.874
-8.219349e-006,-0.874
-8.219099e-006,-0.875667
-8.218849e-006,-0.874
-8.218599e-006,-0.874
-8.218349e-006,-0.874
-8.218099e-006,-0.875667
-8.217849e-006,-0.874
-8.217599e-006,-0.874
-8.217349e-006,-0.874
-8.217099e-006,-0.875667
-8.216849e-006,-0.874
-8.216599e-006,-0.874
-8.216349e-006,-0.874
-8.216099e-006,-0.875667
-8.215849e-006,-0.874
-8.215599e-006,-0.874
-8.215349e-006,-0.874
-8.215099e-006,-0.875667
-8.214849e-006,-0.874
-8.214599e-006,-0.874
-8.214349e-006,-0.874
-8.214099e-006,-0.875667
-8.213849e-006,-0.874
-8.213599e-006,-0.874
-8.213349e-006,-0.874
-8.213099e-006,-0.875667
-8.212849e-006,-0.874
-8.212599e-006,-0.874
-8.212349e-006,-0.874
-8.212099e-006,-0.875667
-8.211849e-006,-0.874
-8.211599e-006,-0.874
-8.211349e-006,-0.875667
-8.211099e-006,-0.875667
-8.210849e-006,-0.874
-8.210599e-006,-0.874
-8.210349e-006,-0.875667
-8.210099e-006,-0.875667
-8.209849e-006,-0.874
-8.209599e-006,-0.874
-8.209349e-006,-0.874
-8.209099e-006,-0.875667
-8.208849e-006,-0.874
-8.208599e-006,-0.874
-8.208349e-006,-0.874
-8.208099e-006,-0.875667
-8.207849e-006,-0.874
-8.207599e-006,-0.874
-8.207349e-006,-0.874
-8.207099e-006,-0.875667
-8.206849e-006,-0.874
-8.206599e-006,-0.874
-8.206349e-006,-0.875667
-8.206099e-006,-0.875667
-8.205849e-006,-0.874
-8.205599e-006,-0.874
-8.205349e-006,-0.875667
-8.205099e-006,-0.875667
-8.204849e-006,-0.874
-8.204599e-006,-0.874
-8.204349e-006,-0.875667
-8.204099e-006,-0.875667
-8.203849e-006,-0.874
-8.203599e-006,-0.874
-8.203349e-006,-0.875667
-8.203099e-006,-0.875667
-8.202849e-006,-0.874
-8.202599e-006,-0.874
-8.202349e-006,-0.874
-8.202099e-006,-0.874
-8.201849e-006,-0.874
-8.201599e-006,-0.874
-8.201349e-006,-0.875667
-8.201099e-006,-0.875667
-8.200849e-006,-0.874
-8.200599e-006,-0.874
-8.200349e-006,-0.875667
-8.200099e-006,-0.875667
-8.199849e-006,-0.874
-8.199599e-006,-0.874
-8.199349e-006,-0.875667
-8.199099e-006,-0.875667
-8.198849e-006,-0.874
-8.198599e-006,-0.874
-8.198349e-006,-0.875667
-8.198099e-006,-0.875667
-8.197849e-006,-0.874
-8.197599e-006,-0.874
-8.197349e-006,-0.875667
-8.197099e-006,-0.875667
-8.196849e-006,-0.874
-8.196599e-006,-0.874
-8.196349e-006,-0.875667
-8.196099e-006,-0.875667
-8.195849e-006,-0.874
-8.195599e-006,-0.874
-8.195349e-006,-0.875667
-8.195099e-006,-0.875667
-8.194849e-006,-0.874
-8.194599e-006,-0.874
-8.194349e-006,-0.875667
-8.194099e-006,-0.875667
-8.193849e-006,-0.875667
-8.193599e-006,-0.874
-8.193349e-006,-0.875667
-8.193099e-006,-0.875667
-8.192849e-006,-0.875667
-8.192599e-006,-0.874
-8.192349e-006,-0.875667
-8.192099e-006,-0.875667
-8.191849e-006,-0.874
-8.191599e-006,-0.874
-8.191349e-006,-0.875667
-8.191099e-006,-0.875667
-8.190849e-006,-0.874
-8.190599e-006,-0.874
-8.190349e-006,-0.875667
-8.190099e-006,-0.875667
-8.189849e-006,-0.874
-8.189599e-006,-0.874
-8.189349e-006,-0.875667
-8.189099e-006,-0.875667
-8.188849e-006,-0.874
-8.188599e-006,-0.874
-8.188349e-006,-0.875667
-8.188099e-006,-0.875667
-8.187849e-006,-0.874
-8.187599e-006,-0.874
-8.187349e-006,-0.875667
-8.187099e-006,-0.875667
-8.186849e-006,-0.874
-8.186599e-006,-0.874
-8.186349e-006,-0.875667
-8.186099e-006,-0.875667
-8.185849e-006,-0.874
-8.185599e-006,-0.874
-8.185349e-006,-0.875667
-8.185099e-006,-0.875667
-8.184849e-006,-0.874
-8.184599e-006,-0.874
-8.184349e-006,-0.875667
-8.184099e-006,-0.875667
-8.183849e-006,-0.874
-8.183599e-006,-0.874
-8.183349e-006,-0.875667
-8.183099e-006,-0.875667
-8.182849e-006,-0.874
-8.182599e-006,-0.874
-8.182349e-006,-0.875667
-8.182099e-006,-0.875667
-8.181849e-006,-0.874
-8.181599e-006,-0.874
-8.181349e-006,-0.875667
-8.181099e-006,-0.875667
-8.180849e-006,-0.874
-8.180599e-006,-0.874
-8.180349e-006,-0.875667
-8.180099e-006,-0.875667
-8.179849e-006,-0.874
-8.179599e-006,-0.874
-8.179349e-006,-0.875667
-8.179099e-006,-0.875667
-8.178849e-006,-0.874
-8.178599e-006,-0.874
-8.178349e-006,-0.875667
-8.178099e-006,-0.875667
-8.177849e-006,-0.874
-8.177599e-006,-0.874
-8.177349e-006,-0.875667
-8.177099e-006,-0.874
-8.176849e-006,-0.874
-8.176599e-006,-0.874
-8.176349e-006,-0.874
-8.176099e-006,-0.874
-8.175849e-006,-0.874
-8.175599e-006,-0.874
-8.175349e-006,-0.875667
-8.175099e-006,-0.874
-8.174849e-006,-0.874
-8.174599e-006,-0.874
-8.174349e-006,-0.875667
-8.174099e-006,-0.875667
-8.173849e-006,-0.874
-8.173599e-006,-0.874
-8.173349e-006,-0.875667
-8.173099e-006,-0.875667
-8.172849e-006,-0.874
-8.172599e-006,-0.874
-8.172349e-006,-0.875667
-8.172099e-006,-0.875667
-8.171849e-006,-0.874
-8.171599e-006,-0.874
-8.171349e-006,-0.875667
-8.171099e-006,-0.875667
-8.170849e-006,-0.874
-8.170599e-006,-0.874
-8.170349e-006,-0.875667
-8.170099e-006,-0.875667
-8.169849e-006,-0.874
-8.169599e-006,-0.874
-8.169349e-006,-0.875667
-8.169099e-006,-0.875667
-8.168849e-006,-0.874
-8.168599e-006,-0.874
-8.168349e-006,-0.875667
-8.168099e-006,-0.874
-8.167849e-006,-0.874
-8.167599e-006,-0.874
-8.167349e-006,-0.875667
-8.167099e-006,-0.875667
-8.166849e-006,-0.874
-8.166599e-006,-0.874
-8.166349e-006,-0.875667
-8.166099e-006,-0.875667
-8.165849e-006,-0.874
-8.165599e-006,-0.874
-8.165349e-006,-0.875667
-8.165099e-006,-0.875667
-8.164849e-006,-0.874
-8.164599e-006,-0.874
-8.164349e-006,-0.875667
-8.164099e-006,-0.875667
-8.163849e-006,-0.874
-8.163599e-006,-0.874
-8.163349e-006,-0.875667
-8.163099e-006,-0.875667
-8.162849e-006,-0.874
-8.162599e-006,-0.874
-8.162349e-006,-0.875667
-8.162099e-006,-0.875667
-8.161849e-006,-0.874
-8.161599e-006,-0.874
-8.161349e-006,-0.875667
-8.161099e-006,-0.875667
-8.160849e-006,-0.874
-8.160599e-006,-0.874
-8.160349e-006,-0.875667
-8.160099e-006,-0.875667
-8.159849e-006,-0.874
-8.159599e-006,-0.874
-8.159349e-006,-0.875667
-8.159099e-006,-0.875667
-8.158849e-006,-0.874
-8.158599e-006,-0.874
-8.158349e-006,-0.875667
-8.158099e-006,-0.875667
-8.157849e-006,-0.874
-8.157599e-006,-0.874
-8.157349e-006,-0.875667
-8.157099e-006,-0.875667
-8.156849e-006,-0.874
-8.156599e-006,-0.874
-8.156349e-006,-0.875667
-8.156099e-006,-0.875667
-8.155849e-006,-0.874
-8.155599e-006,-0.874
-8.155349e-006,-0.875667
-8.155099e-006,-0.875667
-8.154849e-006,-0.874
-8.154599e-006,-0.874
-8.154349e-006,-0.875667
-8.154099e-006,-0.875667
-8.153849e-006,-0.874
-8.153599e-006,-0.874
-8.153349e-006,-0.875667
-8.153099e-006,-0.875667
-8.152849e-006,-0.874
-8.152599e-006,-0.874
-8.152349e-006,-0.875667
-8.152099e-006,-0.875667
-8.151849e-006,-0.874
-8.151599e-006,-0.874
-8.151349e-006,-0.875667
-8.151099e-006,-0.875667
-8.150849e-006,-0.874
-8.150599e-006,-0.874
-8.150349e-006,-0.875667
-8.150099e-006,-0.875667
-8.149849e-006,-0.874
-8.149599e-006,-0.874
-8.149349e-006,-0.875667
-8.149099e-006,-0.875667
-8.148849e-006,-0.874
-8.148599e-006,-0.874
-8.148349e-006,-0.875667
-8.148099e-006,-0.875667
-8.147849e-006,-0.874
-8.147599e-006,-0.874
-8.147349e-006,-0.875667
-8.147099e-006,-0.875667
-8.146849e-006,-0.874
-8.146599e-006,-0.874
-8.146349e-006,-0.875667
-8.146099e-006,-0.875667
-8.145849e-006,-0.874
-8.145599e-006,-0.874
-8.145349e-006,-0.875667
-8.145099e-006,-0.875667
-8.144849e-006,-0.874
-8.144599e-006,-0.874
-8.144349e-006,-0.875667
-8.144099e-006,-0.875667
-8.143849e-006,-0.874
-8.143599e-006,-0.874
-8.143349e-006,-0.875667
-8.143099e-006,-0.875667
-8.142849e-006,-0.874
-8.142599e-006,-0.874
-8.142349e-006,-0.875667
-8.142099e-006,-0.875667
-8.141849e-006,-0.874
-8.141599e-006,-0.874
-8.141349e-006,-0.875667
-8.141099e-006,-0.875667
-8.140849e-006,-0.874
-8.140599e-006,-0.874
-8.140349e-006,-0.875667
-8.140099e-006,-0.875667
-8.139849e-006,-0.874
-8.139599e-006,-0.874
-8.139349e-006,-0.875667
-8.139099e-006,-0.875667
-8.138849e-006,-0.874
-8.138599e-006,-0.874
-8.138349e-006,-0.875667
-8.138099e-006,-0.875667
-8.137849e-006,-0.874
-8.137599e-006,-0.874
-8.137349e-006,-0.875667
-8.137099e-006,-0.875667
-8.136849e-006,-0.874
-8.136599e-006,-0.874
-8.136349e-006,-0.875667
-8.136099e-006,-0.875667
-8.135849e-006,-0.874
-8.135599e-006,-0.874
-8.135349e-006,-0.875667
-8.135099e-006,-0.875667
-8.134849e-006,-0.874
-8.134599e-006,-0.874
-8.134349e-006,-0.874
-8.134099e-006,-0.874
-8.133849e-006,-0.874
-8.133599e-006,-0.874
-8.133349e-006,-0.874
-8.133099e-006,-0.874
-8.132849e-006,-0.874
-8.132599e-006,-0.874
-8.132349e-006,-0.874
-8.132099e-006,-0.874
-8.131849e-006,-0.874
-8.131599e-006,-0.874
-8.131349e-006,-0.875667
-8.131099e-006,-0.874
-8.130849e-006,-0.874
-8.130599e-006,-0.874
-8.130349e-006,-0.875667
-8.130099e-006,-0.875667
-8.129849e-006,-0.874
-8.129599e-006,-0.874
-8.129349e-006,-0.875667
-8.129099e-006,-0.875667
-8.128849e-006,-0.874
-8.128599e-006,-0.874
-8.128349e-006,-0.875667
-8.128099e-006,-0.875667
-8.127849e-006,-0.874
-8.127599e-006,-0.874
-8.127349e-006,-0.875667
-8.127099e-006,-0.875667
-8.126849e-006,-0.874
-8.126599e-006,-0.874
-8.126349e-006,-0.875667
-8.126099e-006,-0.875667
-8.125849e-006,-0.874
-8.125599e-006,-0.874
-8.125349e-006,-0.875667
-8.125099e-006,-0.875667
-8.124849e-006,-0.874
-8.124599e-006,-0.874
-8.124349e-006,-0.875667
-8.124099e-006,-0.875667
-8.123849e-006,-0.874
-8.123599e-006,-0.874
-8.123349e-006,-0.875667
-8.123099e-006,-0.875667
-8.122849e-006,-0.874
-8.122599e-006,-0.874
-8.122349e-006,-0.875667
-8.122099e-006,-0.875667
-8.121849e-006,-0.874
-8.121599e-006,-0.874
-8.121349e-006,-0.875667
-8.121099e-006,-0.875667
-8.120849e-006,-0.874
-8.120599e-006,-0.874
-8.120349e-006,-0.875667
-8.120099e-006,-0.875667
-8.119849e-006,-0.874
-8.119599e-006,-0.874
-8.119349e-006,-0.875667
-8.119099e-006,-0.875667
-8.118849e-006,-0.874
-8.118599e-006,-0.874
-8.118349e-006,-0.875667
-8.118099e-006,-0.875667
-8.117849e-006,-0.874
-8.117599e-006,-0.874
-8.117349e-006,-0.875667
-8.117099e-006,-0.875667
-8.116849e-006,-0.874
-8.116599e-006,-0.874
-8.116349e-006,-0.874
-8.116099e-006,-0.875667
-8.115849e-006,-0.874
-8.115599e-006,-0.874
-8.115349e-006,-0.874
-8.115099e-006,-0.875667
-8.114849e-006,-0.874
-8.114599e-006,-0.874
-8.114349e-006,-0.874
-8.114099e-006,-0.875667
-8.113849e-006,-0.874
-8.113599e-006,-0.874
-8.113349e-006,-0.874
-8.113099e-006,-0.875667
-8.112849e-006,-0.874
-8.112599e-006,-0.874
-8.112349e-006,-0.874
-8.112099e-006,-0.875667
-8.111849e-006,-0.874
-8.111599e-006,-0.874
-8.111349e-006,-0.874
-8.111099e-006,-0.875667
-8.110849e-006,-0.874
-8.110599e-006,-0.874
-8.110349e-006,-0.874
-8.110099e-006,-0.875667
-8.109849e-006,-0.874
-8.109599e-006,-0.874
-8.109349e-006,-0.874
-8.109099e-006,-0.875667
-8.108849e-006,-0.874
-8.108599e-006,-0.874
-8.108349e-006,-0.874
-8.108099e-006,-0.875667
-8.107849e-006,-0.874
-8.107599e-006,-0.874
-8.107349e-006,-0.875667
-8.107099e-006,-0.875667
-8.106849e-006,-0.874
-8.106599e-006,-0.874
-8.106349e-006,-0.875667
-8.106099e-006,-0.875667
-8.105849e-006,-0.875667
-8.105599e-006,-0.874
-8.105349e-006,-0.875667
-8.105099e-006,-0.875667
-8.104849e-006,-0.874
-8.104599e-006,-0.874
-8.104349e-006,-0.875667
-8.104099e-006,-0.875667
-8.103849e-006,-0.874
-8.103599e-006,-0.874
-8.103349e-006,-0.875667
-8.103099e-006,-0.875667
-8.102849e-006,-0.874
-8.102599e-006,-0.874
-8.102349e-006,-0.875667
-8.102099e-006,-0.875667
-8.101849e-006,-0.874
-8.101599e-006,-0.874
-8.101349e-006,-0.875667
-8.101099e-006,-0.875667
-8.100849e-006,-0.874
-8.100599e-006,-0.874
-8.100349e-006,-0.875667
-8.100099e-006,-0.875667
-8.099849e-006,-0.874
-8.099599e-006,-0.874
-8.099349e-006,-0.875667
-8.099099e-006,-0.875667
-8.098849e-006,-0.874
-8.098599e-006,-0.874
-8.098349e-006,-0.875667
-8.098099e-006,-0.875667
-8.097849e-006,-0.874
-8.097599e-006,-0.874
-8.097349e-006,-0.875667
-8.097099e-006,-0.875667
-8.096849e-006,-0.874
-8.096599e-006,-0.874
-8.096349e-006,-0.875667
-8.096099e-006,-0.875667
-8.095849e-006,-0.874
-8.095599e-006,-0.874
-8.095349e-006,-0.875667
-8.095099e-006,-0.875667
-8.094849e-006,-0.874
-8.094599e-006,-0.874
-8.094349e-006,-0.875667
-8.094099e-006,-0.875667
-8.093849e-006,-0.874
-8.093599e-006,-0.874
-8.093349e-006,-0.875667
-8.093099e-006,-0.874
-8.092849e-006,-0.874
-8.092599e-006,-0.874
-8.092349e-006,-0.875667
-8.092099e-006,-0.875667
-8.091849e-006,-0.874
-8.091599e-006,-0.874
-8.091349e-006,-0.875667
-8.091099e-006,-0.875667
-8.090849e-006,-0.874
-8.090599e-006,-0.874
-8.090349e-006,-0.875667
-8.090099e-006,-0.875667
-8.089849e-006,-0.874
-8.089599e-006,-0.874
-8.089349e-006,-0.875667
-8.089099e-006,-0.875667
-8.088849e-006,-0.874
-8.088599e-006,-0.874
-8.088349e-006,-0.875667
-8.088099e-006,-0.874
-8.087849e-006,-0.874
-8.087599e-006,-0.874
-8.087349e-006,-0.875667
-8.087099e-006,-0.875667
-8.086849e-006,-0.874
-8.086599e-006,-0.874
-8.086349e-006,-0.875667
-8.086099e-006,-0.875667
-8.085849e-006,-0.874
-8.085599e-006,-0.874
-8.085349e-006,-0.875667
-8.085099e-006,-0.875667
-8.084849e-006,-0.874
-8.084599e-006,-0.874
-8.084349e-006,-0.875667
-8.084099e-006,-0.875667
-8.083849e-006,-0.874
-8.083599e-006,-0.874
-8.083349e-006,-0.875667
-8.083099e-006,-0.875667
-8.082849e-006,-0.874
-8.082599e-006,-0.874
-8.082349e-006,-0.875667
-8.082099e-006,-0.875667
-8.081849e-006,-0.874
-8.081599e-006,-0.874
-8.081349e-006,-0.875667
-8.081099e-006,-0.875667
-8.080849e-006,-0.874
-8.080599e-006,-0.874
-8.080349e-006,-0.875667
-8.080099e-006,-0.875667
-8.079849e-006,-0.874
-8.079599e-006,-0.874
-8.079349e-006,-0.875667
-8.079099e-006,-0.875667
-8.078849e-006,-0.874
-8.078599e-006,-0.874
-8.078349e-006,-0.875667
-8.078099e-006,-0.875667
-8.077849e-006,-0.874
-8.077599e-006,-0.874
-8.077349e-006,-0.875667
-8.077099e-006,-0.875667
-8.076849e-006,-0.874
-8.076599e-006,-0.874
-8.076349e-006,-0.875667
-8.076099e-006,-0.875667
-8.075849e-006,-0.874
-8.075599e-006,-0.874
-8.075349e-006,-0.875667
-8.075099e-006,-0.875667
-8.074849e-006,-0.874
-8.074599e-006,-0.874
-8.074349e-006,-0.875667
-8.074099e-006,-0.875667
-8.073849e-006,-0.874
-8.073599e-006,-0.874
-8.073349e-006,-0.875667
-8.073099e-006,-0.875667
-8.072849e-006,-0.874
-8.072599e-006,-0.874
-8.072349e-006,-0.875667
-8.072099e-006,-0.875667
-8.071849e-006,-0.874
-8.071599e-006,-0.874
-8.071349e-006,-0.875667
-8.071099e-006,-0.875667
-8.070849e-006,-0.874
-8.070599e-006,-0.874
-8.070349e-006,-0.875667
-8.070099e-006,-0.875667
-8.069849e-006,-0.874
-8.069599e-006,-0.874
-8.069349e-006,-0.875667
-8.069099e-006,-0.875667
-8.068849e-006,-0.874
-8.068599e-006,-0.874
-8.068349e-006,-0.875667
-8.068099e-006,-0.875667
-8.067849e-006,-0.874
-8.067599e-006,-0.874
-8.067349e-006,-0.875667
-8.067099e-006,-0.875667
-8.066849e-006,-0.874
-8.066599e-006,-0.874
-8.066349e-006,-0.875667
-8.066099e-006,-0.875667
-8.065849e-006,-0.875667
-8.065599e-006,-0.874
-8.065349e-006,-0.875667
-8.065099e-006,-0.875667
-8.064849e-006,-0.875667
-8.064599e-006,-0.874
-8.064349e-006,-0.875667
-8.064099e-006,-0.875667
-8.063849e-006,-0.875667
-8.063599e-006,-0.874
-8.063349e-006,-0.875667
-8.063099e-006,-0.875667
-8.062849e-006,-0.874
-8.062599e-006,-0.874
-8.062349e-006,-0.875667
-8.062099e-006,-0.875667
-8.061849e-006,-0.874
-8.061599e-006,-0.874
-8.061349e-006,-0.875667
-8.061099e-006,-0.875667
-8.060849e-006,-0.874
-8.060599e-006,-0.874
-8.060349e-006,-0.874
-8.060099e-006,-0.875667
-8.059849e-006,-0.874
-8.059599e-006,-0.874
-8.059349e-006,-0.875667
-8.059099e-006,-0.875667
-8.058849e-006,-0.874
-8.058599e-006,-0.874
-8.058349e-006,-0.875667
-8.058099e-006,-0.874
-8.057849e-006,-0.874
-8.057599e-006,-0.874
-8.057349e-006,-0.875667
-8.057099e-006,-0.875667
-8.056849e-006,-0.874
-8.056599e-006,-0.874
-8.056349e-006,-0.875667
-8.056099e-006,-0.874
-8.055849e-006,-0.874
-8.055599e-006,-0.874
-8.055349e-006,-0.875667
-8.055099e-006,-0.875667
-8.054849e-006,-0.874
-8.054599e-006,-0.874
-8.054349e-006,-0.875667
-8.054099e-006,-0.875667
-8.053849e-006,-0.874
-8.053599e-006,-0.874
-8.053349e-006,-0.875667
-8.053099e-006,-0.875667
-8.052849e-006,-0.874
-8.052599e-006,-0.874
-8.052349e-006,-0.875667
-8.052099e-006,-0.875667
-8.051849e-006,-0.874
-8.051599e-006,-0.874
-8.051349e-006,-0.874
-8.051099e-006,-0.875667
-8.050849e-006,-0.874
-8.050599e-006,-0.874
-8.050349e-006,-0.874
-8.050099e-006,-0.875667
-8.049849e-006,-0.874
-8.049599e-006,-0.874
-8.049349e-006,-0.874
-8.049099e-006,-0.875667
-8.048849e-006,-0.874
-8.048599e-006,-0.874
-8.048349e-006,-0.874
-8.048099e-006,-0.875667
-8.047849e-006,-0.874
-8.047599e-006,-0.874
-8.047349e-006,-0.874
-8.047099e-006,-0.875667
-8.046849e-006,-0.874
-8.046599e-006,-0.874
-8.046349e-006,-0.874
-8.046099e-006,-0.875667
-8.045849e-006,-0.874
-8.045599e-006,-0.874
-8.045349e-006,-0.874
-8.045099e-006,-0.875667
-8.044849e-006,-0.874
-8.044599e-006,-0.874
-8.044349e-006,-0.875667
-8.044099e-006,-0.875667
-8.043849e-006,-0.874
-8.043599e-006,-0.874
-8.043349e-006,-0.875667
-8.043099e-006,-0.875667
-8.042849e-006,-0.874
-8.042599e-006,-0.874
-8.042349e-006,-0.875667
-8.042099e-006,-0.875667
-8.041849e-006,-0.874
-8.041599e-006,-0.874
-8.041349e-006,-0.875667
-8.041099e-006,-0.875667
-8.040849e-006,-0.874
-8.040599e-006,-0.874
-8.040349e-006,-0.874
-8.040099e-006,-0.875667
-8.039849e-006,-0.874
-8.039599e-006,-0.874
-8.039349e-006,-0.874
-8.039099e-006,-0.875667
-8.038849e-006,-0.874
-8.038599e-006,-0.874
-8.038349e-006,-0.875667
-8.038099e-006,-0.875667
-8.037849e-006,-0.874
-8.037599e-006,-0.874
-8.037349e-006,-0.875667
-8.037099e-006,-0.875667
-8.036849e-006,-0.874
-8.036599e-006,-0.874
-8.036349e-006,-0.874
-8.036099e-006,-0.875667
-8.035849e-006,-0.874
-8.035599e-006,-0.874
-8.035349e-006,-0.874
-8.035099e-006,-0.875667
-8.034849e-006,-0.874
-8.034599e-006,-0.874
-8.034349e-006,-0.874
-8.034099e-006,-0.875667
-8.033849e-006,-0.874
-8.033599e-006,-0.874
-8.033349e-006,-0.874
-8.033099e-006,-0.875667
-8.032849e-006,-0.874
-8.032599e-006,-0.874
-8.032349e-006,-0.874
-8.032099e-006,-0.875667
-8.031849e-006,-0.874
-8.031599e-006,-0.874
-8.031349e-006,-0.874
-8.031099e-006,-0.875667
-8.030849e-006,-0.874
-8.030599e-006,-0.874
-8.030349e-006,-0.874
-8.030099e-006,-0.875667
-8.029849e-006,-0.874
-8.029599e-006,-0.874
-8.029349e-006,-0.875667
-8.029099e-006,-0.875667
-8.028849e-006,-0.874
-8.028599e-006,-0.874
-8.028349e-006,-0.874
-8.028099e-006,-0.875667
-8.027849e-006,-0.874
-8.027599e-006,-0.874
-8.027349e-006,-0.874
-8.027099e-006,-0.875667
-8.026849e-006,-0.874
-8.026599e-006,-0.874
-8.026349e-006,-0.874
-8.026099e-006,-0.875667
-8.025849e-006,-0.874
-8.025599e-006,-0.874
-8.025349e-006,-0.874
-8.025099e-006,-0.875667
-8.024849e-006,-0.874
-8.024599e-006,-0.874
-8.024349e-006,-0.874
-8.024099e-006,-0.875667
-8.023849e-006,-0.874
-8.023599e-006,-0.874
-8.023349e-006,-0.875667
-8.023099e-006,-0.875667
-8.022849e-006,-0.874
-8.022599e-006,-0.874
-8.022349e-006,-0.875667
-8.022099e-006,-0.875667
-8.021849e-006,-0.874
-8.021599e-006,-0.874
-8.021349e-006,-0.875667
-8.021099e-006,-0.875667
-8.020849e-006,-0.874
-8.020599e-006,-0.874
-8.020349e-006,-0.874
-8.020099e-006,-0.875667
-8.019849e-006,-0.874
-8.019599e-006,-0.874
-8.019349e-006,-0.874
-8.019099e-006,-0.875667
-8.018849e-006,-0.874
-8.018599e-006,-0.874
-8.018349e-006,-0.874
-8.018099e-006,-0.875667
-8.017849e-006,-0.874
-8.017599e-006,-0.874
-8.017349e-006,-0.874
-8.017099e-006,-0.875667
-8.016849e-006,-0.874
-8.016599e-006,-0.874
-8.016349e-006,-0.875667
-8.016099e-006,-0.875667
-8.015849e-006,-0.874
-8.015599e-006,-0.874
-8.015349e-006,-0.875667
-8.015099e-006,-0.875667
-8.014849e-006,-0.874
-8.014599e-006,-0.874
-8.014349e-006,-0.875667
-8.014099e-006,-0.875667
-8.013849e-006,-0.874
-8.013599e-006,-0.874
-8.013349e-006,-0.875667
-8.013099e-006,-0.875667
-8.012849e-006,-0.874
-8.012599e-006,-0.874
-8.012349e-006,-0.875667
-8.012099e-006,-0.875667
-8.011849e-006,-0.874
-8.011599e-006,-0.874
-8.011349e-006,-0.875667
-8.011099e-006,-0.875667
-8.010849e-006,-0.874
-8.010599e-006,-0.874
-8.010349e-006,-0.875667
-8.010099e-006,-0.875667
-8.009849e-006,-0.874
-8.009599e-006,-0.874
-8.009349e-006,-0.875667
-8.009099e-006,-0.875667
-8.008849e-006,-0.874
-8.008599e-006,-0.874
-8.008349e-006,-0.875667
-8.008099e-006,-0.875667
-8.007849e-006,-0.874
-8.007599e-006,-0.874
-8.007349e-006,-0.875667
-8.007099e-006,-0.875667
-8.006849e-006,-0.874
-8.006599e-006,-0.874
-8.006349e-006,-0.875667
-8.006099e-006,-0.875667
-8.005849e-006,-0.874
-8.005599e-006,-0.874
-8.005349e-006,-0.875667
-8.005099e-006,-0.875667
-8.004849e-006,-0.874
-8.004599e-006,-0.874
-8.004349e-006,-0.874
-8.004099e-006,-0.875667
-8.003849e-006,-0.874
-8.003599e-006,-0.874
-8.003349e-006,-0.874
-8.003099e-006,-0.875667
-8.002849e-006,-0.874
-8.002599e-006,-0.874
-8.002349e-006,-0.875667
-8.002099e-006,-0.875667
-8.001849e-006,-0.874
-8.001599e-006,-0.874
-8.001349e-006,-0.875667
-8.001099e-006,-0.875667
-8.000849e-006,-0.874
-8.000599e-006,-0.874
-8.000349e-006,-0.875667
-8.000099e-006,-0.875667
-7.999849e-006,-0.874
-7.999599e-006,-0.874
-7.999349e-006,-0.874
-7.999099e-006,-0.875667
-7.998849e-006,-0.874
-7.998599e-006,-0.874
-7.998349e-006,-0.874
-7.998099e-006,-0.875667
-7.997849e-006,-0.874
-7.997599e-006,-0.874
-7.997349e-006,-0.875667
-7.997099e-006,-0.875667
-7.996849e-006,-0.874
-7.996599e-006,-0.874
-7.996349e-006,-0.875667
-7.996099e-006,-0.875667
-7.995849e-006,-0.874
-7.995599e-006,-0.874
-7.995349e-006,-0.875667
-7.995099e-006,-0.875667
-7.994849e-006,-0.874
-7.994599e-006,-0.874
-7.994349e-006,-0.875667
-7.994099e-006,-0.875667
-7.993849e-006,-0.874
-7.993599e-006,-0.874
-7.993349e-006,-0.875667
-7.993099e-006,-0.875667
-7.992849e-006,-0.874
-7.992599e-006,-0.874
-7.992349e-006,-0.875667
-7.992099e-006,-0.875667
-7.991849e-006,-0.874
-7.991599e-006,-0.874
-7.991349e-006,-0.875667
-7.991099e-006,-0.875667
-7.990849e-006,-0.874
-7.990599e-006,-0.874
-7.990349e-006,-0.875667
-7.990099e-006,-0.875667
-7.989849e-006,-0.874
-7.989599e-006,-0.874
-7.989349e-006,-0.875667
-7.989099e-006,-0.875667
-7.988849e-006,-0.874
-7.988599e-006,-0.874
-7.988349e-006,-0.875667
-7.988099e-006,-0.875667
-7.987849e-006,-0.874
-7.987599e-006,-0.874
-7.987349e-006,-0.875667
-7.987099e-006,-0.875667
-7.986849e-006,-0.874
-7.986599e-006,-0.874
-7.986349e-006,-0.875667
-7.986099e-006,-0.875667
-7.985849e-006,-0.874
-7.985599e-006,-0.874
-7.985349e-006,-0.875667
-7.985099e-006,-0.875667
-7.984849e-006,-0.874
-7.984599e-006,-0.874
-7.984349e-006,-0.875667
-7.984099e-006,-0.875667
-7.983849e-006,-0.874
-7.983599e-006,-0.874
-7.983349e-006,-0.875667
-7.983099e-006,-0.875667
-7.982849e-006,-0.874
-7.982599e-006,-0.874
-7.982349e-006,-0.875667
-7.982099e-006,-0.875667
-7.981849e-006,-0.874
-7.981599e-006,-0.874
-7.981349e-006,-0.875667
-7.981099e-006,-0.875667
-7.980849e-006,-0.874
-7.980599e-006,-0.874
-7.980349e-006,-0.875667
-7.980099e-006,-0.875667
-7.979849e-006,-0.874
-7.979599e-006,-0.874
-7.979349e-006,-0.875667
-7.979099e-006,-0.875667
-7.978849e-006,-0.874
-7.978599e-006,-0.874
-7.978349e-006,-0.875667
-7.978099e-006,-0.875667
-7.977849e-006,-0.874
-7.977599e-006,-0.874
-7.977349e-006,-0.875667
-7.977099e-006,-0.875667
-7.976849e-006,-0.874
-7.976599e-006,-0.874
-7.976349e-006,-0.875667
-7.976099e-006,-0.875667
-7.975849e-006,-0.874
-7.975599e-006,-0.874
-7.975349e-006,-0.875667
-7.975099e-006,-0.875667
-7.974849e-006,-0.874
-7.974599e-006,-0.874
-7.974349e-006,-0.875667
-7.974099e-006,-0.875667
-7.973849e-006,-0.874
-7.973599e-006,-0.874
-7.973349e-006,-0.875667
-7.973099e-006,-0.875667
-7.972849e-006,-0.874
-7.972599e-006,-0.874
-7.972349e-006,-0.875667
-7.972099e-006,-0.875667
-7.971849e-006,-0.874
-7.971599e-006,-0.874
-7.971349e-006,-0.875667
-7.971099e-006,-0.875667
-7.970849e-006,-0.875667
-7.970599e-006,-0.874
-7.970349e-006,-0.875667
-7.970099e-006,-0.875667
-7.969849e-006,-0.874
-7.969599e-006,-0.874
-7.969349e-006,-0.875667
-7.969099e-006,-0.875667
-7.968849e-006,-0.874
-7.968599e-006,-0.874
-7.968349e-006,-0.875667
-7.968099e-006,-0.875667
-7.967849e-006,-0.874
-7.967599e-006,-0.874
-7.967349e-006,-0.875667
-7.967099e-006,-0.875667
-7.966849e-006,-0.874
-7.966599e-006,-0.874
-7.966349e-006,-0.875667
-7.966099e-006,-0.875667
-7.965849e-006,-0.874
-7.965599e-006,-0.874
-7.965349e-006,-0.875667
-7.965099e-006,-0.875667
-7.964849e-006,-0.874
-7.964599e-006,-0.874
-7.964349e-006,-0.875667
-7.964099e-006,-0.875667
-7.963849e-006,-0.874
-7.963599e-006,-0.874
-7.963349e-006,-0.875667
-7.963099e-006,-0.875667
-7.962849e-006,-0.874
-7.962599e-006,-0.874
-7.962349e-006,-0.875667
-7.962099e-006,-0.875667
-7.961849e-006,-0.874
-7.961599e-006,-0.874
-7.961349e-006,-0.875667
-7.961099e-006,-0.875667
-7.960849e-006,-0.874
-7.960599e-006,-0.874
-7.960349e-006,-0.874
-7.960099e-006,-0.875667
-7.959849e-006,-0.874
-7.959599e-006,-0.874
-7.959349e-006,-0.874
-7.959099e-006,-0.875667
-7.958849e-006,-0.874
-7.958599e-006,-0.874
-7.958349e-006,-0.875667
-7.958099e-006,-0.875667
-7.957849e-006,-0.874
-7.957599e-006,-0.874
-7.957349e-006,-0.875667
-7.957099e-006,-0.875667
-7.956849e-006,-0.874
-7.956599e-006,-0.874
-7.956349e-006,-0.875667
-7.956099e-006,-0.875667
-7.955849e-006,-0.874
-7.955599e-006,-0.874
-7.955349e-006,-0.875667
-7.955099e-006,-0.875667
-7.954849e-006,-0.874
-7.954599e-006,-0.874
-7.954349e-006,-0.874
-7.954099e-006,-0.875667
-7.953849e-006,-0.874
-7.953599e-006,-0.874
-7.953349e-006,-0.874
-7.953099e-006,-0.874
-7.952849e-006,-0.874
-7.952599e-006,-0.874
-7.952349e-006,-0.874
-7.952099e-006,-0.875667
-7.951849e-006,-0.874
-7.951599e-006,-0.874
-7.951349e-006,-0.874
-7.951099e-006,-0.875667
-7.950849e-006,-0.874
-7.950599e-006,-0.874
-7.950349e-006,-0.875667
-7.950099e-006,-0.875667
-7.949849e-006,-0.874
-7.949599e-006,-0.874
-7.949349e-006,-0.875667
-7.949099e-006,-0.875667
-7.948849e-006,-0.874
-7.948599e-006,-0.874
-7.948349e-006,-0.875667
-7.948099e-006,-0.875667
-7.947849e-006,-0.874
-7.947599e-006,-0.874
-7.947349e-006,-0.875667
-7.947099e-006,-0.875667
-7.946849e-006,-0.874
-7.946599e-006,-0.874
-7.946349e-006,-0.875667
-7.946099e-006,-0.875667
-7.945849e-006,-0.874
-7.945599e-006,-0.874
-7.945349e-006,-0.875667
-7.945099e-006,-0.875667
-7.944849e-006,-0.874
-7.944599e-006,-0.874
-7.944349e-006,-0.874
-7.944099e-006,-0.875667
-7.943849e-006,-0.874
-7.943599e-006,-0.874
-7.943349e-006,-0.875667
-7.943099e-006,-0.875667
-7.942849e-006,-0.874
-7.942599e-006,-0.874
-7.942349e-006,-0.874
-7.942099e-006,-0.875667
-7.941849e-006,-0.874
-7.941599e-006,-0.874
-7.941349e-006,-0.874
-7.941099e-006,-0.875667
-7.940849e-006,-0.874
-7.940599e-006,-0.874
-7.940349e-006,-0.875667
-7.940099e-006,-0.875667
-7.939849e-006,-0.874
-7.939599e-006,-0.874
-7.939349e-006,-0.875667
-7.939099e-006,-0.875667
-7.938849e-006,-0.874
-7.938599e-006,-0.874
-7.938349e-006,-0.875667
-7.938099e-006,-0.875667
-7.937849e-006,-0.874
-7.937599e-006,-0.874
-7.937349e-006,-0.874
-7.937099e-006,-0.875667
-7.936849e-006,-0.874
-7.936599e-006,-0.874
-7.936349e-006,-0.874
-7.936099e-006,-0.875667
-7.935849e-006,-0.874
-7.935599e-006,-0.874
-7.935349e-006,-0.874
-7.935099e-006,-0.875667
-7.934849e-006,-0.874
-7.934599e-006,-0.874
-7.934349e-006,-0.874
-7.934099e-006,-0.875667
-7.933849e-006,-0.874
-7.933599e-006,-0.874
-7.933349e-006,-0.875667
-7.933099e-006,-0.875667
-7.932849e-006,-0.874
-7.932599e-006,-0.874
-7.932349e-006,-0.875667
-7.932099e-006,-0.875667
-7.931849e-006,-0.874
-7.931599e-006,-0.874
-7.931349e-006,-0.875667
-7.931099e-006,-0.875667
-7.930849e-006,-0.874
-7.930599e-006,-0.874
-7.930349e-006,-0.875667
-7.930099e-006,-0.875667
-7.929849e-006,-0.874
-7.929599e-006,-0.874
-7.929349e-006,-0.874
-7.929099e-006,-0.875667
-7.928849e-006,-0.874
-7.928599e-006,-0.874
-7.928349e-006,-0.875667
-7.928099e-006,-0.875667
-7.927849e-006,-0.874
-7.927599e-006,-0.874
-7.927349e-006,-0.875667
-7.927099e-006,-0.875667
-7.926849e-006,-0.874
-7.926599e-006,-0.874
-7.926349e-006,-0.874
-7.926099e-006,-0.875667
-7.925849e-006,-0.874
-7.925599e-006,-0.874
-7.925349e-006,-0.875667
-7.925099e-006,-0.875667
-7.924849e-006,-0.874
-7.924599e-006,-0.874
-7.924349e-006,-0.875667
-7.924099e-006,-0.875667
-7.923849e-006,-0.874
-7.923599e-006,-0.874
-7.923349e-006,-0.875667
-7.923099e-006,-0.875667
-7.922849e-006,-0.874
-7.922599e-006,-0.874
-7.922349e-006,-0.875667
-7.922099e-006,-0.875667
-7.921849e-006,-0.874
-7.921599e-006,-0.874
-7.921349e-006,-0.874
-7.921099e-006,-0.875667
-7.920849e-006,-0.874
-7.920599e-006,-0.874
-7.920349e-006,-0.875667
-7.920099e-006,-0.875667
-7.919849e-006,-0.874
-7.919599e-006,-0.874
-7.919349e-006,-0.875667
-7.919099e-006,-0.875667
-7.918849e-006,-0.874
-7.918599e-006,-0.874
-7.918349e-006,-0.875667
-7.918099e-006,-0.875667
-7.917849e-006,-0.874
-7.917599e-006,-0.874
-7.917349e-006,-0.875667
-7.917099e-006,-0.875667
-7.916849e-006,-0.874
-7.916599e-006,-0.874
-7.916349e-006,-0.875667
-7.916099e-006,-0.875667
-7.915849e-006,-0.874
-7.915599e-006,-0.874
-7.915349e-006,-0.874
-7.915099e-006,-0.875667
-7.914849e-006,-0.874
-7.914599e-006,-0.874
-7.914349e-006,-0.874
-7.914099e-006,-0.875667
-7.913849e-006,-0.874
-7.913599e-006,-0.874
-7.913349e-006,-0.874
-7.913099e-006,-0.875667
-7.912849e-006,-0.874
-7.912599e-006,-0.874
-7.912349e-006,-0.874
-7.912099e-006,-0.875667
-7.911849e-006,-0.874
-7.911599e-006,-0.874
-7.911349e-006,-0.874
-7.911099e-006,-0.875667
-7.910849e-006,-0.874
-7.910599e-006,-0.874
-7.910349e-006,-0.874
-7.910099e-006,-0.874
-7.909849e-006,-0.874
-7.909599e-006,-0.874
-7.909349e-006,-0.875667
-7.909099e-006,-0.875667
-7.908849e-006,-0.874
-7.908599e-006,-0.874
-7.908349e-006,-0.874
-7.908099e-006,-0.875667
-7.907849e-006,-0.874
-7.907599e-006,-0.874
-7.907349e-006,-0.874
-7.907099e-006,-0.874
-7.906849e-006,-0.874
-7.906599e-006,-0.874
-7.906349e-006,-0.874
-7.906099e-006,-0.874
-7.905849e-006,-0.874
-7.905599e-006,-0.874
-7.905349e-006,-0.874
-7.905099e-006,-0.874
-7.904849e-006,-0.874
-7.904599e-006,-0.874
-7.904349e-006,-0.874
-7.904099e-006,-0.874
-7.903849e-006,-0.874
-7.903599e-006,-0.874
-7.903349e-006,-0.874
-7.903099e-006,-0.875667
-7.902849e-006,-0.874
-7.902599e-006,-0.874
-7.902349e-006,-0.874
-7.902099e-006,-0.875667
-7.901849e-006,-0.874
-7.901599e-006,-0.874
-7.901349e-006,-0.875667
-7.901099e-006,-0.875667
-7.900849e-006,-0.874
-7.900599e-006,-0.874
-7.900349e-006,-0.875667
-7.900099e-006,-0.875667
-7.899849e-006,-0.874
-7.899599e-006,-0.874
-7.899349e-006,-0.875667
-7.899099e-006,-0.875667
-7.898849e-006,-0.874
-7.898599e-006,-0.874
-7.898349e-006,-0.874
-7.898099e-006,-0.875667
-7.897849e-006,-0.874
-7.897599e-006,-0.874
-7.897349e-006,-0.875667
-7.897099e-006,-0.875667
-7.896849e-006,-0.874
-7.896599e-006,-0.874
-7.896349e-006,-0.875667
-7.896099e-006,-0.874
-7.895849e-006,-0.874
-7.895599e-006,-0.874
-7.895349e-006,-0.875667
-7.895099e-006,-0.874
-7.894849e-006,-0.874
-7.894599e-006,-0.874
-7.894349e-006,-0.875667
-7.894099e-006,-0.875667
-7.893849e-006,-0.874
-7.893599e-006,-0.874
-7.893349e-006,-0.875667
-7.893099e-006,-0.875667
-7.892849e-006,-0.874
-7.892599e-006,-0.874
-7.892349e-006,-0.875667
-7.892099e-006,-0.875667
-7.891849e-006,-0.874
-7.891599e-006,-0.874
-7.891349e-006,-0.874
-7.891099e-006,-0.875667
-7.890849e-006,-0.874
-7.890599e-006,-0.874
-7.890349e-006,-0.874
-7.890099e-006,-0.875667
-7.889849e-006,-0.874
-7.889599e-006,-0.874
-7.889349e-006,-0.874
-7.889099e-006,-0.875667
-7.888849e-006,-0.874
-7.888599e-006,-0.874
-7.888349e-006,-0.874
-7.888099e-006,-0.875667
-7.887849e-006,-0.874
-7.887599e-006,-0.874
-7.887349e-006,-0.875667
-7.887099e-006,-0.875667
-7.886849e-006,-0.874
-7.886599e-006,-0.874
-7.886349e-006,-0.875667
-7.886099e-006,-0.875667
-7.885849e-006,-0.874
-7.885599e-006,-0.874
-7.885349e-006,-0.875667
-7.885099e-006,-0.875667
-7.884849e-006,-0.874
-7.884599e-006,-0.874
-7.884349e-006,-0.875667
-7.884099e-006,-0.875667
-7.883849e-006,-0.874
-7.883599e-006,-0.874
-7.883349e-006,-0.874
-7.883099e-006,-0.875667
-7.882849e-006,-0.874
-7.882599e-006,-0.874
-7.882349e-006,-0.875667
-7.882099e-006,-0.875667
-7.881849e-006,-0.874
-7.881599e-006,-0.874
-7.881349e-006,-0.875667
-7.881099e-006,-0.875667
-7.880849e-006,-0.874
-7.880599e-006,-0.874
-7.880349e-006,-0.875667
-7.880099e-006,-0.875667
-7.879849e-006,-0.874
-7.879599e-006,-0.874
-7.879349e-006,-0.875667
-7.879099e-006,-0.875667
-7.878849e-006,-0.874
-7.878599e-006,-0.874
-7.878349e-006,-0.875667
-7.878099e-006,-0.875667
-7.877849e-006,-0.874
-7.877599e-006,-0.874
-7.877349e-006,-0.875667
-7.877099e-006,-0.875667
-7.876849e-006,-0.874
-7.876599e-006,-0.874
-7.876349e-006,-0.875667
-7.876099e-006,-0.875667
-7.875849e-006,-0.874
-7.875599e-006,-0.874
-7.875349e-006,-0.875667
-7.875099e-006,-0.875667
-7.874849e-006,-0.874
-7.874599e-006,-0.874
-7.874349e-006,-0.875667
-7.874099e-006,-0.875667
-7.873849e-006,-0.874
-7.873599e-006,-0.874
-7.873349e-006,-0.875667
-7.873099e-006,-0.875667
-7.872849e-006,-0.874
-7.872599e-006,-0.874
-7.872349e-006,-0.875667
-7.872099e-006,-0.875667
-7.871849e-006,-0.874
-7.871599e-006,-0.874
-7.871349e-006,-0.875667
-7.871099e-006,-0.875667
-7.870849e-006,-0.874
-7.870599e-006,-0.874
-7.870349e-006,-0.875667
-7.870099e-006,-0.875667
-7.869849e-006,-0.874
-7.869599e-006,-0.874
-7.869349e-006,-0.875667
-7.869099e-006,-0.875667
-7.868849e-006,-0.874
-7.868599e-006,-0.874
-7.868349e-006,-0.875667
-7.868099e-006,-0.875667
-7.867849e-006,-0.874
-7.867599e-006,-0.874
-7.867349e-006,-0.875667
-7.867099e-006,-0.875667
-7.866849e-006,-0.874
-7.866599e-006,-0.874
-7.866349e-006,-0.875667
-7.866099e-006,-0.875667
-7.865849e-006,-0.874
-7.865599e-006,-0.874
-7.865349e-006,-0.875667
-7.865099e-006,-0.875667
-7.864849e-006,-0.874
-7.864599e-006,-0.874
-7.864349e-006,-0.875667
-7.864099e-006,-0.875667
-7.863849e-006,-0.874
-7.863599e-006,-0.874
-7.863349e-006,-0.875667
-7.863099e-006,-0.875667
-7.862849e-006,-0.874
-7.862599e-006,-0.874
-7.862349e-006,-0.875667
-7.862099e-006,-0.875667
-7.861849e-006,-0.874
-7.861599e-006,-0.874
-7.861349e-006,-0.875667
-7.861099e-006,-0.875667
-7.860849e-006,-0.874
-7.860599e-006,-0.874
-7.860349e-006,-0.875667
-7.860099e-006,-0.875667
-7.859849e-006,-0.874
-7.859599e-006,-0.874
-7.859349e-006,-0.874
-7.859099e-006,-0.875667
-7.858849e-006,-0.874
-7.858599e-006,-0.874
-7.858349e-006,-0.874
-7.858099e-006,-0.874
-7.857849e-006,-0.874
-7.857599e-006,-0.874
-7.857349e-006,-0.874
-7.857099e-006,-0.874
-7.856849e-006,-0.874
-7.856599e-006,-0.874
-7.856349e-006,-0.874
-7.856099e-006,-0.875667
-7.855849e-006,-0.874
-7.855599e-006,-0.874
-7.855349e-006,-0.874
-7.855099e-006,-0.875667
-7.854849e-006,-0.874
-7.854599e-006,-0.874
-7.854349e-006,-0.875667
-7.854099e-006,-0.875667
-7.853849e-006,-0.874
-7.853599e-006,-0.874
-7.853349e-006,-0.875667
-7.853099e-006,-0.875667
-7.852849e-006,-0.874
-7.852599e-006,-0.874
-7.852349e-006,-0.875667
-7.852099e-006,-0.875667
-7.851849e-006,-0.874
-7.851599e-006,-0.874
-7.851349e-006,-0.875667
-7.851099e-006,-0.875667
-7.850849e-006,-0.874
-7.850599e-006,-0.874
-7.850349e-006,-0.875667
-7.850099e-006,-0.874
-7.849849e-006,-0.874
-7.849599e-006,-0.874
-7.849349e-006,-0.875667
-7.849099e-006,-0.875667
-7.848849e-006,-0.874
-7.848599e-006,-0.874
-7.848349e-006,-0.874
-7.848099e-006,-0.874
-7.847849e-006,-0.874
-7.847599e-006,-0.874
-7.847349e-006,-0.874
-7.847099e-006,-0.874
-7.846849e-006,-0.874
-7.846599e-006,-0.874
-7.846349e-006,-0.874
-7.846099e-006,-0.874
-7.845849e-006,-0.874
-7.845599e-006,-0.874
-7.845349e-006,-0.874
-7.845099e-006,-0.874
-7.844849e-006,-0.874
-7.844599e-006,-0.874
-7.844349e-006,-0.875667
-7.844099e-006,-0.875667
-7.843849e-006,-0.874
-7.843599e-006,-0.874
-7.843349e-006,-0.875667
-7.843099e-006,-0.875667
-7.842849e-006,-0.874
-7.842599e-006,-0.874
-7.842349e-006,-0.875667
-7.842099e-006,-0.875667
-7.841849e-006,-0.874
-7.841599e-006,-0.874
-7.841349e-006,-0.875667
-7.841099e-006,-0.875667
-7.840849e-006,-0.874
-7.840599e-006,-0.874
-7.840349e-006,-0.875667
-7.840099e-006,-0.875667
-7.839849e-006,-0.874
-7.839599e-006,-0.874
-7.839349e-006,-0.875667
-7.839099e-006,-0.875667
-7.838849e-006,-0.874
-7.838599e-006,-0.874
-7.838349e-006,-0.875667
-7.838099e-006,-0.875667
-7.837849e-006,-0.874
-7.837599e-006,-0.874
-7.837349e-006,-0.875667
-7.837099e-006,-0.875667
-7.836849e-006,-0.874
-7.836599e-006,-0.874
-7.836349e-006,-0.874
-7.836099e-006,-0.875667
-7.835849e-006,-0.874
-7.835599e-006,-0.874
-7.835349e-006,-0.875667
-7.835099e-006,-0.875667
-7.834849e-006,-0.874
-7.834599e-006,-0.874
-7.834349e-006,-0.875667
-7.834099e-006,-0.875667
-7.833849e-006,-0.874
-7.833599e-006,-0.874
-7.833349e-006,-0.875667
-7.833099e-006,-0.875667
-7.832849e-006,-0.874
-7.832599e-006,-0.874
-7.832349e-006,-0.875667
-7.832099e-006,-0.875667
-7.831849e-006,-0.874
-7.831599e-006,-0.874
-7.831349e-006,-0.875667
-7.831099e-006,-0.875667
-7.830849e-006,-0.874
-7.830599e-006,-0.874
-7.830349e-006,-0.875667
-7.830099e-006,-0.875667
-7.829849e-006,-0.874
-7.829599e-006,-0.874
-7.829349e-006,-0.874
-7.829099e-006,-0.874
-7.828849e-006,-0.874
-7.828599e-006,-0.874
-7.828349e-006,-0.874
-7.828099e-006,-0.875667
-7.827849e-006,-0.874
-7.827599e-006,-0.874
-7.827349e-006,-0.874
-7.827099e-006,-0.875667
-7.826849e-006,-0.874
-7.826599e-006,-0.874
-7.826349e-006,-0.874
-7.826099e-006,-0.875667
-7.825849e-006,-0.874
-7.825599e-006,-0.874
-7.825349e-006,-0.875667
-7.825099e-006,-0.875667
-7.824849e-006,-0.874
-7.824599e-006,-0.874
-7.824349e-006,-0.875667
-7.824099e-006,-0.875667
-7.823849e-006,-0.874
-7.823599e-006,-0.874
-7.823349e-006,-0.875667
-7.823099e-006,-0.875667
-7.822849e-006,-0.874
-7.822599e-006,-0.874
-7.822349e-006,-0.875667
-7.822099e-006,-0.875667
-7.821849e-006,-0.874
-7.821599e-006,-0.874
-7.821349e-006,-0.875667
-7.821099e-006,-0.875667
-7.820849e-006,-0.874
-7.820599e-006,-0.874
-7.820349e-006,-0.875667
-7.820099e-006,-0.875667
-7.819849e-006,-0.874
-7.819599e-006,-0.874
-7.819349e-006,-0.875667
-7.819099e-006,-0.875667
-7.818849e-006,-0.874
-7.818599e-006,-0.874
-7.818349e-006,-0.875667
-7.818099e-006,-0.875667
-7.817849e-006,-0.874
-7.817599e-006,-0.874
-7.817349e-006,-0.875667
-7.817099e-006,-0.875667
-7.816849e-006,-0.874
-7.816599e-006,-0.874
-7.816349e-006,-0.875667
-7.816099e-006,-0.875667
-7.815849e-006,-0.874
-7.815599e-006,-0.874
-7.815349e-006,-0.875667
-7.815099e-006,-0.875667
-7.814849e-006,-0.874
-7.814599e-006,-0.874
-7.814349e-006,-0.875667
-7.814099e-006,-0.875667
-7.813849e-006,-0.874
-7.813599e-006,-0.874
-7.813349e-006,-0.875667
-7.813099e-006,-0.875667
-7.812849e-006,-0.874
-7.812599e-006,-0.874
-7.812349e-006,-0.875667
-7.812099e-006,-0.875667
-7.811849e-006,-0.874
-7.811599e-006,-0.874
-7.811349e-006,-0.875667
-7.811099e-006,-0.875667
-7.810849e-006,-0.874
-7.810599e-006,-0.874
-7.810349e-006,-0.875667
-7.810099e-006,-0.875667
-7.809849e-006,-0.874
-7.809599e-006,-0.874
-7.809349e-006,-0.875667
-7.809099e-006,-0.875667
-7.808849e-006,-0.874
-7.808599e-006,-0.874
-7.808349e-006,-0.874
-7.808099e-006,-0.875667
-7.807849e-006,-0.874
-7.807599e-006,-0.874
-7.807349e-006,-0.874
-7.807099e-006,-0.875667
-7.806849e-006,-0.874
-7.806599e-006,-0.874
-7.806349e-006,-0.874
-7.806099e-006,-0.874
-7.805849e-006,-0.874
-7.805599e-006,-0.874
-7.805349e-006,-0.874
-7.805099e-006,-0.875667
-7.804849e-006,-0.874
-7.804599e-006,-0.874
-7.804349e-006,-0.874
-7.804099e-006,-0.875667
-7.803849e-006,-0.874
-7.803599e-006,-0.874
-7.803349e-006,-0.875667
-7.803099e-006,-0.875667
-7.802849e-006,-0.874
-7.802599e-006,-0.874
-7.802349e-006,-0.875667
-7.802099e-006,-0.875667
-7.801849e-006,-0.874
-7.801599e-006,-0.874
-7.801349e-006,-0.874
-7.801099e-006,-0.875667
-7.800849e-006,-0.874
-7.800599e-006,-0.874
-7.800349e-006,-0.875667
-7.800099e-006,-0.875667
-7.799849e-006,-0.874
-7.799599e-006,-0.874
-7.799349e-006,-0.875667
-7.799099e-006,-0.875667
-7.798849e-006,-0.874
-7.798599e-006,-0.874
-7.798349e-006,-0.875667
-7.798099e-006,-0.875667
-7.797849e-006,-0.874
-7.797599e-006,-0.874
-7.797349e-006,-0.875667
-7.797099e-006,-0.875667
-7.796849e-006,-0.874
-7.796599e-006,-0.874
-7.796349e-006,-0.874
-7.796099e-006,-0.875667
-7.795849e-006,-0.874
-7.795599e-006,-0.874
-7.795349e-006,-0.874
-7.795099e-006,-0.875667
-7.794849e-006,-0.874
-7.794599e-006,-0.874
-7.794349e-006,-0.875667
-7.794099e-006,-0.875667
-7.793849e-006,-0.874
-7.793599e-006,-0.874
-7.793349e-006,-0.875667
-7.793099e-006,-0.875667
-7.792849e-006,-0.874
-7.792599e-006,-0.874
-7.792349e-006,-0.875667
-7.792099e-006,-0.875667
-7.791849e-006,-0.874
-7.791599e-006,-0.874
-7.791349e-006,-0.874
-7.791099e-006,-0.875667
-7.790849e-006,-0.874
-7.790599e-006,-0.874
-7.790349e-006,-0.874
-7.790099e-006,-0.875667
-7.789849e-006,-0.874
-7.789599e-006,-0.874
-7.789349e-006,-0.874
-7.789099e-006,-0.874
-7.788849e-006,-0.874
-7.788599e-006,-0.874
-7.788349e-006,-0.874
-7.788099e-006,-0.874
-7.787849e-006,-0.874
-7.787599e-006,-0.874
-7.787349e-006,-0.874
-7.787099e-006,-0.874
-7.786849e-006,-0.874
-7.786599e-006,-0.874
-7.786349e-006,-0.874
-7.786099e-006,-0.874
-7.785849e-006,-0.874
-7.785599e-006,-0.874
-7.785349e-006,-0.874
-7.785099e-006,-0.874
-7.784849e-006,-0.874
-7.784599e-006,-0.874
-7.784349e-006,-0.874
-7.784099e-006,-0.875667
-7.783849e-006,-0.874
-7.783599e-006,-0.874
-7.783349e-006,-0.874
-7.783099e-006,-0.875667
-7.782849e-006,-0.874
-7.782599e-006,-0.874
-7.782349e-006,-0.874
-7.782099e-006,-0.875667
-7.781849e-006,-0.874
-7.781599e-006,-0.874
-7.781349e-006,-0.874
-7.781099e-006,-0.875667
-7.780849e-006,-0.874
-7.780599e-006,-0.874
-7.780349e-006,-0.874
-7.780099e-006,-0.875667
-7.779849e-006,-0.874
-7.779599e-006,-0.874
-7.779349e-006,-0.874
-7.779099e-006,-0.875667
-7.778849e-006,-0.874
-7.778599e-006,-0.874
-7.778349e-006,-0.874
-7.778099e-006,-0.875667
-7.777849e-006,-0.874
-7.777599e-006,-0.874
-7.777349e-006,-0.874
-7.777099e-006,-0.875667
-7.776849e-006,-0.874
-7.776599e-006,-0.874
-7.776349e-006,-0.874
-7.776099e-006,-0.875667
-7.775849e-006,-0.874
-7.775599e-006,-0.874
-7.775349e-006,-0.874
-7.775099e-006,-0.875667
-7.774849e-006,-0.874
-7.774599e-006,-0.874
-7.774349e-006,-0.874
-7.774099e-006,-0.875667
-7.773849e-006,-0.874
-7.773599e-006,-0.874
-7.773349e-006,-0.875667
-7.773099e-006,-0.875667
-7.772849e-006,-0.874
-7.772599e-006,-0.874
-7.772349e-006,-0.875667
-7.772099e-006,-0.875667
-7.771849e-006,-0.874
-7.771599e-006,-0.874
-7.771349e-006,-0.875667
-7.771099e-006,-0.875667
-7.770849e-006,-0.874
-7.770599e-006,-0.874
-7.770349e-006,-0.875667
-7.770099e-006,-0.875667
-7.769849e-006,-0.874
-7.769599e-006,-0.874
-7.769349e-006,-0.875667
-7.769099e-006,-0.875667
-7.768849e-006,-0.874
-7.768599e-006,-0.874
-7.768349e-006,-0.875667
-7.768099e-006,-0.875667
-7.767849e-006,-0.874
-7.767599e-006,-0.874
-7.767349e-006,-0.875667
-7.767099e-006,-0.875667
-7.766849e-006,-0.874
-7.766599e-006,-0.874
-7.766349e-006,-0.875667
-7.766099e-006,-0.875667
-7.765849e-006,-0.874
-7.765599e-006,-0.874
-7.765349e-006,-0.875667
-7.765099e-006,-0.875667
-7.764849e-006,-0.874
-7.764599e-006,-0.874
-7.764349e-006,-0.875667
-7.764099e-006,-0.875667
-7.763849e-006,-0.874
-7.763599e-006,-0.874
-7.763349e-006,-0.875667
-7.763099e-006,-0.875667
-7.762849e-006,-0.874
-7.762599e-006,-0.874
-7.762349e-006,-0.875667
-7.762099e-006,-0.875667
-7.761849e-006,-0.874
-7.761599e-006,-0.874
-7.761349e-006,-0.874
-7.761099e-006,-0.875667
-7.760849e-006,-0.874
-7.760599e-006,-0.874
-7.760349e-006,-0.875667
-7.760099e-006,-0.875667
-7.759849e-006,-0.874
-7.759599e-006,-0.874
-7.759349e-006,-0.874
-7.759099e-006,-0.875667
-7.758849e-006,-0.874
-7.758599e-006,-0.874
-7.758349e-006,-0.874
-7.758099e-006,-0.875667
-7.757849e-006,-0.874
-7.757599e-006,-0.874
-7.757349e-006,-0.875667
-7.757099e-006,-0.875667
-7.756849e-006,-0.874
-7.756599e-006,-0.874
-7.756349e-006,-0.875667
-7.756099e-006,-0.874
-7.755849e-006,-0.874
-7.755599e-006,-0.874
-7.755349e-006,-0.875667
-7.755099e-006,-0.874
-7.754849e-006,-0.874
-7.754599e-006,-0.874
-7.754349e-006,-0.875667
-7.754099e-006,-0.874
-7.753849e-006,-0.874
-7.753599e-006,-0.874
-7.753349e-006,-0.875667
-7.753099e-006,-0.875667
-7.752849e-006,-0.874
-7.752599e-006,-0.874
-7.752349e-006,-0.875667
-7.752099e-006,-0.875667
-7.751849e-006,-0.874
-7.751599e-006,-0.874
-7.751349e-006,-0.875667
-7.751099e-006,-0.875667
-7.750849e-006,-0.874
-7.750599e-006,-0.874
-7.750349e-006,-0.875667
-7.750099e-006,-0.875667
-7.749849e-006,-0.874
-7.749599e-006,-0.874
-7.749349e-006,-0.875667
-7.749099e-006,-0.875667
-7.748849e-006,-0.874
-7.748599e-006,-0.874
-7.748349e-006,-0.875667
-7.748099e-006,-0.875667
-7.747849e-006,-0.874
-7.747599e-006,-0.874
-7.747349e-006,-0.875667
-7.747099e-006,-0.875667
-7.746849e-006,-0.874
-7.746599e-006,-0.874
-7.746349e-006,-0.875667
-7.746099e-006,-0.875667
-7.745849e-006,-0.874
-7.745599e-006,-0.874
-7.745349e-006,-0.875667
-7.745099e-006,-0.875667
-7.744849e-006,-0.874
-7.744599e-006,-0.874
-7.744349e-006,-0.875667
-7.744099e-006,-0.875667
-7.743849e-006,-0.874
-7.743599e-006,-0.874
-7.743349e-006,-0.875667
-7.743099e-006,-0.875667
-7.742849e-006,-0.874
-7.742599e-006,-0.874
-7.742349e-006,-0.875667
-7.742099e-006,-0.875667
-7.741849e-006,-0.874
-7.741599e-006,-0.874
-7.741349e-006,-0.875667
-7.741099e-006,-0.875667
-7.740849e-006,-0.874
-7.740599e-006,-0.874
-7.740349e-006,-0.875667
-7.740099e-006,-0.875667
-7.739849e-006,-0.874
-7.739599e-006,-0.874
-7.739349e-006,-0.874
-7.739099e-006,-0.875667
-7.738849e-006,-0.874
-7.738599e-006,-0.874
-7.738349e-006,-0.874
-7.738099e-006,-0.875667
-7.737849e-006,-0.874
-7.737599e-006,-0.874
-7.737349e-006,-0.875667
-7.737099e-006,-0.875667
-7.736849e-006,-0.874
-7.736599e-006,-0.874
-7.736349e-006,-0.875667
-7.736099e-006,-0.875667
-7.735849e-006,-0.874
-7.735599e-006,-0.874
-7.735349e-006,-0.875667
-7.735099e-006,-0.875667
-7.734849e-006,-0.874
-7.734599e-006,-0.874
-7.734349e-006,-0.875667
-7.734099e-006,-0.875667
-7.733849e-006,-0.874
-7.733599e-006,-0.874
-7.733349e-006,-0.874
-7.733099e-006,-0.875667
-7.732849e-006,-0.874
-7.732599e-006,-0.874
-7.732349e-006,-0.874
-7.732099e-006,-0.875667
-7.731849e-006,-0.874
-7.731599e-006,-0.874
-7.731349e-006,-0.875667
-7.731099e-006,-0.875667
-7.730849e-006,-0.874
-7.730599e-006,-0.874
-7.730349e-006,-0.875667
-7.730099e-006,-0.875667
-7.729849e-006,-0.874
-7.729599e-006,-0.874
-7.729349e-006,-0.874
-7.729099e-006,-0.875667
-7.728849e-006,-0.874
-7.728599e-006,-0.874
-7.728349e-006,-0.874
-7.728099e-006,-0.875667
-7.727849e-006,-0.874
-7.727599e-006,-0.874
-7.727349e-006,-0.874
-7.727099e-006,-0.875667
-7.726849e-006,-0.874
-7.726599e-006,-0.874
-7.726349e-006,-0.875667
-7.726099e-006,-0.875667
-7.725849e-006,-0.874
-7.725599e-006,-0.874
-7.725349e-006,-0.875667
-7.725099e-006,-0.875667
-7.724849e-006,-0.874
-7.724599e-006,-0.874
-7.724349e-006,-0.875667
-7.724099e-006,-0.875667
-7.723849e-006,-0.874
-7.723599e-006,-0.874
-7.723349e-006,-0.875667
-7.723099e-006,-0.875667
-7.722849e-006,-0.874
-7.722599e-006,-0.874
-7.722349e-006,-0.875667
-7.722099e-006,-0.875667
-7.721849e-006,-0.874
-7.721599e-006,-0.874
-7.721349e-006,-0.875667
-7.721099e-006,-0.875667
-7.720849e-006,-0.874
-7.720599e-006,-0.874
-7.720349e-006,-0.875667
-7.720099e-006,-0.875667
-7.719849e-006,-0.874
-7.719599e-006,-0.874
-7.719349e-006,-0.874
-7.719099e-006,-0.875667
-7.718849e-006,-0.874
-7.718599e-006,-0.874
-7.718349e-006,-0.874
-7.718099e-006,-0.875667
-7.717849e-006,-0.874
-7.717599e-006,-0.874
-7.717349e-006,-0.874
-7.717099e-006,-0.875667
-7.716849e-006,-0.874
-7.716599e-006,-0.874
-7.716349e-006,-0.874
-7.716099e-006,-0.875667
-7.715849e-006,-0.874
-7.715599e-006,-0.874
-7.715349e-006,-0.874
-7.715099e-006,-0.874
-7.714849e-006,-0.874
-7.714599e-006,-0.874
-7.714349e-006,-0.874
-7.714099e-006,-0.874
-7.713849e-006,-0.874
-7.713599e-006,-0.874
-7.713349e-006,-0.874
-7.713099e-006,-0.874
-7.712849e-006,-0.874
-7.712599e-006,-0.874
-7.712349e-006,-0.874
-7.712099e-006,-0.874
-7.711849e-006,-0.874
-7.711599e-006,-0.874
-7.711349e-006,-0.874
-7.711099e-006,-0.875667
-7.710849e-006,-0.874
-7.710599e-006,-0.874
-7.710349e-006,-0.874
-7.710099e-006,-0.875667
-7.709849e-006,-0.874
-7.709599e-006,-0.874
-7.709349e-006,-0.874
-7.709099e-006,-0.875667
-7.708849e-006,-0.874
-7.708599e-006,-0.874
-7.708349e-006,-0.874
-7.708099e-006,-0.875667
-7.707849e-006,-0.874
-7.707599e-006,-0.874
-7.707349e-006,-0.874
-7.707099e-006,-0.875667
-7.706849e-006,-0.874
-7.706599e-006,-0.874
-7.706349e-006,-0.875667
-7.706099e-006,-0.875667
-7.705849e-006,-0.874
-7.705599e-006,-0.874
-7.705349e-006,-0.875667
-7.705099e-006,-0.875667
-7.704849e-006,-0.874
-7.704599e-006,-0.874
-7.704349e-006,-0.875667
-7.704099e-006,-0.875667
-7.703849e-006,-0.874
-7.703599e-006,-0.874
-7.703349e-006,-0.875667
-7.703099e-006,-0.875667
-7.702849e-006,-0.874
-7.702599e-006,-0.874
-7.702349e-006,-0.875667
-7.702099e-006,-0.875667
-7.701849e-006,-0.874
-7.701599e-006,-0.874
-7.701349e-006,-0.875667
-7.701099e-006,-0.875667
-7.700849e-006,-0.874
-7.700599e-006,-0.874
-7.700349e-006,-0.875667
-7.700099e-006,-0.875667
-7.699849e-006,-0.874
-7.699599e-006,-0.874
-7.699349e-006,-0.875667
-7.699099e-006,-0.875667
-7.698849e-006,-0.874
-7.698599e-006,-0.874
-7.698349e-006,-0.875667
-7.698099e-006,-0.874
-7.697849e-006,-0.874
-7.697599e-006,-0.874
-7.697349e-006,-0.875667
-7.697099e-006,-0.875667
-7.696849e-006,-0.874
-7.696599e-006,-0.874
-7.696349e-006,-0.875667
-7.696099e-006,-0.875667
-7.695849e-006,-0.874
-7.695599e-006,-0.874
-7.695349e-006,-0.875667
-7.695099e-006,-0.875667
-7.694849e-006,-0.874
-7.694599e-006,-0.874
-7.694349e-006,-0.875667
-7.694099e-006,-0.875667
-7.693849e-006,-0.874
-7.693599e-006,-0.874
-7.693349e-006,-0.874
-7.693099e-006,-0.875667
-7.692849e-006,-0.874
-7.692599e-006,-0.874
-7.692349e-006,-0.874
-7.692099e-006,-0.875667
-7.691849e-006,-0.874
-7.691599e-006,-0.874
-7.691349e-006,-0.874
-7.691099e-006,-0.875667
-7.690849e-006,-0.874
-7.690599e-006,-0.874
-7.690349e-006,-0.875667
-7.690099e-006,-0.875667
-7.689849e-006,-0.874
-7.689599e-006,-0.874
-7.689349e-006,-0.875667
-7.689099e-006,-0.875667
-7.688849e-006,-0.874
-7.688599e-006,-0.874
-7.688349e-006,-0.875667
-7.688099e-006,-0.875667
-7.687849e-006,-0.874
-7.687599e-006,-0.874
-7.687349e-006,-0.875667
-7.687099e-006,-0.875667
-7.686849e-006,-0.874
-7.686599e-006,-0.874
-7.686349e-006,-0.875667
-7.686099e-006,-0.874
-7.685849e-006,-0.874
-7.685599e-006,-0.874
-7.685349e-006,-0.875667
-7.685099e-006,-0.875667
-7.684849e-006,-0.874
-7.684599e-006,-0.874
-7.684349e-006,-0.875667
-7.684099e-006,-0.875667
-7.683849e-006,-0.874
-7.683599e-006,-0.874
-7.683349e-006,-0.875667
-7.683099e-006,-0.875667
-7.682849e-006,-0.874
-7.682599e-006,-0.874
-7.682349e-006,-0.875667
-7.682099e-006,-0.875667
-7.681849e-006,-0.874
-7.681599e-006,-0.874
-7.681349e-006,-0.875667
-7.681099e-006,-0.875667
-7.680849e-006,-0.874
-7.680599e-006,-0.874
-7.680349e-006,-0.875667
-7.680099e-006,-0.875667
-7.679849e-006,-0.874
-7.679599e-006,-0.874
-7.679349e-006,-0.875667
-7.679099e-006,-0.875667
-7.678849e-006,-0.874
-7.678599e-006,-0.874
-7.678349e-006,-0.875667
-7.678099e-006,-0.875667
-7.677849e-006,-0.874
-7.677599e-006,-0.874
-7.677349e-006,-0.875667
-7.677099e-006,-0.875667
-7.676849e-006,-0.874
-7.676599e-006,-0.874
-7.676349e-006,-0.875667
-7.676099e-006,-0.875667
-7.675849e-006,-0.874
-7.675599e-006,-0.874
-7.675349e-006,-0.875667
-7.675099e-006,-0.874
-7.674849e-006,-0.874
-7.674599e-006,-0.874
-7.674349e-006,-0.874
-7.674099e-006,-0.874
-7.673849e-006,-0.874
-7.673599e-006,-0.874
-7.673349e-006,-0.875667
-7.673099e-006,-0.875667
-7.672849e-006,-0.874
-7.672599e-006,-0.874
-7.672349e-006,-0.875667
-7.672099e-006,-0.875667
-7.671849e-006,-0.874
-7.671599e-006,-0.874
-7.671349e-006,-0.875667
-7.671099e-006,-0.875667
-7.670849e-006,-0.874
-7.670599e-006,-0.874
-7.670349e-006,-0.875667
-7.670099e-006,-0.875667
-7.669849e-006,-0.874
-7.669599e-006,-0.874
-7.669349e-006,-0.875667
-7.669099e-006,-0.875667
-7.668849e-006,-0.874
-7.668599e-006,-0.874
-7.668349e-006,-0.875667
-7.668099e-006,-0.875667
-7.667849e-006,-0.874
-7.667599e-006,-0.874
-7.667349e-006,-0.875667
-7.667099e-006,-0.875667
-7.666849e-006,-0.874
-7.666599e-006,-0.874
-7.666349e-006,-0.874
-7.666099e-006,-0.875667
-7.665849e-006,-0.874
-7.665599e-006,-0.874
-7.665349e-006,-0.874
-7.665099e-006,-0.874
-7.664849e-006,-0.874
-7.664599e-006,-0.874
-7.664349e-006,-0.874
-7.664099e-006,-0.874
-7.663849e-006,-0.874
-7.663599e-006,-0.874
-7.663349e-006,-0.874
-7.663099e-006,-0.874
-7.662849e-006,-0.874
-7.662599e-006,-0.874
-7.662349e-006,-0.874
-7.662099e-006,-0.874
-7.661849e-006,-0.874
-7.661599e-006,-0.874
-7.661349e-006,-0.874
-7.661099e-006,-0.874
-7.660849e-006,-0.874
-7.660599e-006,-0.874
-7.660349e-006,-0.874
-7.660099e-006,-0.874
-7.659849e-006,-0.874
-7.659599e-006,-0.874
-7.659349e-006,-0.874
-7.659099e-006,-0.874
-7.658849e-006,-0.874
-7.658599e-006,-0.874
-7.658349e-006,-0.874
-7.658099e-006,-0.875667
-7.657849e-006,-0.874
-7.657599e-006,-0.874
-7.657349e-006,-0.874
-7.657099e-006,-0.875667
-7.656849e-006,-0.874
-7.656599e-006,-0.874
-7.656349e-006,-0.874
-7.656099e-006,-0.875667
-7.655849e-006,-0.874
-7.655599e-006,-0.874
-7.655349e-006,-0.875667
-7.655099e-006,-0.875667
-7.654849e-006,-0.874
-7.654599e-006,-0.874
-7.654349e-006,-0.875667
-7.654099e-006,-0.874
-7.653849e-006,-0.874
-7.653599e-006,-0.874
-7.653349e-006,-0.875667
-7.653099e-006,-0.874
-7.652849e-006,-0.874
-7.652599e-006,-0.874
-7.652349e-006,-0.875667
-7.652099e-006,-0.874
-7.651849e-006,-0.874
-7.651599e-006,-0.874
-7.651349e-006,-0.875667
-7.651099e-006,-0.874
-7.650849e-006,-0.874
-7.650599e-006,-0.874
-7.650349e-006,-0.875667
-7.650099e-006,-0.875667
-7.649849e-006,-0.874
-7.649599e-006,-0.874
-7.649349e-006,-0.875667
-7.649099e-006,-0.875667
-7.648849e-006,-0.874
-7.648599e-006,-0.874
-7.648349e-006,-0.875667
-7.648099e-006,-0.875667
-7.647849e-006,-0.874
-7.647599e-006,-0.874
-7.647349e-006,-0.875667
-7.647099e-006,-0.875667
-7.646849e-006,-0.874
-7.646599e-006,-0.874
-7.646349e-006,-0.875667
-7.646099e-006,-0.875667
-7.645849e-006,-0.874
-7.645599e-006,-0.874
-7.645349e-006,-0.875667
-7.645099e-006,-0.874
-7.644849e-006,-0.874
-7.644599e-006,-0.874
-7.644349e-006,-0.874
-7.644099e-006,-0.874
-7.643849e-006,-0.874
-7.643599e-006,-0.874
-7.643349e-006,-0.874
-7.643099e-006,-0.874
-7.642849e-006,-0.874
-7.642599e-006,-0.874
-7.642349e-006,-0.874
-7.642099e-006,-0.875667
-7.641849e-006,-0.874
-7.641599e-006,-0.874
-7.641349e-006,-0.874
-7.641099e-006,-0.875667
-7.640849e-006,-0.874
-7.640599e-006,-0.874
-7.640349e-006,-0.875667
-7.640099e-006,-0.875667
-7.639849e-006,-0.874
-7.639599e-006,-0.874
-7.639349e-006,-0.875667
-7.639099e-006,-0.875667
-7.638849e-006,-0.874
-7.638599e-006,-0.874
-7.638349e-006,-0.875667
-7.638099e-006,-0.875667
-7.637849e-006,-0.874
-7.637599e-006,-0.874
-7.637349e-006,-0.875667
-7.637099e-006,-0.875667
-7.636849e-006,-0.874
-7.636599e-006,-0.874
-7.636349e-006,-0.875667
-7.636099e-006,-0.875667
-7.635849e-006,-0.875667
-7.635599e-006,-0.874
-7.635349e-006,-0.875667
-7.635099e-006,-0.875667
-7.634849e-006,-0.874
-7.634599e-006,-0.874
-7.634349e-006,-0.875667
-7.634099e-006,-0.875667
-7.633849e-006,-0.874
-7.633599e-006,-0.874
-7.633349e-006,-0.875667
-7.633099e-006,-0.875667
-7.632849e-006,-0.874
-7.632599e-006,-0.874
-7.632349e-006,-0.875667
-7.632099e-006,-0.875667
-7.631849e-006,-0.874
-7.631599e-006,-0.874
-7.631349e-006,-0.875667
-7.631099e-006,-0.875667
-7.630849e-006,-0.874
-7.630599e-006,-0.874
-7.630349e-006,-0.875667
-7.630099e-006,-0.875667
-7.629849e-006,-0.874
-7.629599e-006,-0.874
-7.629349e-006,-0.875667
-7.629099e-006,-0.875667
-7.628849e-006,-0.874
-7.628599e-006,-0.874
-7.628349e-006,-0.875667
-7.628099e-006,-0.875667
-7.627849e-006,-0.874
-7.627599e-006,-0.874
-7.627349e-006,-0.875667
-7.627099e-006,-0.875667
-7.626849e-006,-0.874
-7.626599e-006,-0.874
-7.626349e-006,-0.875667
-7.626099e-006,-0.875667
-7.625849e-006,-0.874
-7.625599e-006,-0.874
-7.625349e-006,-0.875667
-7.625099e-006,-0.875667
-7.624849e-006,-0.874
-7.624599e-006,-0.874
-7.624349e-006,-0.875667
-7.624099e-006,-0.875667
-7.623849e-006,-0.874
-7.623599e-006,-0.874
-7.623349e-006,-0.875667
-7.623099e-006,-0.875667
-7.622849e-006,-0.874
-7.622599e-006,-0.874
-7.622349e-006,-0.874
-7.622099e-006,-0.875667
-7.621849e-006,-0.874
-7.621599e-006,-0.874
-7.621349e-006,-0.874
-7.621099e-006,-0.875667
-7.620849e-006,-0.874
-7.620599e-006,-0.874
-7.620349e-006,-0.874
-7.620099e-006,-0.875667
-7.619849e-006,-0.874
-7.619599e-006,-0.874
-7.619349e-006,-0.874
-7.619099e-006,-0.875667
-7.618849e-006,-0.874
-7.618599e-006,-0.874
-7.618349e-006,-0.874
-7.618099e-006,-0.875667
-7.617849e-006,-0.874
-7.617599e-006,-0.874
-7.617349e-006,-0.874
-7.617099e-006,-0.875667
-7.616849e-006,-0.874
-7.616599e-006,-0.874
-7.616349e-006,-0.874
-7.616099e-006,-0.875667
-7.615849e-006,-0.874
-7.615599e-006,-0.874
-7.615349e-006,-0.875667
-7.615099e-006,-0.875667
-7.614849e-006,-0.874
-7.614599e-006,-0.874
-7.614349e-006,-0.875667
-7.614099e-006,-0.875667
-7.613849e-006,-0.874
-7.613599e-006,-0.874
-7.613349e-006,-0.875667
-7.613099e-006,-0.875667
-7.612849e-006,-0.874
-7.612599e-006,-0.874
-7.612349e-006,-0.875667
-7.612099e-006,-0.875667
-7.611849e-006,-0.874
-7.611599e-006,-0.874
-7.611349e-006,-0.875667
-7.611099e-006,-0.875667
-7.610849e-006,-0.874
-7.610599e-006,-0.874
-7.610349e-006,-0.875667
-7.610099e-006,-0.875667
-7.609849e-006,-0.874
-7.609599e-006,-0.874
-7.609349e-006,-0.875667
-7.609099e-006,-0.875667
-7.608849e-006,-0.874
-7.608599e-006,-0.874
-7.608349e-006,-0.875667
-7.608099e-006,-0.875667
-7.607849e-006,-0.874
-7.607599e-006,-0.874
-7.607349e-006,-0.875667
-7.607099e-006,-0.875667
-7.606849e-006,-0.874
-7.606599e-006,-0.874
-7.606349e-006,-0.875667
-7.606099e-006,-0.875667
-7.605849e-006,-0.874
-7.605599e-006,-0.874
-7.605349e-006,-0.875667
-7.605099e-006,-0.875667
-7.604849e-006,-0.874
-7.604599e-006,-0.874
-7.604349e-006,-0.875667
-7.604099e-006,-0.875667
-7.603849e-006,-0.874
-7.603599e-006,-0.874
-7.603349e-006,-0.874
-7.603099e-006,-0.875667
-7.602849e-006,-0.874
-7.602599e-006,-0.874
-7.602349e-006,-0.874
-7.602099e-006,-0.875667
-7.601849e-006,-0.874
-7.601599e-006,-0.874
-7.601349e-006,-0.874
-7.601099e-006,-0.875667
-7.600849e-006,-0.874
-7.600599e-006,-0.874
-7.600349e-006,-0.874
-7.600099e-006,-0.875667
-7.599849e-006,-0.874
-7.599599e-006,-0.874
-7.599349e-006,-0.874
-7.599099e-006,-0.875667
-7.598849e-006,-0.874
-7.598599e-006,-0.874
-7.598349e-006,-0.874
-7.598099e-006,-0.875667
-7.597849e-006,-0.874
-7.597599e-006,-0.874
-7.597349e-006,-0.874
-7.597099e-006,-0.874
-7.596849e-006,-0.874
-7.596599e-006,-0.874
-7.596349e-006,-0.874
-7.596099e-006,-0.874
-7.595849e-006,-0.874
-7.595599e-006,-0.874
-7.595349e-006,-0.874
-7.595099e-006,-0.874
-7.594849e-006,-0.874
-7.594599e-006,-0.874
-7.594349e-006,-0.875667
-7.594099e-006,-0.874
-7.593849e-006,-0.874
-7.593599e-006,-0.874
-7.593349e-006,-0.875667
-7.593099e-006,-0.875667
-7.592849e-006,-0.874
-7.592599e-006,-0.874
-7.592349e-006,-0.875667
-7.592099e-006,-0.875667
-7.591849e-006,-0.874
-7.591599e-006,-0.874
-7.591349e-006,-0.875667
-7.591099e-006,-0.875667
-7.590849e-006,-0.874
-7.590599e-006,-0.874
-7.590349e-006,-0.875667
-7.590099e-006,-0.875667
-7.589849e-006,-0.874
-7.589599e-006,-0.874
-7.589349e-006,-0.875667
-7.589099e-006,-0.875667
-7.588849e-006,-0.874
-7.588599e-006,-0.874
-7.588349e-006,-0.874
-7.588099e-006,-0.875667
-7.587849e-006,-0.874
-7.587599e-006,-0.874
-7.587349e-006,-0.874
-7.587099e-006,-0.874
-7.586849e-006,-0.874
-7.586599e-006,-0.874
-7.586349e-006,-0.874
-7.586099e-006,-0.874
-7.585849e-006,-0.874
-7.585599e-006,-0.874
-7.585349e-006,-0.875667
-7.585099e-006,-0.874
-7.584849e-006,-0.874
-7.584599e-006,-0.874
-7.584349e-006,-0.875667
-7.584099e-006,-0.874
-7.583849e-006,-0.874
-7.583599e-006,-0.874
-7.583349e-006,-0.875667
-7.583099e-006,-0.874
-7.582849e-006,-0.874
-7.582599e-006,-0.874
-7.582349e-006,-0.875667
-7.582099e-006,-0.875667
-7.581849e-006,-0.874
-7.581599e-006,-0.874
-7.581349e-006,-0.875667
-7.581099e-006,-0.875667
-7.580849e-006,-0.874
-7.580599e-006,-0.874
-7.580349e-006,-0.875667
-7.580099e-006,-0.875667
-7.579849e-006,-0.874
-7.579599e-006,-0.874
-7.579349e-006,-0.874
-7.579099e-006,-0.875667
-7.578849e-006,-0.874
-7.578599e-006,-0.874
-7.578349e-006,-0.874
-7.578099e-006,-0.875667
-7.577849e-006,-0.874
-7.577599e-006,-0.874
-7.577349e-006,-0.874
-7.577099e-006,-0.875667
-7.576849e-006,-0.874
-7.576599e-006,-0.874
-7.576349e-006,-0.874
-7.576099e-006,-0.874
-7.575849e-006,-0.874
-7.575599e-006,-0.874
-7.575349e-006,-0.875667
-7.575099e-006,-0.874
-7.574849e-006,-0.874
-7.574599e-006,-0.874
-7.574349e-006,-0.875667
-7.574099e-006,-0.874
-7.573849e-006,-0.874
-7.573599e-006,-0.874
-7.573349e-006,-0.875667
-7.573099e-006,-0.874
-7.572849e-006,-0.874
-7.572599e-006,-0.874
-7.572349e-006,-0.875667
-7.572099e-006,-0.874
-7.571849e-006,-0.874
-7.571599e-006,-0.874
-7.571349e-006,-0.874
-7.571099e-006,-0.874
-7.570849e-006,-0.874
-7.570599e-006,-0.874
-7.570349e-006,-0.874
-7.570099e-006,-0.874
-7.569849e-006,-0.874
-7.569599e-006,-0.874
-7.569349e-006,-0.875667
-7.569099e-006,-0.874
-7.568849e-006,-0.874
-7.568599e-006,-0.874
-7.568349e-006,-0.875667
-7.568099e-006,-0.874
-7.567849e-006,-0.874
-7.567599e-006,-0.874
-7.567349e-006,-0.875667
-7.567099e-006,-0.874
-7.566849e-006,-0.874
-7.566599e-006,-0.874
-7.566349e-006,-0.875667
-7.566099e-006,-0.875667
-7.565849e-006,-0.874
-7.565599e-006,-0.874
-7.565349e-006,-0.875667
-7.565099e-006,-0.875667
-7.564849e-006,-0.874
-7.564599e-006,-0.874
-7.564349e-006,-0.874
-7.564099e-006,-0.874
-7.563849e-006,-0.874
-7.563599e-006,-0.874
-7.563349e-006,-0.874
-7.563099e-006,-0.874
-7.562849e-006,-0.874
-7.562599e-006,-0.874
-7.562349e-006,-0.875667
-7.562099e-006,-0.874
-7.561849e-006,-0.874
-7.561599e-006,-0.874
-7.561349e-006,-0.875667
-7.561099e-006,-0.875667
-7.560849e-006,-0.874
-7.560599e-006,-0.874
-7.560349e-006,-0.875667
-7.560099e-006,-0.875667
-7.559849e-006,-0.874
-7.559599e-006,-0.874
-7.559349e-006,-0.875667
-7.559099e-006,-0.875667
-7.558849e-006,-0.874
-7.558599e-006,-0.874
-7.558349e-006,-0.875667
-7.558099e-006,-0.875667
-7.557849e-006,-0.874
-7.557599e-006,-0.874
-7.557349e-006,-0.875667
-7.557099e-006,-0.875667
-7.556849e-006,-0.874
-7.556599e-006,-0.874
-7.556349e-006,-0.875667
-7.556099e-006,-0.875667
-7.555849e-006,-0.874
-7.555599e-006,-0.874
-7.555349e-006,-0.875667
-7.555099e-006,-0.875667
-7.554849e-006,-0.874
-7.554599e-006,-0.874
-7.554349e-006,-0.875667
-7.554099e-006,-0.875667
-7.553849e-006,-0.874
-7.553599e-006,-0.874
-7.553349e-006,-0.875667
-7.553099e-006,-0.875667
-7.552849e-006,-0.874
-7.552599e-006,-0.874
-7.552349e-006,-0.875667
-7.552099e-006,-0.875667
-7.551849e-006,-0.874
-7.551599e-006,-0.874
-7.551349e-006,-0.875667
-7.551099e-006,-0.875667
-7.550849e-006,-0.874
-7.550599e-006,-0.874
-7.550349e-006,-0.875667
-7.550099e-006,-0.875667
-7.549849e-006,-0.874
-7.549599e-006,-0.874
-7.549349e-006,-0.875667
-7.549099e-006,-0.875667
-7.548849e-006,-0.874
-7.548599e-006,-0.874
-7.548349e-006,-0.875667
-7.548099e-006,-0.875667
-7.547849e-006,-0.874
-7.547599e-006,-0.874
-7.547349e-006,-0.875667
-7.547099e-006,-0.875667
-7.546849e-006,-0.874
-7.546599e-006,-0.874
-7.546349e-006,-0.874
-7.546099e-006,-0.875667
-7.545849e-006,-0.874
-7.545599e-006,-0.874
-7.545349e-006,-0.874
-7.545099e-006,-0.874
-7.544849e-006,-0.874
-7.544599e-006,-0.874
-7.544349e-006,-0.874
-7.544099e-006,-0.874
-7.543849e-006,-0.874
-7.543599e-006,-0.874
-7.543349e-006,-0.875667
-7.543099e-006,-0.874
-7.542849e-006,-0.874
-7.542599e-006,-0.874
-7.542349e-006,-0.875667
-7.542099e-006,-0.874
-7.541849e-006,-0.874
-7.541599e-006,-0.874
-7.541349e-006,-0.875667
-7.541099e-006,-0.875667
-7.540849e-006,-0.874
-7.540599e-006,-0.874
-7.540349e-006,-0.875667
-7.540099e-006,-0.875667
-7.539849e-006,-0.874
-7.539599e-006,-0.874
-7.539349e-006,-0.875667
-7.539099e-006,-0.875667
-7.538849e-006,-0.874
-7.538599e-006,-0.874
-7.538349e-006,-0.875667
-7.538099e-006,-0.875667
-7.537849e-006,-0.874
-7.537599e-006,-0.874
-7.537349e-006,-0.875667
-7.537099e-006,-0.875667
-7.536849e-006,-0.874
-7.536599e-006,-0.874
-7.536349e-006,-0.875667
-7.536099e-006,-0.875667
-7.535849e-006,-0.874
-7.535599e-006,-0.874
-7.535349e-006,-0.875667
-7.535099e-006,-0.875667
-7.534849e-006,-0.874
-7.534599e-006,-0.874
-7.534349e-006,-0.875667
-7.534099e-006,-0.875667
-7.533849e-006,-0.874
-7.533599e-006,-0.874
-7.533349e-006,-0.875667
-7.533099e-006,-0.875667
-7.532849e-006,-0.874
-7.532599e-006,-0.874
-7.532349e-006,-0.875667
-7.532099e-006,-0.875667
-7.531849e-006,-0.874
-7.531599e-006,-0.874
-7.531349e-006,-0.875667
-7.531099e-006,-0.875667
-7.530849e-006,-0.874
-7.530599e-006,-0.874
-7.530349e-006,-0.875667
-7.530099e-006,-0.875667
-7.529849e-006,-0.874
-7.529599e-006,-0.874
-7.529349e-006,-0.874
-7.529099e-006,-0.875667
-7.528849e-006,-0.874
-7.528599e-006,-0.874
-7.528349e-006,-0.875667
-7.528099e-006,-0.875667
-7.527849e-006,-0.874
-7.527599e-006,-0.874
-7.527349e-006,-0.875667
-7.527099e-006,-0.875667
-7.526849e-006,-0.874
-7.526599e-006,-0.874
-7.526349e-006,-0.875667
-7.526099e-006,-0.875667
-7.525849e-006,-0.874
-7.525599e-006,-0.874
-7.525349e-006,-0.875667
-7.525099e-006,-0.875667
-7.524849e-006,-0.874
-7.524599e-006,-0.874
-7.524349e-006,-0.875667
-7.524099e-006,-0.875667
-7.523849e-006,-0.874
-7.523599e-006,-0.874
-7.523349e-006,-0.875667
-7.523099e-006,-0.875667
-7.522849e-006,-0.874
-7.522599e-006,-0.874
-7.522349e-006,-0.875667
-7.522099e-006,-0.875667
-7.521849e-006,-0.874
-7.521599e-006,-0.874
-7.521349e-006,-0.875667
-7.521099e-006,-0.875667
-7.520849e-006,-0.874
-7.520599e-006,-0.874
-7.520349e-006,-0.875667
-7.520099e-006,-0.875667
-7.519849e-006,-0.874
-7.519599e-006,-0.874
-7.519349e-006,-0.875667
-7.519099e-006,-0.875667
-7.518849e-006,-0.874
-7.518599e-006,-0.874
-7.518349e-006,-0.875667
-7.518099e-006,-0.875667
-7.517849e-006,-0.874
-7.517599e-006,-0.874
-7.517349e-006,-0.875667
-7.517099e-006,-0.875667
-7.516849e-006,-0.874
-7.516599e-006,-0.874
-7.516349e-006,-0.875667
-7.516099e-006,-0.875667
-7.515849e-006,-0.874
-7.515599e-006,-0.874
-7.515349e-006,-0.875667
-7.515099e-006,-0.875667
-7.514849e-006,-0.874
-7.514599e-006,-0.874
-7.514349e-006,-0.875667
-7.514099e-006,-0.875667
-7.513849e-006,-0.874
-7.513599e-006,-0.874
-7.513349e-006,-0.875667
-7.513099e-006,-0.875667
-7.512849e-006,-0.874
-7.512599e-006,-0.874
-7.512349e-006,-0.875667
-7.512099e-006,-0.875667
-7.511849e-006,-0.874
-7.511599e-006,-0.874
-7.511349e-006,-0.875667
-7.511099e-006,-0.875667
-7.510849e-006,-0.874
-7.510599e-006,-0.874
-7.510349e-006,-0.875667
-7.510099e-006,-0.875667
-7.509849e-006,-0.874
-7.509599e-006,-0.874
-7.509349e-006,-0.875667
-7.509099e-006,-0.875667
-7.508849e-006,-0.874
-7.508599e-006,-0.874
-7.508349e-006,-0.875667
-7.508099e-006,-0.875667
-7.507849e-006,-0.874
-7.507599e-006,-0.874
-7.507349e-006,-0.875667
-7.507099e-006,-0.875667
-7.506849e-006,-0.874
-7.506599e-006,-0.874
-7.506349e-006,-0.875667
-7.506099e-006,-0.875667
-7.505849e-006,-0.874
-7.505599e-006,-0.874
-7.505349e-006,-0.875667
-7.505099e-006,-0.875667
-7.504849e-006,-0.874
-7.504599e-006,-0.874
-7.504349e-006,-0.875667
-7.504099e-006,-0.875667
-7.503849e-006,-0.874
-7.503599e-006,-0.874
-7.503349e-006,-0.875667
-7.503099e-006,-0.875667
-7.502849e-006,-0.874
-7.502599e-006,-0.874
-7.502349e-006,-0.875667
-7.502099e-006,-0.875667
-7.501849e-006,-0.874
-7.501599e-006,-0.874
-7.501349e-006,-0.875667
-7.501099e-006,-0.875667
-7.500849e-006,-0.874
-7.500599e-006,-0.874
-7.500349e-006,-0.875667
-7.500099e-006,-0.875667
-7.499849e-006,-0.874
-7.499599e-006,-0.874
-7.499349e-006,-0.874
-7.499099e-006,-0.875667
-7.498849e-006,-0.874
-7.498599e-006,-0.874
-7.498349e-006,-0.875667
-7.498099e-006,-0.875667
-7.497849e-006,-0.874
-7.497599e-006,-0.874
-7.497349e-006,-0.875667
-7.497099e-006,-0.875667
-7.496849e-006,-0.874
-7.496599e-006,-0.874
-7.496349e-006,-0.875667
-7.496099e-006,-0.875667
-7.495849e-006,-0.874
-7.495599e-006,-0.874
-7.495349e-006,-0.875667
-7.495099e-006,-0.875667
-7.494849e-006,-0.874
-7.494599e-006,-0.874
-7.494349e-006,-0.875667
-7.494099e-006,-0.875667
-7.493849e-006,-0.874
-7.493599e-006,-0.874
-7.493349e-006,-0.875667
-7.493099e-006,-0.875667
-7.492849e-006,-0.874
-7.492599e-006,-0.874
-7.492349e-006,-0.875667
-7.492099e-006,-0.875667
-7.491849e-006,-0.874
-7.491599e-006,-0.874
-7.491349e-006,-0.875667
-7.491099e-006,-0.875667
-7.490849e-006,-0.874
-7.490599e-006,-0.874
-7.490349e-006,-0.875667
-7.490099e-006,-0.875667
-7.489849e-006,-0.874
-7.489599e-006,-0.874
-7.489349e-006,-0.875667
-7.489099e-006,-0.875667
-7.488849e-006,-0.874
-7.488599e-006,-0.874
-7.488349e-006,-0.875667
-7.488099e-006,-0.875667
-7.487849e-006,-0.874
-7.487599e-006,-0.874
-7.487349e-006,-0.875667
-7.487099e-006,-0.875667
-7.486849e-006,-0.874
-7.486599e-006,-0.874
-7.486349e-006,-0.875667
-7.486099e-006,-0.875667
-7.485849e-006,-0.874
-7.485599e-006,-0.874
-7.485349e-006,-0.875667
-7.485099e-006,-0.875667
-7.484849e-006,-0.874
-7.484599e-006,-0.874
-7.484349e-006,-0.875667
-7.484099e-006,-0.875667
-7.483849e-006,-0.874
-7.483599e-006,-0.874
-7.483349e-006,-0.875667
-7.483099e-006,-0.875667
-7.482849e-006,-0.874
-7.482599e-006,-0.874
-7.482349e-006,-0.875667
-7.482099e-006,-0.875667
-7.481849e-006,-0.874
-7.481599e-006,-0.874
-7.481349e-006,-0.875667
-7.481099e-006,-0.875667
-7.480849e-006,-0.874
-7.480599e-006,-0.874
-7.480349e-006,-0.874
-7.480099e-006,-0.875667
-7.479849e-006,-0.874
-7.479599e-006,-0.874
-7.479349e-006,-0.875667
-7.479099e-006,-0.875667
-7.478849e-006,-0.874
-7.478599e-006,-0.874
-7.478349e-006,-0.875667
-7.478099e-006,-0.875667
-7.477849e-006,-0.874
-7.477599e-006,-0.874
-7.477349e-006,-0.875667
-7.477099e-006,-0.875667
-7.476849e-006,-0.874
-7.476599e-006,-0.874
-7.476349e-006,-0.875667
-7.476099e-006,-0.875667
-7.475849e-006,-0.874
-7.475599e-006,-0.874
-7.475349e-006,-0.875667
-7.475099e-006,-0.875667
-7.474849e-006,-0.874
-7.474599e-006,-0.874
-7.474349e-006,-0.875667
-7.474099e-006,-0.875667
-7.473849e-006,-0.874
-7.473599e-006,-0.874
-7.473349e-006,-0.875667
-7.473099e-006,-0.875667
-7.472849e-006,-0.874
-7.472599e-006,-0.874
-7.472349e-006,-0.875667
-7.472099e-006,-0.875667
-7.471849e-006,-0.874
-7.471599e-006,-0.874
-7.471349e-006,-0.875667
-7.471099e-006,-0.875667
-7.470849e-006,-0.874
-7.470599e-006,-0.874
-7.470349e-006,-0.875667
-7.470099e-006,-0.875667
-7.469849e-006,-0.874
-7.469599e-006,-0.874
-7.469349e-006,-0.875667
-7.469099e-006,-0.874
-7.468849e-006,-0.874
-7.468599e-006,-0.874
-7.468349e-006,-0.875667
-7.468099e-006,-0.875667
-7.467849e-006,-0.874
-7.467599e-006,-0.874
-7.467349e-006,-0.875667
-7.467099e-006,-0.875667
-7.466849e-006,-0.874
-7.466599e-006,-0.874
-7.466349e-006,-0.875667
-7.466099e-006,-0.875667
-7.465849e-006,-0.874
-7.465599e-006,-0.874
-7.465349e-006,-0.875667
-7.465099e-006,-0.875667
-7.464849e-006,-0.874
-7.464599e-006,-0.874
-7.464349e-006,-0.875667
-7.464099e-006,-0.875667
-7.463849e-006,-0.874
-7.463599e-006,-0.874
-7.463349e-006,-0.875667
-7.463099e-006,-0.875667
-7.462849e-006,-0.874
-7.462599e-006,-0.874
-7.462349e-006,-0.875667
-7.462099e-006,-0.874
-7.461849e-006,-0.874
-7.461599e-006,-0.874
-7.461349e-006,-0.875667
-7.461099e-006,-0.874
-7.460849e-006,-0.874
-7.460599e-006,-0.874
-7.460349e-006,-0.875667
-7.460099e-006,-0.875667
-7.459849e-006,-0.874
-7.459599e-006,-0.874
-7.459349e-006,-0.875667
-7.459099e-006,-0.875667
-7.458849e-006,-0.874
-7.458599e-006,-0.874
-7.458349e-006,-0.875667
-7.458099e-006,-0.875667
-7.457849e-006,-0.874
-7.457599e-006,-0.874
-7.457349e-006,-0.875667
-7.457099e-006,-0.875667
-7.456849e-006,-0.874
-7.456599e-006,-0.874
-7.456349e-006,-0.875667
-7.456099e-006,-0.875667
-7.455849e-006,-0.874
-7.455599e-006,-0.874
-7.455349e-006,-0.875667
-7.455099e-006,-0.875667
-7.454849e-006,-0.874
-7.454599e-006,-0.874
-7.454349e-006,-0.875667
-7.454099e-006,-0.875667
-7.453849e-006,-0.874
-7.453599e-006,-0.874
-7.453349e-006,-0.875667
-7.453099e-006,-0.875667
-7.452849e-006,-0.874
-7.452599e-006,-0.874
-7.452349e-006,-0.875667
-7.452099e-006,-0.875667
-7.451849e-006,-0.874
-7.451599e-006,-0.874
-7.451349e-006,-0.875667
-7.451099e-006,-0.875667
-7.450849e-006,-0.874
-7.450599e-006,-0.874
-7.450349e-006,-0.875667
-7.450099e-006,-0.875667
-7.449849e-006,-0.874
-7.449599e-006,-0.874
-7.449349e-006,-0.875667
-7.449099e-006,-0.875667
-7.448849e-006,-0.874
-7.448599e-006,-0.874
-7.448349e-006,-0.875667
-7.448099e-006,-0.875667
-7.447849e-006,-0.874
-7.447599e-006,-0.874
-7.447349e-006,-0.875667
-7.447099e-006,-0.875667
-7.446849e-006,-0.874
-7.446599e-006,-0.874
-7.446349e-006,-0.875667
-7.446099e-006,-0.875667
-7.445849e-006,-0.874
-7.445599e-006,-0.874
-7.445349e-006,-0.875667
-7.445099e-006,-0.874
-7.444849e-006,-0.874
-7.444599e-006,-0.874
-7.444349e-006,-0.875667
-7.444099e-006,-0.875667
-7.443849e-006,-0.874
-7.443599e-006,-0.874
-7.443349e-006,-0.875667
-7.443099e-006,-0.875667
-7.442849e-006,-0.874
-7.442599e-006,-0.874
-7.442349e-006,-0.875667
-7.442099e-006,-0.875667
-7.441849e-006,-0.874
-7.441599e-006,-0.874
-7.441349e-006,-0.875667
-7.441099e-006,-0.875667
-7.440849e-006,-0.874
-7.440599e-006,-0.874
-7.440349e-006,-0.875667
-7.440099e-006,-0.875667
-7.439849e-006,-0.874
-7.439599e-006,-0.874
-7.439349e-006,-0.874
-7.439099e-006,-0.875667
-7.438849e-006,-0.874
-7.438599e-006,-0.874
-7.438349e-006,-0.874
-7.438099e-006,-0.875667
-7.437849e-006,-0.874
-7.437599e-006,-0.874
-7.437349e-006,-0.874
-7.437099e-006,-0.875667
-7.436849e-006,-0.874
-7.436599e-006,-0.874
-7.436349e-006,-0.874
-7.436099e-006,-0.875667
-7.435849e-006,-0.874
-7.435599e-006,-0.874
-7.435349e-006,-0.874
-7.435099e-006,-0.875667
-7.434849e-006,-0.874
-7.434599e-006,-0.874
-7.434349e-006,-0.875667
-7.434099e-006,-0.875667
-7.433849e-006,-0.874
-7.433599e-006,-0.874
-7.433349e-006,-0.874
-7.433099e-006,-0.875667
-7.432849e-006,-0.874
-7.432599e-006,-0.874
-7.432349e-006,-0.875667
-7.432099e-006,-0.875667
-7.431849e-006,-0.874
-7.431599e-006,-0.874
-7.431349e-006,-0.875667
-7.431099e-006,-0.875667
-7.430849e-006,-0.874
-7.430599e-006,-0.874
-7.430349e-006,-0.875667
-7.430099e-006,-0.875667
-7.429849e-006,-0.874
-7.429599e-006,-0.874
-7.429349e-006,-0.875667
-7.429099e-006,-0.875667
-7.428849e-006,-0.874
-7.428599e-006,-0.874
-7.428349e-006,-0.875667
-7.428099e-006,-0.875667
-7.427849e-006,-0.874
-7.427599e-006,-0.874
-7.427349e-006,-0.874
-7.427099e-006,-0.875667
-7.426849e-006,-0.874
-7.426599e-006,-0.874
-7.426349e-006,-0.874
-7.426099e-006,-0.875667
-7.425849e-006,-0.874
-7.425599e-006,-0.874
-7.425349e-006,-0.874
-7.425099e-006,-0.875667
-7.424849e-006,-0.874
-7.424599e-006,-0.874
-7.424349e-006,-0.875667
-7.424099e-006,-0.875667
-7.423849e-006,-0.874
-7.423599e-006,-0.874
-7.423349e-006,-0.875667
-7.423099e-006,-0.875667
-7.422849e-006,-0.874
-7.422599e-006,-0.874
-7.422349e-006,-0.875667
-7.422099e-006,-0.875667
-7.421849e-006,-0.874
-7.421599e-006,-0.874
-7.421349e-006,-0.875667
-7.421099e-006,-0.875667
-7.420849e-006,-0.874
-7.420599e-006,-0.874
-7.420349e-006,-0.875667
-7.420099e-006,-0.875667
-7.419849e-006,-0.874
-7.419599e-006,-0.874
-7.419349e-006,-0.875667
-7.419099e-006,-0.875667
-7.418849e-006,-0.874
-7.418599e-006,-0.874
-7.418349e-006,-0.875667
-7.418099e-006,-0.875667
-7.417849e-006,-0.874
-7.417599e-006,-0.874
-7.417349e-006,-0.875667
-7.417099e-006,-0.875667
-7.416849e-006,-0.874
-7.416599e-006,-0.874
-7.416349e-006,-0.875667
-7.416099e-006,-0.875667
-7.415849e-006,-0.874
-7.415599e-006,-0.874
-7.415349e-006,-0.875667
-7.415099e-006,-0.875667
-7.414849e-006,-0.874
-7.414599e-006,-0.874
-7.414349e-006,-0.875667
-7.414099e-006,-0.875667
-7.413849e-006,-0.874
-7.413599e-006,-0.874
-7.413349e-006,-0.875667
-7.413099e-006,-0.875667
-7.412849e-006,-0.874
-7.412599e-006,-0.874
-7.412349e-006,-0.875667
-7.412099e-006,-0.875667
-7.411849e-006,-0.874
-7.411599e-006,-0.874
-7.411349e-006,-0.875667
-7.411099e-006,-0.875667
-7.410849e-006,-0.874
-7.410599e-006,-0.874
-7.410349e-006,-0.875667
-7.410099e-006,-0.875667
-7.409849e-006,-0.874
-7.409599e-006,-0.874
-7.409349e-006,-0.875667
-7.409099e-006,-0.875667
-7.408849e-006,-0.874
-7.408599e-006,-0.874
-7.408349e-006,-0.875667
-7.408099e-006,-0.875667
-7.407849e-006,-0.874
-7.407599e-006,-0.874
-7.407349e-006,-0.875667
-7.407099e-006,-0.875667
-7.406849e-006,-0.874
-7.406599e-006,-0.874
-7.406349e-006,-0.875667
-7.406099e-006,-0.875667
-7.405849e-006,-0.874
-7.405599e-006,-0.874
-7.405349e-006,-0.875667
-7.405099e-006,-0.875667
-7.404849e-006,-0.874
-7.404599e-006,-0.874
-7.404349e-006,-0.875667
-7.404099e-006,-0.875667
-7.403849e-006,-0.874
-7.403599e-006,-0.874
-7.403349e-006,-0.875667
-7.403099e-006,-0.875667
-7.402849e-006,-0.874
-7.402599e-006,-0.874
-7.402349e-006,-0.875667
-7.402099e-006,-0.875667
-7.401849e-006,-0.874
-7.401599e-006,-0.874
-7.401349e-006,-0.875667
-7.401099e-006,-0.875667
-7.400849e-006,-0.874
-7.400599e-006,-0.874
-7.400349e-006,-0.875667
-7.400099e-006,-0.875667
-7.399849e-006,-0.874
-7.399599e-006,-0.874
-7.399349e-006,-0.874
-7.399099e-006,-0.875667
-7.398849e-006,-0.874
-7.398599e-006,-0.874
-7.398349e-006,-0.874
-7.398099e-006,-0.875667
-7.397849e-006,-0.874
-7.397599e-006,-0.874
-7.397349e-006,-0.874
-7.397099e-006,-0.875667
-7.396849e-006,-0.874
-7.396599e-006,-0.874
-7.396349e-006,-0.875667
-7.396099e-006,-0.875667
-7.395849e-006,-0.874
-7.395599e-006,-0.874
-7.395349e-006,-0.875667
-7.395099e-006,-0.875667
-7.394849e-006,-0.874
-7.394599e-006,-0.874
-7.394349e-006,-0.875667
-7.394099e-006,-0.875667
-7.393849e-006,-0.874
-7.393599e-006,-0.874
-7.393349e-006,-0.875667
-7.393099e-006,-0.875667
-7.392849e-006,-0.874
-7.392599e-006,-0.874
-7.392349e-006,-0.875667
-7.392099e-006,-0.875667
-7.391849e-006,-0.874
-7.391599e-006,-0.874
-7.391349e-006,-0.875667
-7.391099e-006,-0.875667
-7.390849e-006,-0.874
-7.390599e-006,-0.874
-7.390349e-006,-0.875667
-7.390099e-006,-0.875667
-7.389849e-006,-0.874
-7.389599e-006,-0.874
-7.389349e-006,-0.875667
-7.389099e-006,-0.875667
-7.388849e-006,-0.874
-7.388599e-006,-0.874
-7.388349e-006,-0.875667
-7.388099e-006,-0.875667
-7.387849e-006,-0.874
-7.387599e-006,-0.874
-7.387349e-006,-0.875667
-7.387099e-006,-0.875667
-7.386849e-006,-0.874
-7.386599e-006,-0.874
-7.386349e-006,-0.875667
-7.386099e-006,-0.875667
-7.385849e-006,-0.874
-7.385599e-006,-0.874
-7.385349e-006,-0.875667
-7.385099e-006,-0.875667
-7.384849e-006,-0.874
-7.384599e-006,-0.874
-7.384349e-006,-0.875667
-7.384099e-006,-0.875667
-7.383849e-006,-0.874
-7.383599e-006,-0.874
-7.383349e-006,-0.875667
-7.383099e-006,-0.875667
-7.382849e-006,-0.874
-7.382599e-006,-0.874
-7.382349e-006,-0.875667
-7.382099e-006,-0.875667
-7.381849e-006,-0.874
-7.381599e-006,-0.874
-7.381349e-006,-0.875667
-7.381099e-006,-0.875667
-7.380849e-006,-0.874
-7.380599e-006,-0.874
-7.380349e-006,-0.875667
-7.380099e-006,-0.875667
-7.379849e-006,-0.874
-7.379599e-006,-0.874
-7.379349e-006,-0.875667
-7.379099e-006,-0.875667
-7.378849e-006,-0.874
-7.378599e-006,-0.874
-7.378349e-006,-0.875667
-7.378099e-006,-0.875667
-7.377849e-006,-0.874
-7.377599e-006,-0.874
-7.377349e-006,-0.875667
-7.377099e-006,-0.875667
-7.376849e-006,-0.874
-7.376599e-006,-0.874
-7.376349e-006,-0.874
-7.376099e-006,-0.874
-7.375849e-006,-0.874
-7.375599e-006,-0.874
-7.375349e-006,-0.874
-7.375099e-006,-0.874
-7.374849e-006,-0.874
-7.374599e-006,-0.874
-7.374349e-006,-0.874
-7.374099e-006,-0.874
-7.373849e-006,-0.874
-7.373599e-006,-0.874
-7.373349e-006,-0.875667
-7.373099e-006,-0.875667
-7.372849e-006,-0.874
-7.372599e-006,-0.874
-7.372349e-006,-0.875667
-7.372099e-006,-0.875667
-7.371849e-006,-0.874
-7.371599e-006,-0.874
-7.371349e-006,-0.875667
-7.371099e-006,-0.875667
-7.370849e-006,-0.874
-7.370599e-006,-0.874
-7.370349e-006,-0.875667
-7.370099e-006,-0.875667
-7.369849e-006,-0.874
-7.369599e-006,-0.874
-7.369349e-006,-0.874
-7.369099e-006,-0.875667
-7.368849e-006,-0.874
-7.368599e-006,-0.874
-7.368349e-006,-0.874
-7.368099e-006,-0.875667
-7.367849e-006,-0.874
-7.367599e-006,-0.874
-7.367349e-006,-0.874
-7.367099e-006,-0.875667
-7.366849e-006,-0.874
-7.366599e-006,-0.874
-7.366349e-006,-0.874
-7.366099e-006,-0.875667
-7.365849e-006,-0.874
-7.365599e-006,-0.874
-7.365349e-006,-0.875667
-7.365099e-006,-0.875667
-7.364849e-006,-0.874
-7.364599e-006,-0.874
-7.364349e-006,-0.875667
-7.364099e-006,-0.875667
-7.363849e-006,-0.874
-7.363599e-006,-0.874
-7.363349e-006,-0.875667
-7.363099e-006,-0.875667
-7.362849e-006,-0.874
-7.362599e-006,-0.874
-7.362349e-006,-0.875667
-7.362099e-006,-0.875667
-7.361849e-006,-0.874
-7.361599e-006,-0.874
-7.361349e-006,-0.875667
-7.361099e-006,-0.875667
-7.360849e-006,-0.874
-7.360599e-006,-0.874
-7.360349e-006,-0.875667
-7.360099e-006,-0.875667
-7.359849e-006,-0.874
-7.359599e-006,-0.874
-7.359349e-006,-0.875667
-7.359099e-006,-0.875667
-7.358849e-006,-0.874
-7.358599e-006,-0.874
-7.358349e-006,-0.875667
-7.358099e-006,-0.875667
-7.357849e-006,-0.874
-7.357599e-006,-0.874
-7.357349e-006,-0.875667
-7.357099e-006,-0.875667
-7.356849e-006,-0.874
-7.356599e-006,-0.874
-7.356349e-006,-0.875667
-7.356099e-006,-0.875667
-7.355849e-006,-0.874
-7.355599e-006,-0.874
-7.355349e-006,-0.875667
-7.355099e-006,-0.875667
-7.354849e-006,-0.874
-7.354599e-006,-0.874
-7.354349e-006,-0.875667
-7.354099e-006,-0.875667
-7.353849e-006,-0.874
-7.353599e-006,-0.874
-7.353349e-006,-0.874
-7.353099e-006,-0.875667
-7.352849e-006,-0.874
-7.352599e-006,-0.874
-7.352349e-006,-0.874
-7.352099e-006,-0.875667
-7.351849e-006,-0.874
-7.351599e-006,-0.874
-7.351349e-006,-0.875667
-7.351099e-006,-0.875667
-7.350849e-006,-0.874
-7.350599e-006,-0.874
-7.350349e-006,-0.875667
-7.350099e-006,-0.875667
-7.349849e-006,-0.875667
-7.349599e-006,-0.874
-7.349349e-006,-0.875667
-7.349099e-006,-0.875667
-7.348849e-006,-0.875667
-7.348599e-006,-0.874
-7.348349e-006,-0.875667
-7.348099e-006,-0.875667
-7.347849e-006,-0.875667
-7.347599e-006,-0.874
-7.347349e-006,-0.875667
-7.347099e-006,-0.875667
-7.346849e-006,-0.875667
-7.346599e-006,-0.874
-7.346349e-006,-0.875667
-7.346099e-006,-0.874
-7.345849e-006,-0.874
-7.345599e-006,-0.874
-7.345349e-006,-0.875667
-7.345099e-006,-0.874
-7.344849e-006,-0.874
-7.344599e-006,-0.874
-7.344349e-006,-0.875667
-7.344099e-006,-0.875667
-7.343849e-006,-0.874
-7.343599e-006,-0.874
-7.343349e-006,-0.874
-7.343099e-006,-0.875667
-7.342849e-006,-0.874
-7.342599e-006,-0.874
-7.342349e-006,-0.875667
-7.342099e-006,-0.875667
-7.341849e-006,-0.874
-7.341599e-006,-0.874
-7.341349e-006,-0.875667
-7.341099e-006,-0.875667
-7.340849e-006,-0.874
-7.340599e-006,-0.874
-7.340349e-006,-0.875667
-7.340099e-006,-0.875667
-7.339849e-006,-0.874
-7.339599e-006,-0.874
-7.339349e-006,-0.875667
-7.339099e-006,-0.875667
-7.338849e-006,-0.874
-7.338599e-006,-0.874
-7.338349e-006,-0.875667
-7.338099e-006,-0.875667
-7.337849e-006,-0.874
-7.337599e-006,-0.874
-7.337349e-006,-0.875667
-7.337099e-006,-0.875667
-7.336849e-006,-0.874
-7.336599e-006,-0.874
-7.336349e-006,-0.875667
-7.336099e-006,-0.875667
-7.335849e-006,-0.874
-7.335599e-006,-0.874
-7.335349e-006,-0.874
-7.335099e-006,-0.875667
-7.334849e-006,-0.874
-7.334599e-006,-0.874
-7.334349e-006,-0.875667
-7.334099e-006,-0.875667
-7.333849e-006,-0.874
-7.333599e-006,-0.874
-7.333349e-006,-0.875667
-7.333099e-006,-0.875667
-7.332849e-006,-0.874
-7.332599e-006,-0.874
-7.332349e-006,-0.875667
-7.332099e-006,-0.875667
-7.331849e-006,-0.874
-7.331599e-006,-0.874
-7.331349e-006,-0.875667
-7.331099e-006,-0.874
-7.330849e-006,-0.874
-7.330599e-006,-0.874
-7.330349e-006,-0.875667
-7.330099e-006,-0.875667
-7.329849e-006,-0.874
-7.329599e-006,-0.874
-7.329349e-006,-0.874
-7.329099e-006,-0.875667
-7.328849e-006,-0.874
-7.328599e-006,-0.874
-7.328349e-006,-0.874
-7.328099e-006,-0.875667
-7.327849e-006,-0.874
-7.327599e-006,-0.874
-7.327349e-006,-0.874
-7.327099e-006,-0.875667
-7.326849e-006,-0.874
-7.326599e-006,-0.874
-7.326349e-006,-0.874
-7.326099e-006,-0.875667
-7.325849e-006,-0.874
-7.325599e-006,-0.874
-7.325349e-006,-0.874
-7.325099e-006,-0.875667
-7.324849e-006,-0.874
-7.324599e-006,-0.874
-7.324349e-006,-0.874
-7.324099e-006,-0.875667
-7.323849e-006,-0.874
-7.323599e-006,-0.874
-7.323349e-006,-0.874
-7.323099e-006,-0.875667
-7.322849e-006,-0.874
-7.322599e-006,-0.874
-7.322349e-006,-0.874
-7.322099e-006,-0.875667
-7.321849e-006,-0.874
-7.321599e-006,-0.874
-7.321349e-006,-0.875667
-7.321099e-006,-0.875667
-7.320849e-006,-0.874
-7.320599e-006,-0.874
-7.320349e-006,-0.874
-7.320099e-006,-0.875667
-7.319849e-006,-0.874
-7.319599e-006,-0.874
-7.319349e-006,-0.874
-7.319099e-006,-0.875667
-7.318849e-006,-0.874
-7.318599e-006,-0.874
-7.318349e-006,-0.874
-7.318099e-006,-0.875667
-7.317849e-006,-0.874
-7.317599e-006,-0.874
-7.317349e-006,-0.874
-7.317099e-006,-0.875667
-7.316849e-006,-0.874
-7.316599e-006,-0.874
-7.316349e-006,-0.874
-7.316099e-006,-0.875667
-7.315849e-006,-0.874
-7.315599e-006,-0.874
-7.315349e-006,-0.874
-7.315099e-006,-0.875667
-7.314849e-006,-0.874
-7.314599e-006,-0.874
-7.314349e-006,-0.874
-7.314099e-006,-0.875667
-7.313849e-006,-0.874
-7.313599e-006,-0.874
-7.313349e-006,-0.875667
-7.313099e-006,-0.875667
-7.312849e-006,-0.874
-7.312599e-006,-0.874
-7.312349e-006,-0.875667
-7.312099e-006,-0.875667
-7.311849e-006,-0.874
-7.311599e-006,-0.874
-7.311349e-006,-0.875667
-7.311099e-006,-0.875667
-7.310849e-006,-0.874
-7.310599e-006,-0.874
-7.310349e-006,-0.875667
-7.310099e-006,-0.875667
-7.309849e-006,-0.874
-7.309599e-006,-0.874
-7.309349e-006,-0.875667
-7.309099e-006,-0.875667
-7.308849e-006,-0.874
-7.308599e-006,-0.874
-7.308349e-006,-0.875667
-7.308099e-006,-0.875667
-7.307849e-006,-0.874
-7.307599e-006,-0.874
-7.307349e-006,-0.875667
-7.307099e-006,-0.875667
-7.306849e-006,-0.874
-7.306599e-006,-0.874
-7.306349e-006,-0.875667
-7.306099e-006,-0.875667
-7.305849e-006,-0.874
-7.305599e-006,-0.874
-7.305349e-006,-0.875667
-7.305099e-006,-0.875667
-7.304849e-006,-0.874
-7.304599e-006,-0.874
-7.304349e-006,-0.875667
-7.304099e-006,-0.875667
-7.303849e-006,-0.874
-7.303599e-006,-0.874
-7.303349e-006,-0.875667
-7.303099e-006,-0.875667
-7.302849e-006,-0.874
-7.302599e-006,-0.874
-7.302349e-006,-0.875667
-7.302099e-006,-0.875667
-7.301849e-006,-0.874
-7.301599e-006,-0.874
-7.301349e-006,-0.875667
-7.301099e-006,-0.875667
-7.300849e-006,-0.874
-7.300599e-006,-0.874
-7.300349e-006,-0.875667
-7.300099e-006,-0.875667
-7.299849e-006,-0.874
-7.299599e-006,-0.874
-7.299349e-006,-0.875667
-7.299099e-006,-0.875667
-7.298849e-006,-0.874
-7.298599e-006,-0.874
-7.298349e-006,-0.874
-7.298099e-006,-0.875667
-7.297849e-006,-0.874
-7.297599e-006,-0.874
-7.297349e-006,-0.874
-7.297099e-006,-0.875667
-7.296849e-006,-0.874
-7.296599e-006,-0.874
-7.296349e-006,-0.874
-7.296099e-006,-0.875667
-7.295849e-006,-0.874
-7.295599e-006,-0.874
-7.295349e-006,-0.875667
-7.295099e-006,-0.875667
-7.294849e-006,-0.874
-7.294599e-006,-0.874
-7.294349e-006,-0.875667
-7.294099e-006,-0.875667
-7.293849e-006,-0.874
-7.293599e-006,-0.874
-7.293349e-006,-0.875667
-7.293099e-006,-0.875667
-7.292849e-006,-0.874
-7.292599e-006,-0.874
-7.292349e-006,-0.875667
-7.292099e-006,-0.875667
-7.291849e-006,-0.874
-7.291599e-006,-0.874
-7.291349e-006,-0.875667
-7.291099e-006,-0.875667
-7.290849e-006,-0.874
-7.290599e-006,-0.874
-7.290349e-006,-0.875667
-7.290099e-006,-0.875667
-7.289849e-006,-0.874
-7.289599e-006,-0.874
-7.289349e-006,-0.875667
-7.289099e-006,-0.875667
-7.288849e-006,-0.874
-7.288599e-006,-0.874
-7.288349e-006,-0.875667
-7.288099e-006,-0.875667
-7.287849e-006,-0.874
-7.287599e-006,-0.874
-7.287349e-006,-0.875667
-7.287099e-006,-0.875667
-7.286849e-006,-0.874
-7.286599e-006,-0.874
-7.286349e-006,-0.875667
-7.286099e-006,-0.875667
-7.285849e-006,-0.874
-7.285599e-006,-0.874
-7.285349e-006,-0.875667
-7.285099e-006,-0.875667
-7.284849e-006,-0.874
-7.284599e-006,-0.874
-7.284349e-006,-0.875667
-7.284099e-006,-0.875667
-7.283849e-006,-0.874
-7.283599e-006,-0.874
-7.283349e-006,-0.875667
-7.283099e-006,-0.875667
-7.282849e-006,-0.874
-7.282599e-006,-0.874
-7.282349e-006,-0.875667
-7.282099e-006,-0.875667
-7.281849e-006,-0.874
-7.281599e-006,-0.874
-7.281349e-006,-0.875667
-7.281099e-006,-0.875667
-7.280849e-006,-0.874
-7.280599e-006,-0.874
-7.280349e-006,-0.875667
-7.280099e-006,-0.875667
-7.279849e-006,-0.874
-7.279599e-006,-0.874
-7.279349e-006,-0.875667
-7.279099e-006,-0.875667
-7.278849e-006,-0.874
-7.278599e-006,-0.874
-7.278349e-006,-0.874
-7.278099e-006,-0.875667
-7.277849e-006,-0.874
-7.277599e-006,-0.874
-7.277349e-006,-0.874
-7.277099e-006,-0.875667
-7.276849e-006,-0.874
-7.276599e-006,-0.874
-7.276349e-006,-0.875667
-7.276099e-006,-0.875667
-7.275849e-006,-0.874
-7.275599e-006,-0.874
-7.275349e-006,-0.875667
-7.275099e-006,-0.875667
-7.274849e-006,-0.874
-7.274599e-006,-0.874
-7.274349e-006,-0.875667
-7.274099e-006,-0.875667
-7.273849e-006,-0.874
-7.273599e-006,-0.874
-7.273349e-006,-0.875667
-7.273099e-006,-0.875667
-7.272849e-006,-0.874
-7.272599e-006,-0.874
-7.272349e-006,-0.875667
-7.272099e-006,-0.875667
-7.271849e-006,-0.874
-7.271599e-006,-0.874
-7.271349e-006,-0.875667
-7.271099e-006,-0.875667
-7.270849e-006,-0.874
-7.270599e-006,-0.874
-7.270349e-006,-0.875667
-7.270099e-006,-0.875667
-7.269849e-006,-0.874
-7.269599e-006,-0.874
-7.269349e-006,-0.875667
-7.269099e-006,-0.874
-7.268849e-006,-0.874
-7.268599e-006,-0.874
-7.268349e-006,-0.875667
-7.268099e-006,-0.874
-7.267849e-006,-0.874
-7.267599e-006,-0.874
-7.267349e-006,-0.875667
-7.267099e-006,-0.875667
-7.266849e-006,-0.874
-7.266599e-006,-0.874
-7.266349e-006,-0.875667
-7.266099e-006,-0.875667
-7.265849e-006,-0.874
-7.265599e-006,-0.874
-7.265349e-006,-0.875667
-7.265099e-006,-0.875667
-7.264849e-006,-0.874
-7.264599e-006,-0.874
-7.264349e-006,-0.875667
-7.264099e-006,-0.874
-7.263849e-006,-0.874
-7.263599e-006,-0.874
-7.263349e-006,-0.875667
-7.263099e-006,-0.875667
-7.262849e-006,-0.874
-7.262599e-006,-0.874
-7.262349e-006,-0.875667
-7.262099e-006,-0.874
-7.261849e-006,-0.874
-7.261599e-006,-0.874
-7.261349e-006,-0.874
-7.261099e-006,-0.874
-7.260849e-006,-0.874
-7.260599e-006,-0.874
-7.260349e-006,-0.874
-7.260099e-006,-0.874
-7.259849e-006,-0.874
-7.259599e-006,-0.874
-7.259349e-006,-0.875667
-7.259099e-006,-0.874
-7.258849e-006,-0.874
-7.258599e-006,-0.874
-7.258349e-006,-0.875667
-7.258099e-006,-0.875667
-7.257849e-006,-0.874
-7.257599e-006,-0.874
-7.257349e-006,-0.875667
-7.257099e-006,-0.875667
-7.256849e-006,-0.874
-7.256599e-006,-0.874
-7.256349e-006,-0.875667
-7.256099e-006,-0.875667
-7.255849e-006,-0.874
-7.255599e-006,-0.874
-7.255349e-006,-0.875667
-7.255099e-006,-0.875667
-7.254849e-006,-0.874
-7.254599e-006,-0.874
-7.254349e-006,-0.875667
-7.254099e-006,-0.875667
-7.253849e-006,-0.874
-7.253599e-006,-0.874
-7.253349e-006,-0.875667
-7.253099e-006,-0.875667
-7.252849e-006,-0.874
-7.252599e-006,-0.874
-7.252349e-006,-0.875667
-7.252099e-006,-0.875667
-7.251849e-006,-0.874
-7.251599e-006,-0.874
-7.251349e-006,-0.875667
-7.251099e-006,-0.875667
-7.250849e-006,-0.874
-7.250599e-006,-0.874
-7.250349e-006,-0.875667
-7.250099e-006,-0.875667
-7.249849e-006,-0.874
-7.249599e-006,-0.874
-7.249349e-006,-0.875667
-7.249099e-006,-0.875667
-7.248849e-006,-0.874
-7.248599e-006,-0.874
-7.248349e-006,-0.875667
-7.248099e-006,-0.875667
-7.247849e-006,-0.874
-7.247599e-006,-0.874
-7.247349e-006,-0.875667
-7.247099e-006,-0.875667
-7.246849e-006,-0.874
-7.246599e-006,-0.874
-7.246349e-006,-0.875667
-7.246099e-006,-0.875667
-7.245849e-006,-0.874
-7.245599e-006,-0.874
-7.245349e-006,-0.875667
-7.245099e-006,-0.875667
-7.244849e-006,-0.874
-7.244599e-006,-0.874
-7.244349e-006,-0.875667
-7.244099e-006,-0.875667
-7.243849e-006,-0.874
-7.243599e-006,-0.874
-7.243349e-006,-0.875667
-7.243099e-006,-0.875667
-7.242849e-006,-0.874
-7.242599e-006,-0.874
-7.242349e-006,-0.875667
-7.242099e-006,-0.875667
-7.241849e-006,-0.874
-7.241599e-006,-0.874
-7.241349e-006,-0.874
-7.241099e-006,-0.875667
-7.240849e-006,-0.874
-7.240599e-006,-0.874
-7.240349e-006,-0.874
-7.240099e-006,-0.875667
-7.239849e-006,-0.874
-7.239599e-006,-0.874
-7.239349e-006,-0.875667
-7.239099e-006,-0.875667
-7.238849e-006,-0.874
-7.238599e-006,-0.874
-7.238349e-006,-0.875667
-7.238099e-006,-0.875667
-7.237849e-006,-0.874
-7.237599e-006,-0.874
-7.237349e-006,-0.875667
-7.237099e-006,-0.875667
-7.236849e-006,-0.874
-7.236599e-006,-0.874
-7.236349e-006,-0.875667
-7.236099e-006,-0.875667
-7.235849e-006,-0.874
-7.235599e-006,-0.874
-7.235349e-006,-0.875667
-7.235099e-006,-0.875667
-7.234849e-006,-0.874
-7.234599e-006,-0.874
-7.234349e-006,-0.875667
-7.234099e-006,-0.875667
-7.233849e-006,-0.874
-7.233599e-006,-0.874
-7.233349e-006,-0.875667
-7.233099e-006,-0.875667
-7.232849e-006,-0.874
-7.232599e-006,-0.874
-7.232349e-006,-0.875667
-7.232099e-006,-0.875667
-7.231849e-006,-0.874
-7.231599e-006,-0.874
-7.231349e-006,-0.875667
-7.231099e-006,-0.875667
-7.230849e-006,-0.874
-7.230599e-006,-0.874
-7.230349e-006,-0.875667
-7.230099e-006,-0.875667
-7.229849e-006,-0.874
-7.229599e-006,-0.874
-7.229349e-006,-0.875667
-7.229099e-006,-0.875667
-7.228849e-006,-0.874
-7.228599e-006,-0.874
-7.228349e-006,-0.875667
-7.228099e-006,-0.875667
-7.227849e-006,-0.874
-7.227599e-006,-0.874
-7.227349e-006,-0.875667
-7.227099e-006,-0.875667
-7.226849e-006,-0.874
-7.226599e-006,-0.874
-7.226349e-006,-0.875667
-7.226099e-006,-0.875667
-7.225849e-006,-0.874
-7.225599e-006,-0.874
-7.225349e-006,-0.875667
-7.225099e-006,-0.875667
-7.224849e-006,-0.874
-7.224599e-006,-0.874
-7.224349e-006,-0.875667
-7.224099e-006,-0.875667
-7.223849e-006,-0.874
-7.223599e-006,-0.874
-7.223349e-006,-0.875667
-7.223099e-006,-0.875667
-7.222849e-006,-0.874
-7.222599e-006,-0.874
-7.222349e-006,-0.875667
-7.222099e-006,-0.875667
-7.221849e-006,-0.874
-7.221599e-006,-0.874
-7.221349e-006,-0.875667
-7.221099e-006,-0.875667
-7.220849e-006,-0.874
-7.220599e-006,-0.874
-7.220349e-006,-0.875667
-7.220099e-006,-0.875667
-7.219849e-006,-0.874
-7.219599e-006,-0.874
-7.219349e-006,-0.875667
-7.219099e-006,-0.875667
-7.218849e-006,-0.874
-7.218599e-006,-0.874
-7.218349e-006,-0.875667
-7.218099e-006,-0.875667
-7.217849e-006,-0.874
-7.217599e-006,-0.874
-7.217349e-006,-0.875667
-7.217099e-006,-0.875667
-7.216849e-006,-0.874
-7.216599e-006,-0.874
-7.216349e-006,-0.875667
-7.216099e-006,-0.875667
-7.215849e-006,-0.874
-7.215599e-006,-0.874
-7.215349e-006,-0.875667
-7.215099e-006,-0.875667
-7.214849e-006,-0.874
-7.214599e-006,-0.874
-7.214349e-006,-0.875667
-7.214099e-006,-0.875667
-7.213849e-006,-0.874
-7.213599e-006,-0.874
-7.213349e-006,-0.875667
-7.213099e-006,-0.875667
-7.212849e-006,-0.874
-7.212599e-006,-0.874
-7.212349e-006,-0.875667
-7.212099e-006,-0.875667
-7.211849e-006,-0.874
-7.211599e-006,-0.874
-7.211349e-006,-0.875667
-7.211099e-006,-0.875667
-7.210849e-006,-0.874
-7.210599e-006,-0.874
-7.210349e-006,-0.875667
-7.210099e-006,-0.875667
-7.209849e-006,-0.874
-7.209599e-006,-0.874
-7.209349e-006,-0.875667
-7.209099e-006,-0.875667
-7.208849e-006,-0.874
-7.208599e-006,-0.874
-7.208349e-006,-0.874
-7.208099e-006,-0.875667
-7.207849e-006,-0.874
-7.207599e-006,-0.874
-7.207349e-006,-0.874
-7.207099e-006,-0.875667
-7.206849e-006,-0.874
-7.206599e-006,-0.874
-7.206349e-006,-0.875667
-7.206099e-006,-0.875667
-7.205849e-006,-0.874
-7.205599e-006,-0.874
-7.205349e-006,-0.875667
-7.205099e-006,-0.875667
-7.204849e-006,-0.874
-7.204599e-006,-0.874
-7.204349e-006,-0.875667
-7.204099e-006,-0.875667
-7.203849e-006,-0.874
-7.203599e-006,-0.874
-7.203349e-006,-0.875667
-7.203099e-006,-0.875667
-7.202849e-006,-0.874
-7.202599e-006,-0.874
-7.202349e-006,-0.875667
-7.202099e-006,-0.875667
-7.201849e-006,-0.874
-7.201599e-006,-0.874
-7.201349e-006,-0.874
-7.201099e-006,-0.875667
-7.200849e-006,-0.874
-7.200599e-006,-0.874
-7.200349e-006,-0.875667
-7.200099e-006,-0.875667
-7.199849e-006,-0.874
-7.199599e-006,-0.874
-7.199349e-006,-0.875667
-7.199099e-006,-0.875667
-7.198849e-006,-0.874
-7.198599e-006,-0.874
-7.198349e-006,-0.875667
-7.198099e-006,-0.875667
-7.197849e-006,-0.874
-7.197599e-006,-0.874
-7.197349e-006,-0.875667
-7.197099e-006,-0.875667
-7.196849e-006,-0.874
-7.196599e-006,-0.874
-7.196349e-006,-0.874
-7.196099e-006,-0.875667
-7.195849e-006,-0.874
-7.195599e-006,-0.874
-7.195349e-006,-0.874
-7.195099e-006,-0.875667
-7.194849e-006,-0.874
-7.194599e-006,-0.874
-7.194349e-006,-0.874
-7.194099e-006,-0.875667
-7.193849e-006,-0.874
-7.193599e-006,-0.874
-7.193349e-006,-0.874
-7.193099e-006,-0.875667
-7.192849e-006,-0.874
-7.192599e-006,-0.874
-7.192349e-006,-0.874
-7.192099e-006,-0.875667
-7.191849e-006,-0.874
-7.191599e-006,-0.874
-7.191349e-006,-0.874
-7.191099e-006,-0.875667
-7.190849e-006,-0.874
-7.190599e-006,-0.874
-7.190349e-006,-0.874
-7.190099e-006,-0.875667
-7.189849e-006,-0.874
-7.189599e-006,-0.874
-7.189349e-006,-0.874
-7.189099e-006,-0.875667
-7.188849e-006,-0.874
-7.188599e-006,-0.874
-7.188349e-006,-0.875667
-7.188099e-006,-0.875667
-7.187849e-006,-0.874
-7.187599e-006,-0.874
-7.187349e-006,-0.875667
-7.187099e-006,-0.875667
-7.186849e-006,-0.874
-7.186599e-006,-0.874
-7.186349e-006,-0.875667
-7.186099e-006,-0.875667
-7.185849e-006,-0.874
-7.185599e-006,-0.874
-7.185349e-006,-0.875667
-7.185099e-006,-0.875667
-7.184849e-006,-0.874
-7.184599e-006,-0.874
-7.184349e-006,-0.875667
-7.184099e-006,-0.875667
-7.183849e-006,-0.874
-7.183599e-006,-0.874
-7.183349e-006,-0.875667
-7.183099e-006,-0.875667
-7.182849e-006,-0.874
-7.182599e-006,-0.874
-7.182349e-006,-0.875667
-7.182099e-006,-0.875667
-7.181849e-006,-0.874
-7.181599e-006,-0.874
-7.181349e-006,-0.875667
-7.181099e-006,-0.875667
-7.180849e-006,-0.874
-7.180599e-006,-0.874
-7.180349e-006,-0.875667
-7.180099e-006,-0.875667
-7.179849e-006,-0.874
-7.179599e-006,-0.874
-7.179349e-006,-0.875667
-7.179099e-006,-0.874
-7.178849e-006,-0.874
-7.178599e-006,-0.874
-7.178349e-006,-0.875667
-7.178099e-006,-0.875667
-7.177849e-006,-0.874
-7.177599e-006,-0.874
-7.177349e-006,-0.875667
-7.177099e-006,-0.875667
-7.176849e-006,-0.874
-7.176599e-006,-0.874
-7.176349e-006,-0.875667
-7.176099e-006,-0.875667
-7.175849e-006,-0.874
-7.175599e-006,-0.874
-7.175349e-006,-0.874
-7.175099e-006,-0.875667
-7.174849e-006,-0.874
-7.174599e-006,-0.874
-7.174349e-006,-0.875667
-7.174099e-006,-0.875667
-7.173849e-006,-0.874
-7.173599e-006,-0.874
-7.173349e-006,-0.875667
-7.173099e-006,-0.875667
-7.172849e-006,-0.874
-7.172599e-006,-0.874
-7.172349e-006,-0.875667
-7.172099e-006,-0.875667
-7.171849e-006,-0.874
-7.171599e-006,-0.874
-7.171349e-006,-0.875667
-7.171099e-006,-0.875667
-7.170849e-006,-0.874
-7.170599e-006,-0.874
-7.170349e-006,-0.875667
-7.170099e-006,-0.875667
-7.169849e-006,-0.874
-7.169599e-006,-0.874
-7.169349e-006,-0.875667
-7.169099e-006,-0.875667
-7.168849e-006,-0.874
-7.168599e-006,-0.874
-7.168349e-006,-0.875667
-7.168099e-006,-0.875667
-7.167849e-006,-0.874
-7.167599e-006,-0.874
-7.167349e-006,-0.875667
-7.167099e-006,-0.875667
-7.166849e-006,-0.874
-7.166599e-006,-0.874
-7.166349e-006,-0.875667
-7.166099e-006,-0.875667
-7.165849e-006,-0.874
-7.165599e-006,-0.874
-7.165349e-006,-0.875667
-7.165099e-006,-0.875667
-7.164849e-006,-0.874
-7.164599e-006,-0.874
-7.164349e-006,-0.875667
-7.164099e-006,-0.875667
-7.163849e-006,-0.874
-7.163599e-006,-0.874
-7.163349e-006,-0.875667
-7.163099e-006,-0.875667
-7.162849e-006,-0.874
-7.162599e-006,-0.874
-7.162349e-006,-0.875667
-7.162099e-006,-0.875667
-7.161849e-006,-0.874
-7.161599e-006,-0.874
-7.161349e-006,-0.875667
-7.161099e-006,-0.875667
-7.160849e-006,-0.874
-7.160599e-006,-0.874
-7.160349e-006,-0.875667
-7.160099e-006,-0.875667
-7.159849e-006,-0.874
-7.159599e-006,-0.874
-7.159349e-006,-0.875667
-7.159099e-006,-0.875667
-7.158849e-006,-0.875667
-7.158599e-006,-0.874
-7.158349e-006,-0.875667
-7.158099e-006,-0.875667
-7.157849e-006,-0.875667
-7.157599e-006,-0.874
-7.157349e-006,-0.875667
-7.157099e-006,-0.875667
-7.156849e-006,-0.874
-7.156599e-006,-0.874
-7.156349e-006,-0.875667
-7.156099e-006,-0.875667
-7.155849e-006,-0.874
-7.155599e-006,-0.874
-7.155349e-006,-0.875667
-7.155099e-006,-0.875667
-7.154849e-006,-0.874
-7.154599e-006,-0.874
-7.154349e-006,-0.875667
-7.154099e-006,-0.875667
-7.153849e-006,-0.874
-7.153599e-006,-0.874
-7.153349e-006,-0.875667
-7.153099e-006,-0.875667
-7.152849e-006,-0.874
-7.152599e-006,-0.874
-7.152349e-006,-0.875667
-7.152099e-006,-0.875667
-7.151849e-006,-0.874
-7.151599e-006,-0.874
-7.151349e-006,-0.874
-7.151099e-006,-0.875667
-7.150849e-006,-0.874
-7.150599e-006,-0.874
-7.150349e-006,-0.875667
-7.150099e-006,-0.875667
-7.149849e-006,-0.874
-7.149599e-006,-0.874
-7.149349e-006,-0.875667
-7.149099e-006,-0.874
-7.148849e-006,-0.874
-7.148599e-006,-0.874
-7.148349e-006,-0.874
-7.148099e-006,-0.875667
-7.147849e-006,-0.874
-7.147599e-006,-0.874
-7.147349e-006,-0.874
-7.147099e-006,-0.875667
-7.146849e-006,-0.874
-7.146599e-006,-0.874
-7.146349e-006,-0.874
-7.146099e-006,-0.875667
-7.145849e-006,-0.874
-7.145599e-006,-0.874
-7.145349e-006,-0.874
-7.145099e-006,-0.875667
-7.144849e-006,-0.874
-7.144599e-006,-0.874
-7.144349e-006,-0.874
-7.144099e-006,-0.874
-7.143849e-006,-0.874
-7.143599e-006,-0.874
-7.143349e-006,-0.874
-7.143099e-006,-0.874
-7.142849e-006,-0.874
-7.142599e-006,-0.874
-7.142349e-006,-0.874
-7.142099e-006,-0.874
-7.141849e-006,-0.874
-7.141599e-006,-0.874
-7.141349e-006,-0.874
-7.141099e-006,-0.874
-7.140849e-006,-0.874
-7.140599e-006,-0.874
-7.140349e-006,-0.874
-7.140099e-006,-0.875667
-7.139849e-006,-0.874
-7.139599e-006,-0.874
-7.139349e-006,-0.874
-7.139099e-006,-0.875667
-7.138849e-006,-0.874
-7.138599e-006,-0.874
-7.138349e-006,-0.874
-7.138099e-006,-0.875667
-7.137849e-006,-0.874
-7.137599e-006,-0.874
-7.137349e-006,-0.874
-7.137099e-006,-0.875667
-7.136849e-006,-0.874
-7.136599e-006,-0.874
-7.136349e-006,-0.874
-7.136099e-006,-0.875667
-7.135849e-006,-0.874
-7.135599e-006,-0.874
-7.135349e-006,-0.874
-7.135099e-006,-0.875667
-7.134849e-006,-0.874
-7.134599e-006,-0.874
-7.134349e-006,-0.874
-7.134099e-006,-0.875667
-7.133849e-006,-0.874
-7.133599e-006,-0.874
-7.133349e-006,-0.874
-7.133099e-006,-0.875667
-7.132849e-006,-0.874
-7.132599e-006,-0.874
-7.132349e-006,-0.874
-7.132099e-006,-0.875667
-7.131849e-006,-0.874
-7.131599e-006,-0.874
-7.131349e-006,-0.874
-7.131099e-006,-0.875667
-7.130849e-006,-0.874
-7.130599e-006,-0.874
-7.130349e-006,-0.874
-7.130099e-006,-0.875667
-7.129849e-006,-0.874
-7.129599e-006,-0.874
-7.129349e-006,-0.874
-7.129099e-006,-0.875667
-7.128849e-006,-0.874
-7.128599e-006,-0.874
-7.128349e-006,-0.874
-7.128099e-006,-0.875667
-7.127849e-006,-0.874
-7.127599e-006,-0.874
-7.127349e-006,-0.874
-7.127099e-006,-0.875667
-7.126849e-006,-0.874
-7.126599e-006,-0.874
-7.126349e-006,-0.875667
-7.126099e-006,-0.875667
-7.125849e-006,-0.874
-7.125599e-006,-0.874
-7.125349e-006,-0.874
-7.125099e-006,-0.875667
-7.124849e-006,-0.874
-7.124599e-006,-0.874
-7.124349e-006,-0.874
-7.124099e-006,-0.875667
-7.123849e-006,-0.874
-7.123599e-006,-0.874
-7.123349e-006,-0.874
-7.123099e-006,-0.875667
-7.122849e-006,-0.874
-7.122599e-006,-0.874
-7.122349e-006,-0.874
-7.122099e-006,-0.875667
-7.121849e-006,-0.874
-7.121599e-006,-0.874
-7.121349e-006,-0.874
-7.121099e-006,-0.875667
-7.120849e-006,-0.874
-7.120599e-006,-0.874
-7.120349e-006,-0.874
-7.120099e-006,-0.875667
-7.119849e-006,-0.874
-7.119599e-006,-0.874
-7.119349e-006,-0.874
-7.119099e-006,-0.875667
-7.118849e-006,-0.874
-7.118599e-006,-0.874
-7.118349e-006,-0.874
-7.118099e-006,-0.875667
-7.117849e-006,-0.874
-7.117599e-006,-0.874
-7.117349e-006,-0.875667
-7.117099e-006,-0.875667
-7.116849e-006,-0.874
-7.116599e-006,-0.874
-7.116349e-006,-0.875667
-7.116099e-006,-0.875667
-7.115849e-006,-0.874
-7.115599e-006,-0.874
-7.115349e-006,-0.875667
-7.115099e-006,-0.875667
-7.114849e-006,-0.874
-7.114599e-006,-0.874
-7.114349e-006,-0.875667
-7.114099e-006,-0.875667
-7.113849e-006,-0.874
-7.113599e-006,-0.874
-7.113349e-006,-0.875667
-7.113099e-006,-0.875667
-7.112849e-006,-0.874
-7.112599e-006,-0.874
-7.112349e-006,-0.875667
-7.112099e-006,-0.875667
-7.111849e-006,-0.874
-7.111599e-006,-0.874
-7.111349e-006,-0.875667
-7.111099e-006,-0.875667
-7.110849e-006,-0.874
-7.110599e-006,-0.874
-7.110349e-006,-0.874
-7.110099e-006,-0.875667
-7.109849e-006,-0.874
-7.109599e-006,-0.874
-7.109349e-006,-0.875667
-7.109099e-006,-0.875667
-7.108849e-006,-0.874
-7.108599e-006,-0.874
-7.108349e-006,-0.874
-7.108099e-006,-0.875667
-7.107849e-006,-0.874
-7.107599e-006,-0.874
-7.107349e-006,-0.874
-7.107099e-006,-0.875667
-7.106849e-006,-0.874
-7.106599e-006,-0.874
-7.106349e-006,-0.875667
-7.106099e-006,-0.875667
-7.105849e-006,-0.874
-7.105599e-006,-0.874
-7.105349e-006,-0.875667
-7.105099e-006,-0.875667
-7.104849e-006,-0.874
-7.104599e-006,-0.874
-7.104349e-006,-0.875667
-7.104099e-006,-0.875667
-7.103849e-006,-0.874
-7.103599e-006,-0.874
-7.103349e-006,-0.875667
-7.103099e-006,-0.875667
-7.102849e-006,-0.874
-7.102599e-006,-0.874
-7.102349e-006,-0.875667
-7.102099e-006,-0.875667
-7.101849e-006,-0.874
-7.101599e-006,-0.874
-7.101349e-006,-0.875667
-7.101099e-006,-0.875667
-7.100849e-006,-0.874
-7.100599e-006,-0.874
-7.100349e-006,-0.875667
-7.100099e-006,-0.875667
-7.099849e-006,-0.874
-7.099599e-006,-0.874
-7.099349e-006,-0.875667
-7.099099e-006,-0.875667
-7.098849e-006,-0.874
-7.098599e-006,-0.874
-7.098349e-006,-0.875667
-7.098099e-006,-0.875667
-7.097849e-006,-0.874
-7.097599e-006,-0.874
-7.097349e-006,-0.875667
-7.097099e-006,-0.875667
-7.096849e-006,-0.874
-7.096599e-006,-0.874
-7.096349e-006,-0.875667
-7.096099e-006,-0.875667
-7.095849e-006,-0.874
-7.095599e-006,-0.874
-7.095349e-006,-0.875667
-7.095099e-006,-0.875667
-7.094849e-006,-0.875667
-7.094599e-006,-0.874
-7.094349e-006,-0.875667
-7.094099e-006,-0.875667
-7.093849e-006,-0.875667
-7.093599e-006,-0.874
-7.093349e-006,-0.875667
-7.093099e-006,-0.875667
-7.092849e-006,-0.874
-7.092599e-006,-0.874
-7.092349e-006,-0.875667
-7.092099e-006,-0.875667
-7.091849e-006,-0.874
-7.091599e-006,-0.874
-7.091349e-006,-0.875667
-7.091099e-006,-0.875667
-7.090849e-006,-0.874
-7.090599e-006,-0.874
-7.090349e-006,-0.874
-7.090099e-006,-0.874
-7.089849e-006,-0.874
-7.089599e-006,-0.874
-7.089349e-006,-0.874
-7.089099e-006,-0.875667
-7.088849e-006,-0.874
-7.088599e-006,-0.874
-7.088349e-006,-0.874
-7.088099e-006,-0.875667
-7.087849e-006,-0.874
-7.087599e-006,-0.874
-7.087349e-006,-0.874
-7.087099e-006,-0.874
-7.086849e-006,-0.874
-7.086599e-006,-0.874
-7.086349e-006,-0.875667
-7.086099e-006,-0.875667
-7.085849e-006,-0.874
-7.085599e-006,-0.874
-7.085349e-006,-0.875667
-7.085099e-006,-0.875667
-7.084849e-006,-0.874
-7.084599e-006,-0.874
-7.084349e-006,-0.875667
-7.084099e-006,-0.875667
-7.083849e-006,-0.874
-7.083599e-006,-0.874
-7.083349e-006,-0.875667
-7.083099e-006,-0.874
-7.082849e-006,-0.874
-7.082599e-006,-0.874
-7.082349e-006,-0.875667
-7.082099e-006,-0.874
-7.081849e-006,-0.874
-7.081599e-006,-0.874
-7.081349e-006,-0.875667
-7.081099e-006,-0.875667
-7.080849e-006,-0.874
-7.080599e-006,-0.874
-7.080349e-006,-0.875667
-7.080099e-006,-0.875667
-7.079849e-006,-0.874
-7.079599e-006,-0.874
-7.079349e-006,-0.875667
-7.079099e-006,-0.875667
-7.078849e-006,-0.874
-7.078599e-006,-0.874
-7.078349e-006,-0.875667
-7.078099e-006,-0.875667
-7.077849e-006,-0.874
-7.077599e-006,-0.874
-7.077349e-006,-0.875667
-7.077099e-006,-0.875667
-7.076849e-006,-0.874
-7.076599e-006,-0.874
-7.076349e-006,-0.875667
-7.076099e-006,-0.875667
-7.075849e-006,-0.874
-7.075599e-006,-0.874
-7.075349e-006,-0.875667
-7.075099e-006,-0.875667
-7.074849e-006,-0.874
-7.074599e-006,-0.874
-7.074349e-006,-0.875667
-7.074099e-006,-0.875667
-7.073849e-006,-0.874
-7.073599e-006,-0.874
-7.073349e-006,-0.875667
-7.073099e-006,-0.875667
-7.072849e-006,-0.874
-7.072599e-006,-0.872333
-7.072349e-006,-0.874
-7.072099e-006,-0.874
-7.071849e-006,-0.874
-7.071599e-006,-0.874
-7.071349e-006,-0.874
-7.071099e-006,-0.875667
-7.070849e-006,-0.874
-7.070599e-006,-0.874
-7.070349e-006,-0.874
-7.070099e-006,-0.875667
-7.069849e-006,-0.874
-7.069599e-006,-0.874
-7.069349e-006,-0.874
-7.069099e-006,-0.875667
-7.068849e-006,-0.874
-7.068599e-006,-0.874
-7.068349e-006,-0.874
-7.068099e-006,-0.875667
-7.067849e-006,-0.874
-7.067599e-006,-0.874
-7.067349e-006,-0.874
-7.067099e-006,-0.874
-7.066849e-006,-0.874
-7.066599e-006,-0.874
-7.066349e-006,-0.874
-7.066099e-006,-0.875667
-7.065849e-006,-0.874
-7.065599e-006,-0.874
-7.065349e-006,-0.875667
-7.065099e-006,-0.875667
-7.064849e-006,-0.874
-7.064599e-006,-0.874
-7.064349e-006,-0.875667
-7.064099e-006,-0.875667
-7.063849e-006,-0.874
-7.063599e-006,-0.874
-7.063349e-006,-0.875667
-7.063099e-006,-0.875667
-7.062849e-006,-0.874
-7.062599e-006,-0.874
-7.062349e-006,-0.875667
-7.062099e-006,-0.875667
-7.061849e-006,-0.874
-7.061599e-006,-0.874
-7.061349e-006,-0.875667
-7.061099e-006,-0.875667
-7.060849e-006,-0.874
-7.060599e-006,-0.874
-7.060349e-006,-0.875667
-7.060099e-006,-0.875667
-7.059849e-006,-0.875667
-7.059599e-006,-0.874
-7.059349e-006,-0.875667
-7.059099e-006,-0.875667
-7.058849e-006,-0.875667
-7.058599e-006,-0.874
-7.058349e-006,-0.875667
-7.058099e-006,-0.875667
-7.057849e-006,-0.875667
-7.057599e-006,-0.874
-7.057349e-006,-0.875667
-7.057099e-006,-0.875667
-7.056849e-006,-0.875667
-7.056599e-006,-0.874
-7.056349e-006,-0.875667
-7.056099e-006,-0.875667
-7.055849e-006,-0.874
-7.055599e-006,-0.874
-7.055349e-006,-0.875667
-7.055099e-006,-0.875667
-7.054849e-006,-0.874
-7.054599e-006,-0.874
-7.054349e-006,-0.875667
-7.054099e-006,-0.875667
-7.053849e-006,-0.874
-7.053599e-006,-0.874
-7.053349e-006,-0.875667
-7.053099e-006,-0.875667
-7.052849e-006,-0.874
-7.052599e-006,-0.874
-7.052349e-006,-0.875667
-7.052099e-006,-0.875667
-7.051849e-006,-0.874
-7.051599e-006,-0.874
-7.051349e-006,-0.875667
-7.051099e-006,-0.875667
-7.050849e-006,-0.874
-7.050599e-006,-0.874
-7.050349e-006,-0.875667
-7.050099e-006,-0.875667
-7.049849e-006,-0.874
-7.049599e-006,-0.874
-7.049349e-006,-0.874
-7.049099e-006,-0.875667
-7.048849e-006,-0.874
-7.048599e-006,-0.874
-7.048349e-006,-0.874
-7.048099e-006,-0.875667
-7.047849e-006,-0.874
-7.047599e-006,-0.874
-7.047349e-006,-0.874
-7.047099e-006,-0.875667
-7.046849e-006,-0.874
-7.046599e-006,-0.874
-7.046349e-006,-0.875667
-7.046099e-006,-0.875667
-7.045849e-006,-0.874
-7.045599e-006,-0.874
-7.045349e-006,-0.875667
-7.045099e-006,-0.875667
-7.044849e-006,-0.874
-7.044599e-006,-0.874
-7.044349e-006,-0.875667
-7.044099e-006,-0.875667
-7.043849e-006,-0.874
-7.043599e-006,-0.874
-7.043349e-006,-0.875667
-7.043099e-006,-0.875667
-7.042849e-006,-0.874
-7.042599e-006,-0.874
-7.042349e-006,-0.875667
-7.042099e-006,-0.875667
-7.041849e-006,-0.874
-7.041599e-006,-0.874
-7.041349e-006,-0.875667
-7.041099e-006,-0.875667
-7.040849e-006,-0.874
-7.040599e-006,-0.874
-7.040349e-006,-0.875667
-7.040099e-006,-0.875667
-7.039849e-006,-0.874
-7.039599e-006,-0.874
-7.039349e-006,-0.875667
-7.039099e-006,-0.875667
-7.038849e-006,-0.874
-7.038599e-006,-0.874
-7.038349e-006,-0.874
-7.038099e-006,-0.875667
-7.037849e-006,-0.874
-7.037599e-006,-0.874
-7.037349e-006,-0.875667
-7.037099e-006,-0.875667
-7.036849e-006,-0.874
-7.036599e-006,-0.874
-7.036349e-006,-0.875667
-7.036099e-006,-0.875667
-7.035849e-006,-0.874
-7.035599e-006,-0.874
-7.035349e-006,-0.875667
-7.035099e-006,-0.875667
-7.034849e-006,-0.874
-7.034599e-006,-0.874
-7.034349e-006,-0.875667
-7.034099e-006,-0.875667
-7.033849e-006,-0.874
-7.033599e-006,-0.874
-7.033349e-006,-0.875667
-7.033099e-006,-0.875667
-7.032849e-006,-0.874
-7.032599e-006,-0.874
-7.032349e-006,-0.875667
-7.032099e-006,-0.875667
-7.031849e-006,-0.874
-7.031599e-006,-0.874
-7.031349e-006,-0.875667
-7.031099e-006,-0.875667
-7.030849e-006,-0.874
-7.030599e-006,-0.874
-7.030349e-006,-0.875667
-7.030099e-006,-0.875667
-7.029849e-006,-0.874
-7.029599e-006,-0.874
-7.029349e-006,-0.874
-7.029099e-006,-0.874
-7.028849e-006,-0.874
-7.028599e-006,-0.874
-7.028349e-006,-0.874
-7.028099e-006,-0.875667
-7.027849e-006,-0.874
-7.027599e-006,-0.874
-7.027349e-006,-0.874
-7.027099e-006,-0.875667
-7.026849e-006,-0.874
-7.026599e-006,-0.874
-7.026349e-006,-0.874
-7.026099e-006,-0.875667
-7.025849e-006,-0.874
-7.025599e-006,-0.874
-7.025349e-006,-0.874
-7.025099e-006,-0.875667
-7.024849e-006,-0.874
-7.024599e-006,-0.874
-7.024349e-006,-0.874
-7.024099e-006,-0.875667
-7.023849e-006,-0.874
-7.023599e-006,-0.874
-7.023349e-006,-0.874
-7.023099e-006,-0.875667
-7.022849e-006,-0.874
-7.022599e-006,-0.874
-7.022349e-006,-0.874
-7.022099e-006,-0.875667
-7.021849e-006,-0.874
-7.021599e-006,-0.874
-7.021349e-006,-0.874
-7.021099e-006,-0.875667
-7.020849e-006,-0.874
-7.020599e-006,-0.874
-7.020349e-006,-0.875667
-7.020099e-006,-0.875667
-7.019849e-006,-0.874
-7.019599e-006,-0.874
-7.019349e-006,-0.875667
-7.019099e-006,-0.875667
-7.018849e-006,-0.874
-7.018599e-006,-0.874
-7.018349e-006,-0.875667
-7.018099e-006,-0.875667
-7.017849e-006,-0.874
-7.017599e-006,-0.874
-7.017349e-006,-0.875667
-7.017099e-006,-0.875667
-7.016849e-006,-0.874
-7.016599e-006,-0.874
-7.016349e-006,-0.875667
-7.016099e-006,-0.875667
-7.015849e-006,-0.874
-7.015599e-006,-0.874
-7.015349e-006,-0.875667
-7.015099e-006,-0.875667
-7.014849e-006,-0.874
-7.014599e-006,-0.874
-7.014349e-006,-0.874
-7.014099e-006,-0.874
-7.013849e-006,-0.874
-7.013599e-006,-0.874
-7.013349e-006,-0.874
-7.013099e-006,-0.875667
-7.012849e-006,-0.874
-7.012599e-006,-0.874
-7.012349e-006,-0.874
-7.012099e-006,-0.875667
-7.011849e-006,-0.874
-7.011599e-006,-0.874
-7.011349e-006,-0.874
-7.011099e-006,-0.875667
-7.010849e-006,-0.874
-7.010599e-006,-0.874
-7.010349e-006,-0.874
-7.010099e-006,-0.875667
-7.009849e-006,-0.874
-7.009599e-006,-0.874
-7.009349e-006,-0.874
-7.009099e-006,-0.875667
-7.008849e-006,-0.874
-7.008599e-006,-0.874
-7.008349e-006,-0.874
-7.008099e-006,-0.875667
-7.007849e-006,-0.874
-7.007599e-006,-0.874
-7.007349e-006,-0.875667
-7.007099e-006,-0.875667
-7.006849e-006,-0.874
-7.006599e-006,-0.874
-7.006349e-006,-0.875667
-7.006099e-006,-0.875667
-7.005849e-006,-0.874
-7.005599e-006,-0.874
-7.005349e-006,-0.875667
-7.005099e-006,-0.875667
-7.004849e-006,-0.874
-7.004599e-006,-0.874
-7.004349e-006,-0.875667
-7.004099e-006,-0.875667
-7.003849e-006,-0.874
-7.003599e-006,-0.874
-7.003349e-006,-0.875667
-7.003099e-006,-0.875667
-7.002849e-006,-0.874
-7.002599e-006,-0.874
-7.002349e-006,-0.875667
-7.002099e-006,-0.875667
-7.001849e-006,-0.874
-7.001599e-006,-0.874
-7.001349e-006,-0.875667
-7.001099e-006,-0.875667
-7.000849e-006,-0.874
-7.000599e-006,-0.874
-7.000349e-006,-0.875667
-7.000099e-006,-0.875667
-6.999849e-006,-0.874
-6.999599e-006,-0.874
-6.999349e-006,-0.875667
-6.999099e-006,-0.875667
-6.998849e-006,-0.874
-6.998599e-006,-0.874
-6.998349e-006,-0.874
-6.998099e-006,-0.875667
-6.997849e-006,-0.874
-6.997599e-006,-0.874
-6.997349e-006,-0.874
-6.997099e-006,-0.875667
-6.996849e-006,-0.874
-6.996599e-006,-0.874
-6.996349e-006,-0.874
-6.996099e-006,-0.875667
-6.995849e-006,-0.874
-6.995599e-006,-0.874
-6.995349e-006,-0.874
-6.995099e-006,-0.875667
-6.994849e-006,-0.874
-6.994599e-006,-0.874
-6.994349e-006,-0.875667
-6.994099e-006,-0.875667
-6.993849e-006,-0.874
-6.993599e-006,-0.874
-6.993349e-006,-0.874
-6.993099e-006,-0.875667
-6.992849e-006,-0.874
-6.992599e-006,-0.874
-6.992349e-006,-0.875667
-6.992099e-006,-0.875667
-6.991849e-006,-0.874
-6.991599e-006,-0.874
-6.991349e-006,-0.875667
-6.991099e-006,-0.875667
-6.990849e-006,-0.874
-6.990599e-006,-0.874
-6.990349e-006,-0.875667
-6.990099e-006,-0.875667
-6.989849e-006,-0.874
-6.989599e-006,-0.874
-6.989349e-006,-0.875667
-6.989099e-006,-0.875667
-6.988849e-006,-0.874
-6.988599e-006,-0.874
-6.988349e-006,-0.875667
-6.988099e-006,-0.875667
-6.987849e-006,-0.874
-6.987599e-006,-0.874
-6.987349e-006,-0.875667
-6.987099e-006,-0.875667
-6.986849e-006,-0.875667
-6.986599e-006,-0.874
-6.986349e-006,-0.875667
-6.986099e-006,-0.875667
-6.985849e-006,-0.875667
-6.985599e-006,-0.874
-6.985349e-006,-0.875667
-6.985099e-006,-0.875667
-6.984849e-006,-0.875667
-6.984599e-006,-0.874
-6.984349e-006,-0.875667
-6.984099e-006,-0.875667
-6.983849e-006,-0.874
-6.983599e-006,-0.874
-6.983349e-006,-0.875667
-6.983099e-006,-0.875667
-6.982849e-006,-0.874
-6.982599e-006,-0.874
-6.982349e-006,-0.875667
-6.982099e-006,-0.875667
-6.981849e-006,-0.874
-6.981599e-006,-0.874
-6.981349e-006,-0.875667
-6.981099e-006,-0.875667
-6.980849e-006,-0.874
-6.980599e-006,-0.874
-6.980349e-006,-0.875667
-6.980099e-006,-0.875667
-6.979849e-006,-0.874
-6.979599e-006,-0.874
-6.979349e-006,-0.875667
-6.979099e-006,-0.875667
-6.978849e-006,-0.874
-6.978599e-006,-0.874
-6.978349e-006,-0.875667
-6.978099e-006,-0.875667
-6.977849e-006,-0.874
-6.977599e-006,-0.874
-6.977349e-006,-0.875667
-6.977099e-006,-0.875667
-6.976849e-006,-0.874
-6.976599e-006,-0.874
-6.976349e-006,-0.875667
-6.976099e-006,-0.875667
-6.975849e-006,-0.874
-6.975599e-006,-0.874
-6.975349e-006,-0.875667
-6.975099e-006,-0.875667
-6.974849e-006,-0.874
-6.974599e-006,-0.874
-6.974349e-006,-0.875667
-6.974099e-006,-0.874
-6.973849e-006,-0.874
-6.973599e-006,-0.874
-6.973349e-006,-0.874
-6.973099e-006,-0.874
-6.972849e-006,-0.874
-6.972599e-006,-0.874
-6.972349e-006,-0.875667
-6.972099e-006,-0.874
-6.971849e-006,-0.874
-6.971599e-006,-0.874
-6.971349e-006,-0.875667
-6.971099e-006,-0.874
-6.970849e-006,-0.874
-6.970599e-006,-0.874
-6.970349e-006,-0.875667
-6.970099e-006,-0.875667
-6.969849e-006,-0.874
-6.969599e-006,-0.874
-6.969349e-006,-0.875667
-6.969099e-006,-0.874
-6.968849e-006,-0.874
-6.968599e-006,-0.874
-6.968349e-006,-0.875667
-6.968099e-006,-0.874
-6.967849e-006,-0.874
-6.967599e-006,-0.874
-6.967349e-006,-0.874
-6.967099e-006,-0.874
-6.966849e-006,-0.874
-6.966599e-006,-0.874
-6.966349e-006,-0.874
-6.966099e-006,-0.875667
-6.965849e-006,-0.874
-6.965599e-006,-0.874
-6.965349e-006,-0.874
-6.965099e-006,-0.875667
-6.964849e-006,-0.874
-6.964599e-006,-0.874
-6.964349e-006,-0.875667
-6.964099e-006,-0.875667
-6.963849e-006,-0.874
-6.963599e-006,-0.874
-6.963349e-006,-0.875667
-6.963099e-006,-0.875667
-6.962849e-006,-0.874
-6.962599e-006,-0.874
-6.962349e-006,-0.875667
-6.962099e-006,-0.875667
-6.961849e-006,-0.874
-6.961599e-006,-0.874
-6.961349e-006,-0.875667
-6.961099e-006,-0.875667
-6.960849e-006,-0.874
-6.960599e-006,-0.874
-6.960349e-006,-0.875667
-6.960099e-006,-0.875667
-6.959849e-006,-0.874
-6.959599e-006,-0.874
-6.959349e-006,-0.875667
-6.959099e-006,-0.875667
-6.958849e-006,-0.874
-6.958599e-006,-0.874
-6.958349e-006,-0.875667
-6.958099e-006,-0.875667
-6.957849e-006,-0.874
-6.957599e-006,-0.874
-6.957349e-006,-0.875667
-6.957099e-006,-0.875667
-6.956849e-006,-0.874
-6.956599e-006,-0.874
-6.956349e-006,-0.875667
-6.956099e-006,-0.875667
-6.955849e-006,-0.874
-6.955599e-006,-0.874
-6.955349e-006,-0.875667
-6.955099e-006,-0.875667
-6.954849e-006,-0.874
-6.954599e-006,-0.874
-6.954349e-006,-0.875667
-6.954099e-006,-0.875667
-6.953849e-006,-0.874
-6.953599e-006,-0.874
-6.953349e-006,-0.875667
-6.953099e-006,-0.875667
-6.952849e-006,-0.874
-6.952599e-006,-0.874
-6.952349e-006,-0.874
-6.952099e-006,-0.875667
-6.951849e-006,-0.874
-6.951599e-006,-0.874
-6.951349e-006,-0.874
-6.951099e-006,-0.875667
-6.950849e-006,-0.874
-6.950599e-006,-0.874
-6.950349e-006,-0.874
-6.950099e-006,-0.875667
-6.949849e-006,-0.874
-6.949599e-006,-0.874
-6.949349e-006,-0.874
-6.949099e-006,-0.875667
-6.948849e-006,-0.874
-6.948599e-006,-0.874
-6.948349e-006,-0.874
-6.948099e-006,-0.875667
-6.947849e-006,-0.874
-6.947599e-006,-0.874
-6.947349e-006,-0.874
-6.947099e-006,-0.875667
-6.946849e-006,-0.874
-6.946599e-006,-0.874
-6.946349e-006,-0.874
-6.946099e-006,-0.875667
-6.945849e-006,-0.874
-6.945599e-006,-0.874
-6.945349e-006,-0.874
-6.945099e-006,-0.875667
-6.944849e-006,-0.874
-6.944599e-006,-0.874
-6.944349e-006,-0.875667
-6.944099e-006,-0.875667
-6.943849e-006,-0.874
-6.943599e-006,-0.874
-6.943349e-006,-0.874
-6.943099e-006,-0.875667
-6.942849e-006,-0.874
-6.942599e-006,-0.874
-6.942349e-006,-0.874
-6.942099e-006,-0.875667
-6.941849e-006,-0.874
-6.941599e-006,-0.874
-6.941349e-006,-0.874
-6.941099e-006,-0.875667
-6.940849e-006,-0.874
-6.940599e-006,-0.874
-6.940349e-006,-0.874
-6.940099e-006,-0.875667
-6.939849e-006,-0.874
-6.939599e-006,-0.874
-6.939349e-006,-0.874
-6.939099e-006,-0.875667
-6.938849e-006,-0.874
-6.938599e-006,-0.874
-6.938349e-006,-0.874
-6.938099e-006,-0.875667
-6.937849e-006,-0.874
-6.937599e-006,-0.874
-6.937349e-006,-0.874
-6.937099e-006,-0.875667
-6.936849e-006,-0.874
-6.936599e-006,-0.874
-6.936349e-006,-0.874
-6.936099e-006,-0.875667
-6.935849e-006,-0.874
-6.935599e-006,-0.874
-6.935349e-006,-0.874
-6.935099e-006,-0.874
-6.934849e-006,-0.874
-6.934599e-006,-0.874
-6.934349e-006,-0.874
-6.934099e-006,-0.874
-6.933849e-006,-0.874
-6.933599e-006,-0.874
-6.933349e-006,-0.874
-6.933099e-006,-0.874
-6.932849e-006,-0.874
-6.932599e-006,-0.874
-6.932349e-006,-0.875667
-6.932099e-006,-0.875667
-6.931849e-006,-0.874
-6.931599e-006,-0.874
-6.931349e-006,-0.875667
-6.931099e-006,-0.875667
-6.930849e-006,-0.874
-6.930599e-006,-0.874
-6.930349e-006,-0.875667
-6.930099e-006,-0.875667
-6.929849e-006,-0.874
-6.929599e-006,-0.874
-6.929349e-006,-0.875667
-6.929099e-006,-0.875667
-6.928849e-006,-0.874
-6.928599e-006,-0.874
-6.928349e-006,-0.875667
-6.928099e-006,-0.875667
-6.927849e-006,-0.874
-6.927599e-006,-0.874
-6.927349e-006,-0.875667
-6.927099e-006,-0.875667
-6.926849e-006,-0.874
-6.926599e-006,-0.874
-6.926349e-006,-0.875667
-6.926099e-006,-0.875667
-6.925849e-006,-0.874
-6.925599e-006,-0.874
-6.925349e-006,-0.875667
-6.925099e-006,-0.875667
-6.924849e-006,-0.874
-6.924599e-006,-0.874
-6.924349e-006,-0.875667
-6.924099e-006,-0.875667
-6.923849e-006,-0.874
-6.923599e-006,-0.874
-6.923349e-006,-0.875667
-6.923099e-006,-0.875667
-6.922849e-006,-0.874
-6.922599e-006,-0.874
-6.922349e-006,-0.875667
-6.922099e-006,-0.875667
-6.921849e-006,-0.874
-6.921599e-006,-0.874
-6.921349e-006,-0.875667
-6.921099e-006,-0.875667
-6.920849e-006,-0.874
-6.920599e-006,-0.874
-6.920349e-006,-0.875667
-6.920099e-006,-0.875667
-6.919849e-006,-0.874
-6.919599e-006,-0.874
-6.919349e-006,-0.875667
-6.919099e-006,-0.875667
-6.918849e-006,-0.874
-6.918599e-006,-0.874
-6.918349e-006,-0.875667
-6.918099e-006,-0.874
-6.917849e-006,-0.874
-6.917599e-006,-0.874
-6.917349e-006,-0.875667
-6.917099e-006,-0.874
-6.916849e-006,-0.874
-6.916599e-006,-0.874
-6.916349e-006,-0.875667
-6.916099e-006,-0.874
-6.915849e-006,-0.874
-6.915599e-006,-0.874
-6.915349e-006,-0.875667
-6.915099e-006,-0.874
-6.914849e-006,-0.874
-6.914599e-006,-0.874
-6.914349e-006,-0.875667
-6.914099e-006,-0.874
-6.913849e-006,-0.874
-6.913599e-006,-0.874
-6.913349e-006,-0.875667
-6.913099e-006,-0.874
-6.912849e-006,-0.874
-6.912599e-006,-0.874
-6.912349e-006,-0.875667
-6.912099e-006,-0.874
-6.911849e-006,-0.874
-6.911599e-006,-0.874
-6.911349e-006,-0.875667
-6.911099e-006,-0.875667
-6.910849e-006,-0.874
-6.910599e-006,-0.874
-6.910349e-006,-0.875667
-6.910099e-006,-0.875667
-6.909849e-006,-0.874
-6.909599e-006,-0.874
-6.909349e-006,-0.874
-6.909099e-006,-0.875667
-6.908849e-006,-0.874
-6.908599e-006,-0.874
-6.908349e-006,-0.874
-6.908099e-006,-0.875667
-6.907849e-006,-0.874
-6.907599e-006,-0.874
-6.907349e-006,-0.874
-6.907099e-006,-0.875667
-6.906849e-006,-0.874
-6.906599e-006,-0.874
-6.906349e-006,-0.875667
-6.906099e-006,-0.874
-6.905849e-006,-0.874
-6.905599e-006,-0.874
-6.905349e-006,-0.875667
-6.905099e-006,-0.874
-6.904849e-006,-0.874
-6.904599e-006,-0.874
-6.904349e-006,-0.875667
-6.904099e-006,-0.875667
-6.903849e-006,-0.874
-6.903599e-006,-0.874
-6.903349e-006,-0.874
-6.903099e-006,-0.875667
-6.902849e-006,-0.874
-6.902599e-006,-0.874
-6.902349e-006,-0.874
-6.902099e-006,-0.875667
-6.901849e-006,-0.874
-6.901599e-006,-0.874
-6.901349e-006,-0.874
-6.901099e-006,-0.875667
-6.900849e-006,-0.874
-6.900599e-006,-0.874
-6.900349e-006,-0.875667
-6.900099e-006,-0.875667
-6.899849e-006,-0.874
-6.899599e-006,-0.874
-6.899349e-006,-0.875667
-6.899099e-006,-0.875667
-6.898849e-006,-0.874
-6.898599e-006,-0.874
-6.898349e-006,-0.875667
-6.898099e-006,-0.875667
-6.897849e-006,-0.875667
-6.897599e-006,-0.874
-6.897349e-006,-0.874
-6.897099e-006,-0.875667
-6.896849e-006,-0.875667
-6.896599e-006,-0.874
-6.896349e-006,-0.874
-6.896099e-006,-0.875667
-6.895849e-006,-0.874
-6.895599e-006,-0.874
-6.895349e-006,-0.874
-6.895099e-006,-0.875667
-6.894849e-006,-0.874
-6.894599e-006,-0.874
-6.894349e-006,-0.874
-6.894099e-006,-0.875667
-6.893849e-006,-0.874
-6.893599e-006,-0.874
-6.893349e-006,-0.874
-6.893099e-006,-0.875667
-6.892849e-006,-0.874
-6.892599e-006,-0.874
-6.892349e-006,-0.875667
-6.892099e-006,-0.875667
-6.891849e-006,-0.874
-6.891599e-006,-0.874
-6.891349e-006,-0.875667
-6.891099e-006,-0.875667
-6.890849e-006,-0.874
-6.890599e-006,-0.874
-6.890349e-006,-0.875667
-6.890099e-006,-0.875667
-6.889849e-006,-0.874
-6.889599e-006,-0.874
-6.889349e-006,-0.875667
-6.889099e-006,-0.875667
-6.888849e-006,-0.874
-6.888599e-006,-0.874
-6.888349e-006,-0.875667
-6.888099e-006,-0.875667
-6.887849e-006,-0.874
-6.887599e-006,-0.874
-6.887349e-006,-0.875667
-6.887099e-006,-0.874
-6.886849e-006,-0.874
-6.886599e-006,-0.874
-6.886349e-006,-0.875667
-6.886099e-006,-0.874
-6.885849e-006,-0.874
-6.885599e-006,-0.874
-6.885349e-006,-0.875667
-6.885099e-006,-0.874
-6.884849e-006,-0.874
-6.884599e-006,-0.874
-6.884349e-006,-0.875667
-6.884099e-006,-0.874
-6.883849e-006,-0.874
-6.883599e-006,-0.874
-6.883349e-006,-0.875667
-6.883099e-006,-0.875667
-6.882849e-006,-0.874
-6.882599e-006,-0.874
-6.882349e-006,-0.875667
-6.882099e-006,-0.875667
-6.881849e-006,-0.874
-6.881599e-006,-0.874
-6.881349e-006,-0.875667
-6.881099e-006,-0.875667
-6.880849e-006,-0.874
-6.880599e-006,-0.874
-6.880349e-006,-0.875667
-6.880099e-006,-0.875667
-6.879849e-006,-0.874
-6.879599e-006,-0.874
-6.879349e-006,-0.875667
-6.879099e-006,-0.875667
-6.878849e-006,-0.874
-6.878599e-006,-0.874
-6.878349e-006,-0.874
-6.878099e-006,-0.875667
-6.877849e-006,-0.874
-6.877599e-006,-0.874
-6.877349e-006,-0.874
-6.877099e-006,-0.875667
-6.876849e-006,-0.874
-6.876599e-006,-0.874
-6.876349e-006,-0.874
-6.876099e-006,-0.875667
-6.875849e-006,-0.874
-6.875599e-006,-0.874
-6.875349e-006,-0.874
-6.875099e-006,-0.875667
-6.874849e-006,-0.874
-6.874599e-006,-0.874
-6.874349e-006,-0.875667
-6.874099e-006,-0.875667
-6.873849e-006,-0.874
-6.873599e-006,-0.874
-6.873349e-006,-0.875667
-6.873099e-006,-0.875667
-6.872849e-006,-0.874
-6.872599e-006,-0.874
-6.872349e-006,-0.875667
-6.872099e-006,-0.875667
-6.871849e-006,-0.874
-6.871599e-006,-0.874
-6.871349e-006,-0.875667
-6.871099e-006,-0.875667
-6.870849e-006,-0.874
-6.870599e-006,-0.874
-6.870349e-006,-0.875667
-6.870099e-006,-0.875667
-6.869849e-006,-0.874
-6.869599e-006,-0.874
-6.869349e-006,-0.874
-6.869099e-006,-0.875667
-6.868849e-006,-0.874
-6.868599e-006,-0.874
-6.868349e-006,-0.874
-6.868099e-006,-0.875667
-6.867849e-006,-0.874
-6.867599e-006,-0.874
-6.867349e-006,-0.874
-6.867099e-006,-0.875667
-6.866849e-006,-0.874
-6.866599e-006,-0.874
-6.866349e-006,-0.874
-6.866099e-006,-0.874
-6.865849e-006,-0.874
-6.865599e-006,-0.874
-6.865349e-006,-0.875667
-6.865099e-006,-0.875667
-6.864849e-006,-0.874
-6.864599e-006,-0.874
-6.864349e-006,-0.875667
-6.864099e-006,-0.875667
-6.863849e-006,-0.874
-6.863599e-006,-0.874
-6.863349e-006,-0.875667
-6.863099e-006,-0.875667
-6.862849e-006,-0.874
-6.862599e-006,-0.874
-6.862349e-006,-0.875667
-6.862099e-006,-0.875667
-6.861849e-006,-0.874
-6.861599e-006,-0.874
-6.861349e-006,-0.874
-6.861099e-006,-0.875667
-6.860849e-006,-0.874
-6.860599e-006,-0.874
-6.860349e-006,-0.874
-6.860099e-006,-0.875667
-6.859849e-006,-0.874
-6.859599e-006,-0.874
-6.859349e-006,-0.874
-6.859099e-006,-0.875667
-6.858849e-006,-0.874
-6.858599e-006,-0.874
-6.858349e-006,-0.874
-6.858099e-006,-0.875667
-6.857849e-006,-0.874
-6.857599e-006,-0.874
-6.857349e-006,-0.875667
-6.857099e-006,-0.875667
-6.856849e-006,-0.874
-6.856599e-006,-0.874
-6.856349e-006,-0.875667
-6.856099e-006,-0.875667
-6.855849e-006,-0.874
-6.855599e-006,-0.874
-6.855349e-006,-0.875667
-6.855099e-006,-0.875667
-6.854849e-006,-0.874
-6.854599e-006,-0.874
-6.854349e-006,-0.875667
-6.854099e-006,-0.875667
-6.853849e-006,-0.874
-6.853599e-006,-0.874
-6.853349e-006,-0.875667
-6.853099e-006,-0.875667
-6.852849e-006,-0.874
-6.852599e-006,-0.874
-6.852349e-006,-0.875667
-6.852099e-006,-0.875667
-6.851849e-006,-0.874
-6.851599e-006,-0.874
-6.851349e-006,-0.875667
-6.851099e-006,-0.875667
-6.850849e-006,-0.874
-6.850599e-006,-0.874
-6.850349e-006,-0.875667
-6.850099e-006,-0.875667
-6.849849e-006,-0.874
-6.849599e-006,-0.874
-6.849349e-006,-0.875667
-6.849099e-006,-0.875667
-6.848849e-006,-0.874
-6.848599e-006,-0.874
-6.848349e-006,-0.875667
-6.848099e-006,-0.875667
-6.847849e-006,-0.874
-6.847599e-006,-0.874
-6.847349e-006,-0.875667
-6.847099e-006,-0.875667
-6.846849e-006,-0.874
-6.846599e-006,-0.874
-6.846349e-006,-0.874
-6.846099e-006,-0.875667
-6.845849e-006,-0.874
-6.845599e-006,-0.874
-6.845349e-006,-0.874
-6.845099e-006,-0.875667
-6.844849e-006,-0.874
-6.844599e-006,-0.874
-6.844349e-006,-0.874
-6.844099e-006,-0.875667
-6.843849e-006,-0.874
-6.843599e-006,-0.874
-6.843349e-006,-0.874
-6.843099e-006,-0.875667
-6.842849e-006,-0.874
-6.842599e-006,-0.874
-6.842349e-006,-0.874
-6.842099e-006,-0.875667
-6.841849e-006,-0.874
-6.841599e-006,-0.874
-6.841349e-006,-0.874
-6.841099e-006,-0.875667
-6.840849e-006,-0.874
-6.840599e-006,-0.874
-6.840349e-006,-0.874
-6.840099e-006,-0.875667
-6.839849e-006,-0.874
-6.839599e-006,-0.874
-6.839349e-006,-0.874
-6.839099e-006,-0.875667
-6.838849e-006,-0.874
-6.838599e-006,-0.874
-6.838349e-006,-0.874
-6.838099e-006,-0.875667
-6.837849e-006,-0.874
-6.837599e-006,-0.874
-6.837349e-006,-0.874
-6.837099e-006,-0.875667
-6.836849e-006,-0.874
-6.836599e-006,-0.874
-6.836349e-006,-0.874
-6.836099e-006,-0.875667
-6.835849e-006,-0.874
-6.835599e-006,-0.874
-6.835349e-006,-0.874
-6.835099e-006,-0.875667
-6.834849e-006,-0.874
-6.834599e-006,-0.874
-6.834349e-006,-0.874
-6.834099e-006,-0.875667
-6.833849e-006,-0.874
-6.833599e-006,-0.874
-6.833349e-006,-0.874
-6.833099e-006,-0.875667
-6.832849e-006,-0.874
-6.832599e-006,-0.874
-6.832349e-006,-0.874
-6.832099e-006,-0.875667
-6.831849e-006,-0.874
-6.831599e-006,-0.874
-6.831349e-006,-0.874
-6.831099e-006,-0.875667
-6.830849e-006,-0.874
-6.830599e-006,-0.874
-6.830349e-006,-0.874
-6.830099e-006,-0.875667
-6.829849e-006,-0.874
-6.829599e-006,-0.874
-6.829349e-006,-0.874
-6.829099e-006,-0.875667
-6.828849e-006,-0.874
-6.828599e-006,-0.874
-6.828349e-006,-0.875667
-6.828099e-006,-0.875667
-6.827849e-006,-0.874
-6.827599e-006,-0.874
-6.827349e-006,-0.875667
-6.827099e-006,-0.875667
-6.826849e-006,-0.874
-6.826599e-006,-0.874
-6.826349e-006,-0.875667
-6.826099e-006,-0.875667
-6.825849e-006,-0.874
-6.825599e-006,-0.874
-6.825349e-006,-0.875667
-6.825099e-006,-0.875667
-6.824849e-006,-0.874
-6.824599e-006,-0.874
-6.824349e-006,-0.875667
-6.824099e-006,-0.875667
-6.823849e-006,-0.874
-6.823599e-006,-0.874
-6.823349e-006,-0.875667
-6.823099e-006,-0.875667
-6.822849e-006,-0.874
-6.822599e-006,-0.874
-6.822349e-006,-0.875667
-6.822099e-006,-0.875667
-6.821849e-006,-0.874
-6.821599e-006,-0.874
-6.821349e-006,-0.875667
-6.821099e-006,-0.875667
-6.820849e-006,-0.874
-6.820599e-006,-0.874
-6.820349e-006,-0.875667
-6.820099e-006,-0.875667
-6.819849e-006,-0.874
-6.819599e-006,-0.874
-6.819349e-006,-0.875667
-6.819099e-006,-0.875667
-6.818849e-006,-0.874
-6.818599e-006,-0.874
-6.818349e-006,-0.875667
-6.818099e-006,-0.875667
-6.817849e-006,-0.874
-6.817599e-006,-0.874
-6.817349e-006,-0.875667
-6.817099e-006,-0.875667
-6.816849e-006,-0.874
-6.816599e-006,-0.874
-6.816349e-006,-0.875667
-6.816099e-006,-0.875667
-6.815849e-006,-0.874
-6.815599e-006,-0.874
-6.815349e-006,-0.875667
-6.815099e-006,-0.875667
-6.814849e-006,-0.874
-6.814599e-006,-0.874
-6.814349e-006,-0.875667
-6.814099e-006,-0.875667
-6.813849e-006,-0.874
-6.813599e-006,-0.874
-6.813349e-006,-0.875667
-6.813099e-006,-0.875667
-6.812849e-006,-0.874
-6.812599e-006,-0.874
-6.812349e-006,-0.875667
-6.812099e-006,-0.875667
-6.811849e-006,-0.874
-6.811599e-006,-0.874
-6.811349e-006,-0.875667
-6.811099e-006,-0.875667
-6.810849e-006,-0.874
-6.810599e-006,-0.874
-6.810349e-006,-0.875667
-6.810099e-006,-0.875667
-6.809849e-006,-0.874
-6.809599e-006,-0.874
-6.809349e-006,-0.875667
-6.809099e-006,-0.875667
-6.808849e-006,-0.874
-6.808599e-006,-0.874
-6.808349e-006,-0.875667
-6.808099e-006,-0.874
-6.807849e-006,-0.874
-6.807599e-006,-0.874
-6.807349e-006,-0.874
-6.807099e-006,-0.875667
-6.806849e-006,-0.874
-6.806599e-006,-0.874
-6.806349e-006,-0.874
-6.806099e-006,-0.875667
-6.805849e-006,-0.874
-6.805599e-006,-0.874
-6.805349e-006,-0.874
-6.805099e-006,-0.874
-6.804849e-006,-0.874
-6.804599e-006,-0.874
-6.804349e-006,-0.874
-6.804099e-006,-0.874
-6.803849e-006,-0.874
-6.803599e-006,-0.874
-6.803349e-006,-0.874
-6.803099e-006,-0.874
-6.802849e-006,-0.874
-6.802599e-006,-0.874
-6.802349e-006,-0.874
-6.802099e-006,-0.874
-6.801849e-006,-0.874
-6.801599e-006,-0.874
-6.801349e-006,-0.875667
-6.801099e-006,-0.875667
-6.800849e-006,-0.874
-6.800599e-006,-0.874
-6.800349e-006,-0.875667
-6.800099e-006,-0.875667
-6.799849e-006,-0.874
-6.799599e-006,-0.874
-6.799349e-006,-0.875667
-6.799099e-006,-0.875667
-6.798849e-006,-0.874
-6.798599e-006,-0.874
-6.798349e-006,-0.875667
-6.798099e-006,-0.875667
-6.797849e-006,-0.874
-6.797599e-006,-0.874
-6.797349e-006,-0.874
-6.797099e-006,-0.875667
-6.796849e-006,-0.874
-6.796599e-006,-0.874
-6.796349e-006,-0.874
-6.796099e-006,-0.874
-6.795849e-006,-0.874
-6.795599e-006,-0.874
-6.795349e-006,-0.874
-6.795099e-006,-0.874
-6.794849e-006,-0.874
-6.794599e-006,-0.874
-6.794349e-006,-0.874
-6.794099e-006,-0.875667
-6.793849e-006,-0.874
-6.793599e-006,-0.874
-6.793349e-006,-0.875667
-6.793099e-006,-0.875667
-6.792849e-006,-0.874
-6.792599e-006,-0.874
-6.792349e-006,-0.874
-6.792099e-006,-0.875667
-6.791849e-006,-0.874
-6.791599e-006,-0.874
-6.791349e-006,-0.874
-6.791099e-006,-0.875667
-6.790849e-006,-0.874
-6.790599e-006,-0.874
-6.790349e-006,-0.874
-6.790099e-006,-0.875667
-6.789849e-006,-0.874
-6.789599e-006,-0.874
-6.789349e-006,-0.874
-6.789099e-006,-0.875667
-6.788849e-006,-0.874
-6.788599e-006,-0.874
-6.788349e-006,-0.874
-6.788099e-006,-0.875667
-6.787849e-006,-0.874
-6.787599e-006,-0.874
-6.787349e-006,-0.874
-6.787099e-006,-0.875667
-6.786849e-006,-0.874
-6.786599e-006,-0.874
-6.786349e-006,-0.875667
-6.786099e-006,-0.875667
-6.785849e-006,-0.874
-6.785599e-006,-0.874
-6.785349e-006,-0.875667
-6.785099e-006,-0.875667
-6.784849e-006,-0.874
-6.784599e-006,-0.874
-6.784349e-006,-0.875667
-6.784099e-006,-0.875667
-6.783849e-006,-0.874
-6.783599e-006,-0.874
-6.783349e-006,-0.874
-6.783099e-006,-0.875667
-6.782849e-006,-0.874
-6.782599e-006,-0.874
-6.782349e-006,-0.874
-6.782099e-006,-0.875667
-6.781849e-006,-0.874
-6.781599e-006,-0.874
-6.781349e-006,-0.874
-6.781099e-006,-0.875667
-6.780849e-006,-0.874
-6.780599e-006,-0.874
-6.780349e-006,-0.874
-6.780099e-006,-0.875667
-6.779849e-006,-0.874
-6.779599e-006,-0.874
-6.779349e-006,-0.874
-6.779099e-006,-0.875667
-6.778849e-006,-0.874
-6.778599e-006,-0.874
-6.778349e-006,-0.874
-6.778099e-006,-0.875667
-6.777849e-006,-0.874
-6.777599e-006,-0.874
-6.777349e-006,-0.874
-6.777099e-006,-0.875667
-6.776849e-006,-0.874
-6.776599e-006,-0.874
-6.776349e-006,-0.874
-6.776099e-006,-0.874
-6.775849e-006,-0.874
-6.775599e-006,-0.874
-6.775349e-006,-0.874
-6.775099e-006,-0.874
-6.774849e-006,-0.874
-6.774599e-006,-0.874
-6.774349e-006,-0.874
-6.774099e-006,-0.874
-6.773849e-006,-0.874
-6.773599e-006,-0.874
-6.773349e-006,-0.874
-6.773099e-006,-0.874
-6.772849e-006,-0.874
-6.772599e-006,-0.874
-6.772349e-006,-0.874
-6.772099e-006,-0.874
-6.771849e-006,-0.874
-6.771599e-006,-0.874
-6.771349e-006,-0.874
-6.771099e-006,-0.874
-6.770849e-006,-0.874
-6.770599e-006,-0.874
-6.770349e-006,-0.874
-6.770099e-006,-0.874
-6.769849e-006,-0.874
-6.769599e-006,-0.874
-6.769349e-006,-0.874
-6.769099e-006,-0.874
-6.768849e-006,-0.874
-6.768599e-006,-0.874
-6.768349e-006,-0.874
-6.768099e-006,-0.874
-6.767849e-006,-0.874
-6.767599e-006,-0.874
-6.767349e-006,-0.874
-6.767099e-006,-0.875667
-6.766849e-006,-0.874
-6.766599e-006,-0.874
-6.766349e-006,-0.875667
-6.766099e-006,-0.875667
-6.765849e-006,-0.874
-6.765599e-006,-0.874
-6.765349e-006,-0.875667
-6.765099e-006,-0.875667
-6.764849e-006,-0.874
-6.764599e-006,-0.874
-6.764349e-006,-0.875667
-6.764099e-006,-0.875667
-6.763849e-006,-0.874
-6.763599e-006,-0.874
-6.763349e-006,-0.874
-6.763099e-006,-0.875667
-6.762849e-006,-0.874
-6.762599e-006,-0.874
-6.762349e-006,-0.874
-6.762099e-006,-0.875667
-6.761849e-006,-0.874
-6.761599e-006,-0.874
-6.761349e-006,-0.874
-6.761099e-006,-0.875667
-6.760849e-006,-0.874
-6.760599e-006,-0.874
-6.760349e-006,-0.874
-6.760099e-006,-0.875667
-6.759849e-006,-0.874
-6.759599e-006,-0.874
-6.759349e-006,-0.875667
-6.759099e-006,-0.875667
-6.758849e-006,-0.874
-6.758599e-006,-0.874
-6.758349e-006,-0.875667
-6.758099e-006,-0.875667
-6.757849e-006,-0.874
-6.757599e-006,-0.874
-6.757349e-006,-0.875667
-6.757099e-006,-0.875667
-6.756849e-006,-0.874
-6.756599e-006,-0.874
-6.756349e-006,-0.875667
-6.756099e-006,-0.875667
-6.755849e-006,-0.875667
-6.755599e-006,-0.874
-6.755349e-006,-0.875667
-6.755099e-006,-0.875667
-6.754849e-006,-0.875667
-6.754599e-006,-0.874
-6.754349e-006,-0.874
-6.754099e-006,-0.874
-6.753849e-006,-0.874
-6.753599e-006,-0.874
-6.753349e-006,-0.874
-6.753099e-006,-0.874
-6.752849e-006,-0.874
-6.752599e-006,-0.874
-6.752349e-006,-0.875667
-6.752099e-006,-0.874
-6.751849e-006,-0.874
-6.751599e-006,-0.874
-6.751349e-006,-0.875667
-6.751099e-006,-0.874
-6.750849e-006,-0.874
-6.750599e-006,-0.874
-6.750349e-006,-0.874
-6.750099e-006,-0.874
-6.749849e-006,-0.874
-6.749599e-006,-0.874
-6.749349e-006,-0.874
-6.749099e-006,-0.874
-6.748849e-006,-0.874
-6.748599e-006,-0.874
-6.748349e-006,-0.874
-6.748099e-006,-0.875667
-6.747849e-006,-0.874
-6.747599e-006,-0.874
-6.747349e-006,-0.874
-6.747099e-006,-0.875667
-6.746849e-006,-0.874
-6.746599e-006,-0.874
-6.746349e-006,-0.874
-6.746099e-006,-0.875667
-6.745849e-006,-0.874
-6.745599e-006,-0.874
-6.745349e-006,-0.874
-6.745099e-006,-0.874
-6.744849e-006,-0.874
-6.744599e-006,-0.874
-6.744349e-006,-0.874
-6.744099e-006,-0.874
-6.743849e-006,-0.874
-6.743599e-006,-0.874
-6.743349e-006,-0.874
-6.743099e-006,-0.874
-6.742849e-006,-0.874
-6.742599e-006,-0.874
-6.742349e-006,-0.875667
-6.742099e-006,-0.874
-6.741849e-006,-0.874
-6.741599e-006,-0.874
-6.741349e-006,-0.875667
-6.741099e-006,-0.875667
-6.740849e-006,-0.874
-6.740599e-006,-0.874
-6.740349e-006,-0.875667
-6.740099e-006,-0.875667
-6.739849e-006,-0.874
-6.739599e-006,-0.874
-6.739349e-006,-0.875667
-6.739099e-006,-0.875667
-6.738849e-006,-0.874
-6.738599e-006,-0.874
-6.738349e-006,-0.874
-6.738099e-006,-0.875667
-6.737849e-006,-0.874
-6.737599e-006,-0.874
-6.737349e-006,-0.875667
-6.737099e-006,-0.875667
-6.736849e-006,-0.874
-6.736599e-006,-0.874
-6.736349e-006,-0.875667
-6.736099e-006,-0.875667
-6.735849e-006,-0.874
-6.735599e-006,-0.874
-6.735349e-006,-0.875667
-6.735099e-006,-0.875667
-6.734849e-006,-0.874
-6.734599e-006,-0.874
-6.734349e-006,-0.874
-6.734099e-006,-0.875667
-6.733849e-006,-0.874
-6.733599e-006,-0.874
-6.733349e-006,-0.874
-6.733099e-006,-0.874
-6.732849e-006,-0.874
-6.732599e-006,-0.874
-6.732349e-006,-0.874
-6.732099e-006,-0.874
-6.731849e-006,-0.874
-6.731599e-006,-0.874
-6.731349e-006,-0.874
-6.731099e-006,-0.875667
-6.730849e-006,-0.874
-6.730599e-006,-0.874
-6.730349e-006,-0.874
-6.730099e-006,-0.875667
-6.729849e-006,-0.874
-6.729599e-006,-0.874
-6.729349e-006,-0.875667
-6.729099e-006,-0.875667
-6.728849e-006,-0.874
-6.728599e-006,-0.874
-6.728349e-006,-0.875667
-6.728099e-006,-0.875667
-6.727849e-006,-0.874
-6.727599e-006,-0.874
-6.727349e-006,-0.875667
-6.727099e-006,-0.875667
-6.726849e-006,-0.874
-6.726599e-006,-0.874
-6.726349e-006,-0.874
-6.726099e-006,-0.875667
-6.725849e-006,-0.874
-6.725599e-006,-0.874
-6.725349e-006,-0.874
-6.725099e-006,-0.875667
-6.724849e-006,-0.874
-6.724599e-006,-0.874
-6.724349e-006,-0.874
-6.724099e-006,-0.875667
-6.723849e-006,-0.874
-6.723599e-006,-0.874
-6.723349e-006,-0.874
-6.723099e-006,-0.875667
-6.722849e-006,-0.874
-6.722599e-006,-0.874
-6.722349e-006,-0.874
-6.722099e-006,-0.875667
-6.721849e-006,-0.874
-6.721599e-006,-0.874
-6.721349e-006,-0.874
-6.721099e-006,-0.875667
-6.720849e-006,-0.874
-6.720599e-006,-0.874
-6.720349e-006,-0.874
-6.720099e-006,-0.875667
-6.719849e-006,-0.874
-6.719599e-006,-0.874
-6.719349e-006,-0.874
-6.719099e-006,-0.875667
-6.718849e-006,-0.874
-6.718599e-006,-0.874
-6.718349e-006,-0.874
-6.718099e-006,-0.875667
-6.717849e-006,-0.874
-6.717599e-006,-0.874
-6.717349e-006,-0.874
-6.717099e-006,-0.875667
-6.716849e-006,-0.874
-6.716599e-006,-0.874
-6.716349e-006,-0.874
-6.716099e-006,-0.875667
-6.715849e-006,-0.874
-6.715599e-006,-0.874
-6.715349e-006,-0.874
-6.715099e-006,-0.875667
-6.714849e-006,-0.874
-6.714599e-006,-0.874
-6.714349e-006,-0.874
-6.714099e-006,-0.875667
-6.713849e-006,-0.874
-6.713599e-006,-0.874
-6.713349e-006,-0.874
-6.713099e-006,-0.875667
-6.712849e-006,-0.874
-6.712599e-006,-0.874
-6.712349e-006,-0.874
-6.712099e-006,-0.875667
-6.711849e-006,-0.874
-6.711599e-006,-0.874
-6.711349e-006,-0.874
-6.711099e-006,-0.875667
-6.710849e-006,-0.874
-6.710599e-006,-0.874
-6.710349e-006,-0.874
-6.710099e-006,-0.875667
-6.709849e-006,-0.874
-6.709599e-006,-0.874
-6.709349e-006,-0.874
-6.709099e-006,-0.875667
-6.708849e-006,-0.874
-6.708599e-006,-0.874
-6.708349e-006,-0.874
-6.708099e-006,-0.875667
-6.707849e-006,-0.874
-6.707599e-006,-0.874
-6.707349e-006,-0.874
-6.707099e-006,-0.875667
-6.706849e-006,-0.874
-6.706599e-006,-0.874
-6.706349e-006,-0.874
-6.706099e-006,-0.875667
-6.705849e-006,-0.874
-6.705599e-006,-0.874
-6.705349e-006,-0.874
-6.705099e-006,-0.875667
-6.704849e-006,-0.874
-6.704599e-006,-0.874
-6.704349e-006,-0.874
-6.704099e-006,-0.875667
-6.703849e-006,-0.874
-6.703599e-006,-0.874
-6.703349e-006,-0.875667
-6.703099e-006,-0.875667
-6.702849e-006,-0.874
-6.702599e-006,-0.874
-6.702349e-006,-0.875667
-6.702099e-006,-0.874
-6.701849e-006,-0.874
-6.701599e-006,-0.874
-6.701349e-006,-0.875667
-6.701099e-006,-0.874
-6.700849e-006,-0.874
-6.700599e-006,-0.874
-6.700349e-006,-0.874
-6.700099e-006,-0.874
-6.699849e-006,-0.874
-6.699599e-006,-0.874
-6.699349e-006,-0.874
-6.699099e-006,-0.875667
-6.698849e-006,-0.874
-6.698599e-006,-0.874
-6.698349e-006,-0.874
-6.698099e-006,-0.875667
-6.697849e-006,-0.874
-6.697599e-006,-0.874
-6.697349e-006,-0.874
-6.697099e-006,-0.875667
-6.696849e-006,-0.874
-6.696599e-006,-0.874
-6.696349e-006,-0.874
-6.696099e-006,-0.875667
-6.695849e-006,-0.874
-6.695599e-006,-0.874
-6.695349e-006,-0.874
-6.695099e-006,-0.875667
-6.694849e-006,-0.874
-6.694599e-006,-0.874
-6.694349e-006,-0.874
-6.694099e-006,-0.875667
-6.693849e-006,-0.874
-6.693599e-006,-0.874
-6.693349e-006,-0.874
-6.693099e-006,-0.875667
-6.692849e-006,-0.874
-6.692599e-006,-0.874
-6.692349e-006,-0.875667
-6.692099e-006,-0.875667
-6.691849e-006,-0.874
-6.691599e-006,-0.874
-6.691349e-006,-0.874
-6.691099e-006,-0.875667
-6.690849e-006,-0.874
-6.690599e-006,-0.874
-6.690349e-006,-0.874
-6.690099e-006,-0.875667
-6.689849e-006,-0.874
-6.689599e-006,-0.874
-6.689349e-006,-0.874
-6.689099e-006,-0.875667
-6.688849e-006,-0.874
-6.688599e-006,-0.874
-6.688349e-006,-0.874
-6.688099e-006,-0.875667
-6.687849e-006,-0.874
-6.687599e-006,-0.874
-6.687349e-006,-0.874
-6.687099e-006,-0.875667
-6.686849e-006,-0.874
-6.686599e-006,-0.874
-6.686349e-006,-0.874
-6.686099e-006,-0.875667
-6.685849e-006,-0.874
-6.685599e-006,-0.874
-6.685349e-006,-0.874
-6.685099e-006,-0.875667
-6.684849e-006,-0.874
-6.684599e-006,-0.874
-6.684349e-006,-0.874
-6.684099e-006,-0.875667
-6.683849e-006,-0.874
-6.683599e-006,-0.874
-6.683349e-006,-0.874
-6.683099e-006,-0.874
-6.682849e-006,-0.874
-6.682599e-006,-0.874
-6.682349e-006,-0.874
-6.682099e-006,-0.874
-6.681849e-006,-0.874
-6.681599e-006,-0.874
-6.681349e-006,-0.875667
-6.681099e-006,-0.875667
-6.680849e-006,-0.874
-6.680599e-006,-0.874
-6.680349e-006,-0.875667
-6.680099e-006,-0.875667
-6.679849e-006,-0.874
-6.679599e-006,-0.874
-6.679349e-006,-0.875667
-6.679099e-006,-0.875667
-6.678849e-006,-0.874
-6.678599e-006,-0.874
-6.678349e-006,-0.875667
-6.678099e-006,-0.875667
-6.677849e-006,-0.874
-6.677599e-006,-0.874
-6.677349e-006,-0.874
-6.677099e-006,-0.875667
-6.676849e-006,-0.874
-6.676599e-006,-0.874
-6.676349e-006,-0.874
-6.676099e-006,-0.875667
-6.675849e-006,-0.874
-6.675599e-006,-0.874
-6.675349e-006,-0.874
-6.675099e-006,-0.875667
-6.674849e-006,-0.874
-6.674599e-006,-0.874
-6.674349e-006,-0.874
-6.674099e-006,-0.875667
-6.673849e-006,-0.874
-6.673599e-006,-0.874
-6.673349e-006,-0.874
-6.673099e-006,-0.875667
-6.672849e-006,-0.874
-6.672599e-006,-0.874
-6.672349e-006,-0.874
-6.672099e-006,-0.875667
-6.671849e-006,-0.874
-6.671599e-006,-0.874
-6.671349e-006,-0.875667
-6.671099e-006,-0.875667
-6.670849e-006,-0.874
-6.670599e-006,-0.874
-6.670349e-006,-0.875667
-6.670099e-006,-0.875667
-6.669849e-006,-0.874
-6.669599e-006,-0.874
-6.669349e-006,-0.875667
-6.669099e-006,-0.875667
-6.668849e-006,-0.874
-6.668599e-006,-0.874
-6.668349e-006,-0.875667
-6.668099e-006,-0.875667
-6.667849e-006,-0.874
-6.667599e-006,-0.874
-6.667349e-006,-0.875667
-6.667099e-006,-0.875667
-6.666849e-006,-0.874
-6.666599e-006,-0.874
-6.666349e-006,-0.875667
-6.666099e-006,-0.875667
-6.665849e-006,-0.874
-6.665599e-006,-0.874
-6.665349e-006,-0.875667
-6.665099e-006,-0.875667
-6.664849e-006,-0.874
-6.664599e-006,-0.874
-6.664349e-006,-0.875667
-6.664099e-006,-0.875667
-6.663849e-006,-0.874
-6.663599e-006,-0.874
-6.663349e-006,-0.875667
-6.663099e-006,-0.875667
-6.662849e-006,-0.874
-6.662599e-006,-0.874
-6.662349e-006,-0.874
-6.662099e-006,-0.875667
-6.661849e-006,-0.874
-6.661599e-006,-0.874
-6.661349e-006,-0.874
-6.661099e-006,-0.875667
-6.660849e-006,-0.874
-6.660599e-006,-0.874
-6.660349e-006,-0.874
-6.660099e-006,-0.875667
-6.659849e-006,-0.874
-6.659599e-006,-0.874
-6.659349e-006,-0.874
-6.659099e-006,-0.875667
-6.658849e-006,-0.874
-6.658599e-006,-0.874
-6.658349e-006,-0.875667
-6.658099e-006,-0.875667
-6.657849e-006,-0.874
-6.657599e-006,-0.874
-6.657349e-006,-0.875667
-6.657099e-006,-0.875667
-6.656849e-006,-0.874
-6.656599e-006,-0.874
-6.656349e-006,-0.875667
-6.656099e-006,-0.875667
-6.655849e-006,-0.874
-6.655599e-006,-0.874
-6.655349e-006,-0.874
-6.655099e-006,-0.875667
-6.654849e-006,-0.874
-6.654599e-006,-0.874
-6.654349e-006,-0.875667
-6.654099e-006,-0.875667
-6.653849e-006,-0.874
-6.653599e-006,-0.874
-6.653349e-006,-0.875667
-6.653099e-006,-0.875667
-6.652849e-006,-0.874
-6.652599e-006,-0.874
-6.652349e-006,-0.875667
-6.652099e-006,-0.875667
-6.651849e-006,-0.874
-6.651599e-006,-0.874
-6.651349e-006,-0.875667
-6.651099e-006,-0.875667
-6.650849e-006,-0.874
-6.650599e-006,-0.874
-6.650349e-006,-0.874
-6.650099e-006,-0.875667
-6.649849e-006,-0.874
-6.649599e-006,-0.874
-6.649349e-006,-0.874
-6.649099e-006,-0.874
-6.648849e-006,-0.874
-6.648599e-006,-0.874
-6.648349e-006,-0.874
-6.648099e-006,-0.875667
-6.647849e-006,-0.874
-6.647599e-006,-0.874
-6.647349e-006,-0.875667
-6.647099e-006,-0.875667
-6.646849e-006,-0.874
-6.646599e-006,-0.874
-6.646349e-006,-0.875667
-6.646099e-006,-0.875667
-6.645849e-006,-0.874
-6.645599e-006,-0.874
-6.645349e-006,-0.874
-6.645099e-006,-0.875667
-6.644849e-006,-0.874
-6.644599e-006,-0.874
-6.644349e-006,-0.874
-6.644099e-006,-0.875667
-6.643849e-006,-0.874
-6.643599e-006,-0.874
-6.643349e-006,-0.874
-6.643099e-006,-0.875667
-6.642849e-006,-0.874
-6.642599e-006,-0.874
-6.642349e-006,-0.874
-6.642099e-006,-0.875667
-6.641849e-006,-0.874
-6.641599e-006,-0.874
-6.641349e-006,-0.874
-6.641099e-006,-0.875667
-6.640849e-006,-0.874
-6.640599e-006,-0.874
-6.640349e-006,-0.874
-6.640099e-006,-0.875667
-6.639849e-006,-0.874
-6.639599e-006,-0.874
-6.639349e-006,-0.874
-6.639099e-006,-0.875667
-6.638849e-006,-0.874
-6.638599e-006,-0.874
-6.638349e-006,-0.874
-6.638099e-006,-0.875667
-6.637849e-006,-0.874
-6.637599e-006,-0.874
-6.637349e-006,-0.874
-6.637099e-006,-0.875667
-6.636849e-006,-0.874
-6.636599e-006,-0.874
-6.636349e-006,-0.874
-6.636099e-006,-0.875667
-6.635849e-006,-0.874
-6.635599e-006,-0.874
-6.635349e-006,-0.875667
-6.635099e-006,-0.875667
-6.634849e-006,-0.874
-6.634599e-006,-0.874
-6.634349e-006,-0.875667
-6.634099e-006,-0.875667
-6.633849e-006,-0.874
-6.633599e-006,-0.874
-6.633349e-006,-0.874
-6.633099e-006,-0.875667
-6.632849e-006,-0.874
-6.632599e-006,-0.874
-6.632349e-006,-0.874
-6.632099e-006,-0.875667
-6.631849e-006,-0.874
-6.631599e-006,-0.874
-6.631349e-006,-0.874
-6.631099e-006,-0.875667
-6.630849e-006,-0.874
-6.630599e-006,-0.874
-6.630349e-006,-0.874
-6.630099e-006,-0.875667
-6.629849e-006,-0.874
-6.629599e-006,-0.874
-6.629349e-006,-0.874
-6.629099e-006,-0.875667
-6.628849e-006,-0.874
-6.628599e-006,-0.874
-6.628349e-006,-0.874
-6.628099e-006,-0.875667
-6.627849e-006,-0.874
-6.627599e-006,-0.874
-6.627349e-006,-0.874
-6.627099e-006,-0.875667
-6.626849e-006,-0.874
-6.626599e-006,-0.874
-6.626349e-006,-0.874
-6.626099e-006,-0.875667
-6.625849e-006,-0.874
-6.625599e-006,-0.874
-6.625349e-006,-0.875667
-6.625099e-006,-0.875667
-6.624849e-006,-0.874
-6.624599e-006,-0.874
-6.624349e-006,-0.875667
-6.624099e-006,-0.875667
-6.623849e-006,-0.874
-6.623599e-006,-0.874
-6.623349e-006,-0.875667
-6.623099e-006,-0.875667
-6.622849e-006,-0.874
-6.622599e-006,-0.874
-6.622349e-006,-0.875667
-6.622099e-006,-0.875667
-6.621849e-006,-0.874
-6.621599e-006,-0.874
-6.621349e-006,-0.874
-6.621099e-006,-0.875667
-6.620849e-006,-0.874
-6.620599e-006,-0.874
-6.620349e-006,-0.874
-6.620099e-006,-0.875667
-6.619849e-006,-0.874
-6.619599e-006,-0.874
-6.619349e-006,-0.875667
-6.619099e-006,-0.875667
-6.618849e-006,-0.874
-6.618599e-006,-0.874
-6.618349e-006,-0.875667
-6.618099e-006,-0.875667
-6.617849e-006,-0.874
-6.617599e-006,-0.874
-6.617349e-006,-0.875667
-6.617099e-006,-0.875667
-6.616849e-006,-0.874
-6.616599e-006,-0.874
-6.616349e-006,-0.875667
-6.616099e-006,-0.875667
-6.615849e-006,-0.874
-6.615599e-006,-0.874
-6.615349e-006,-0.875667
-6.615099e-006,-0.875667
-6.614849e-006,-0.874
-6.614599e-006,-0.874
-6.614349e-006,-0.875667
-6.614099e-006,-0.875667
-6.613849e-006,-0.874
-6.613599e-006,-0.874
-6.613349e-006,-0.875667
-6.613099e-006,-0.875667
-6.612849e-006,-0.874
-6.612599e-006,-0.874
-6.612349e-006,-0.875667
-6.612099e-006,-0.875667
-6.611849e-006,-0.874
-6.611599e-006,-0.874
-6.611349e-006,-0.875667
-6.611099e-006,-0.875667
-6.610849e-006,-0.875667
-6.610599e-006,-0.874
-6.610349e-006,-0.875667
-6.610099e-006,-0.875667
-6.609849e-006,-0.875667
-6.609599e-006,-0.874
-6.609349e-006,-0.875667
-6.609099e-006,-0.875667
-6.608849e-006,-0.875667
-6.608599e-006,-0.874
-6.608349e-006,-0.875667
-6.608099e-006,-0.875667
-6.607849e-006,-0.874
-6.607599e-006,-0.874
-6.607349e-006,-0.875667
-6.607099e-006,-0.875667
-6.606849e-006,-0.874
-6.606599e-006,-0.874
-6.606349e-006,-0.875667
-6.606099e-006,-0.875667
-6.605849e-006,-0.874
-6.605599e-006,-0.874
-6.605349e-006,-0.875667
-6.605099e-006,-0.875667
-6.604849e-006,-0.874
-6.604599e-006,-0.874
-6.604349e-006,-0.875667
-6.604099e-006,-0.875667
-6.603849e-006,-0.874
-6.603599e-006,-0.874
-6.603349e-006,-0.875667
-6.603099e-006,-0.875667
-6.602849e-006,-0.874
-6.602599e-006,-0.874
-6.602349e-006,-0.875667
-6.602099e-006,-0.875667
-6.601849e-006,-0.874
-6.601599e-006,-0.874
-6.601349e-006,-0.875667
-6.601099e-006,-0.875667
-6.600849e-006,-0.874
-6.600599e-006,-0.874
-6.600349e-006,-0.875667
-6.600099e-006,-0.874
-6.599849e-006,-0.874
-6.599599e-006,-0.874
-6.599349e-006,-0.875667
-6.599099e-006,-0.874
-6.598849e-006,-0.874
-6.598599e-006,-0.874
-6.598349e-006,-0.875667
-6.598099e-006,-0.874
-6.597849e-006,-0.874
-6.597599e-006,-0.874
-6.597349e-006,-0.875667
-6.597099e-006,-0.875667
-6.596849e-006,-0.874
-6.596599e-006,-0.874
-6.596349e-006,-0.875667
-6.596099e-006,-0.875667
-6.595849e-006,-0.874
-6.595599e-006,-0.874
-6.595349e-006,-0.875667
-6.595099e-006,-0.874
-6.594849e-006,-0.874
-6.594599e-006,-0.874
-6.594349e-006,-0.875667
-6.594099e-006,-0.874
-6.593849e-006,-0.874
-6.593599e-006,-0.874
-6.593349e-006,-0.875667
-6.593099e-006,-0.874
-6.592849e-006,-0.874
-6.592599e-006,-0.874
-6.592349e-006,-0.875667
-6.592099e-006,-0.875667
-6.591849e-006,-0.874
-6.591599e-006,-0.874
-6.591349e-006,-0.875667
-6.591099e-006,-0.875667
-6.590849e-006,-0.874
-6.590599e-006,-0.874
-6.590349e-006,-0.874
-6.590099e-006,-0.875667
-6.589849e-006,-0.874
-6.589599e-006,-0.874
-6.589349e-006,-0.875667
-6.589099e-006,-0.875667
-6.588849e-006,-0.874
-6.588599e-006,-0.874
-6.588349e-006,-0.875667
-6.588099e-006,-0.875667
-6.587849e-006,-0.874
-6.587599e-006,-0.874
-6.587349e-006,-0.875667
-6.587099e-006,-0.875667
-6.586849e-006,-0.874
-6.586599e-006,-0.874
-6.586349e-006,-0.875667
-6.586099e-006,-0.874
-6.585849e-006,-0.874
-6.585599e-006,-0.874
-6.585349e-006,-0.875667
-6.585099e-006,-0.874
-6.584849e-006,-0.874
-6.584599e-006,-0.874
-6.584349e-006,-0.875667
-6.584099e-006,-0.875667
-6.583849e-006,-0.874
-6.583599e-006,-0.874
-6.583349e-006,-0.875667
-6.583099e-006,-0.875667
-6.582849e-006,-0.874
-6.582599e-006,-0.874
-6.582349e-006,-0.875667
-6.582099e-006,-0.875667
-6.581849e-006,-0.874
-6.581599e-006,-0.874
-6.581349e-006,-0.875667
-6.581099e-006,-0.875667
-6.580849e-006,-0.874
-6.580599e-006,-0.874
-6.580349e-006,-0.875667
-6.580099e-006,-0.875667
-6.579849e-006,-0.874
-6.579599e-006,-0.874
-6.579349e-006,-0.875667
-6.579099e-006,-0.875667
-6.578849e-006,-0.874
-6.578599e-006,-0.874
-6.578349e-006,-0.875667
-6.578099e-006,-0.875667
-6.577849e-006,-0.874
-6.577599e-006,-0.874
-6.577349e-006,-0.875667
-6.577099e-006,-0.875667
-6.576849e-006,-0.874
-6.576599e-006,-0.874
-6.576349e-006,-0.875667
-6.576099e-006,-0.875667
-6.575849e-006,-0.874
-6.575599e-006,-0.874
-6.575349e-006,-0.875667
-6.575099e-006,-0.875667
-6.574849e-006,-0.874
-6.574599e-006,-0.874
-6.574349e-006,-0.875667
-6.574099e-006,-0.875667
-6.573849e-006,-0.874
-6.573599e-006,-0.874
-6.573349e-006,-0.875667
-6.573099e-006,-0.875667
-6.572849e-006,-0.874
-6.572599e-006,-0.874
-6.572349e-006,-0.875667
-6.572099e-006,-0.875667
-6.571849e-006,-0.874
-6.571599e-006,-0.874
-6.571349e-006,-0.874
-6.571099e-006,-0.875667
-6.570849e-006,-0.874
-6.570599e-006,-0.874
-6.570349e-006,-0.874
-6.570099e-006,-0.874
-6.569849e-006,-0.874
-6.569599e-006,-0.874
-6.569349e-006,-0.874
-6.569099e-006,-0.874
-6.568849e-006,-0.874
-6.568599e-006,-0.874
-6.568349e-006,-0.874
-6.568099e-006,-0.874
-6.567849e-006,-0.874
-6.567599e-006,-0.874
-6.567349e-006,-0.874
-6.567099e-006,-0.874
-6.566849e-006,-0.874
-6.566599e-006,-0.874
-6.566349e-006,-0.875667
-6.566099e-006,-0.874
-6.565849e-006,-0.874
-6.565599e-006,-0.874
-6.565349e-006,-0.875667
-6.565099e-006,-0.874
-6.564849e-006,-0.874
-6.564599e-006,-0.874
-6.564349e-006,-0.875667
-6.564099e-006,-0.874
-6.563849e-006,-0.874
-6.563599e-006,-0.874
-6.563349e-006,-0.874
-6.563099e-006,-0.874
-6.562849e-006,-0.874
-6.562599e-006,-0.874
-6.562349e-006,-0.874
-6.562099e-006,-0.874
-6.561849e-006,-0.874
-6.561599e-006,-0.874
-6.561349e-006,-0.874
-6.561099e-006,-0.874
-6.560849e-006,-0.874
-6.560599e-006,-0.874
-6.560349e-006,-0.874
-6.560099e-006,-0.874
-6.559849e-006,-0.874
-6.559599e-006,-0.874
-6.559349e-006,-0.874
-6.559099e-006,-0.875667
-6.558849e-006,-0.874
-6.558599e-006,-0.874
-6.558349e-006,-0.874
-6.558099e-006,-0.874
-6.557849e-006,-0.874
-6.557599e-006,-0.874
-6.557349e-006,-0.875667
-6.557099e-006,-0.874
-6.556849e-006,-0.874
-6.556599e-006,-0.874
-6.556349e-006,-0.875667
-6.556099e-006,-0.874
-6.555849e-006,-0.874
-6.555599e-006,-0.874
-6.555349e-006,-0.875667
-6.555099e-006,-0.874
-6.554849e-006,-0.874
-6.554599e-006,-0.874
-6.554349e-006,-0.875667
-6.554099e-006,-0.874
-6.553849e-006,-0.874
-6.553599e-006,-0.874
-6.553349e-006,-0.875667
-6.553099e-006,-0.874
-6.552849e-006,-0.874
-6.552599e-006,-0.874
-6.552349e-006,-0.875667
-6.552099e-006,-0.874
-6.551849e-006,-0.874
-6.551599e-006,-0.874
-6.551349e-006,-0.875667
-6.551099e-006,-0.875667
-6.550849e-006,-0.874
-6.550599e-006,-0.874
-6.550349e-006,-0.875667
-6.550099e-006,-0.875667
-6.549849e-006,-0.874
-6.549599e-006,-0.874
-6.549349e-006,-0.875667
-6.549099e-006,-0.875667
-6.548849e-006,-0.874
-6.548599e-006,-0.874
-6.548349e-006,-0.875667
-6.548099e-006,-0.875667
-6.547849e-006,-0.874
-6.547599e-006,-0.874
-6.547349e-006,-0.875667
-6.547099e-006,-0.875667
-6.546849e-006,-0.874
-6.546599e-006,-0.874
-6.546349e-006,-0.875667
-6.546099e-006,-0.875667
-6.545849e-006,-0.874
-6.545599e-006,-0.874
-6.545349e-006,-0.875667
-6.545099e-006,-0.875667
-6.544849e-006,-0.874
-6.544599e-006,-0.874
-6.544349e-006,-0.875667
-6.544099e-006,-0.875667
-6.543849e-006,-0.874
-6.543599e-006,-0.874
-6.543349e-006,-0.875667
-6.543099e-006,-0.875667
-6.542849e-006,-0.874
-6.542599e-006,-0.874
-6.542349e-006,-0.875667
-6.542099e-006,-0.875667
-6.541849e-006,-0.874
-6.541599e-006,-0.874
-6.541349e-006,-0.874
-6.541099e-006,-0.875667
-6.540849e-006,-0.874
-6.540599e-006,-0.874
-6.540349e-006,-0.874
-6.540099e-006,-0.875667
-6.539849e-006,-0.874
-6.539599e-006,-0.874
-6.539349e-006,-0.874
-6.539099e-006,-0.875667
-6.538849e-006,-0.875667
-6.538599e-006,-0.874
-6.538349e-006,-0.874
-6.538099e-006,-0.875667
-6.537849e-006,-0.875667
-6.537599e-006,-0.874
-6.537349e-006,-0.875667
-6.537099e-006,-0.875667
-6.536849e-006,-0.875667
-6.536599e-006,-0.874
-6.536349e-006,-0.875667
-6.536099e-006,-0.875667
-6.535849e-006,-0.875667
-6.535599e-006,-0.874
-6.535349e-006,-0.875667
-6.535099e-006,-0.875667
-6.534849e-006,-0.875667
-6.534599e-006,-0.874
-6.534349e-006,-0.875667
-6.534099e-006,-0.875667
-6.533849e-006,-0.875667
-6.533599e-006,-0.874
-6.533349e-006,-0.875667
-6.533099e-006,-0.875667
-6.532849e-006,-0.875667
-6.532599e-006,-0.874
-6.532349e-006,-0.875667
-6.532099e-006,-0.875667
-6.531849e-006,-0.875667
-6.531599e-006,-0.874
-6.531349e-006,-0.875667
-6.531099e-006,-0.875667
-6.530849e-006,-0.875667
-6.530599e-006,-0.874
-6.530349e-006,-0.875667
-6.530099e-006,-0.875667
-6.529849e-006,-0.874
-6.529599e-006,-0.874
-6.529349e-006,-0.874
-6.529099e-006,-0.875667
-6.528849e-006,-0.874
-6.528599e-006,-0.874
-6.528349e-006,-0.875667
-6.528099e-006,-0.875667
-6.527849e-006,-0.874
-6.527599e-006,-0.874
-6.527349e-006,-0.875667
-6.527099e-006,-0.875667
-6.526849e-006,-0.874
-6.526599e-006,-0.874
-6.526349e-006,-0.875667
-6.526099e-006,-0.875667
-6.525849e-006,-0.874
-6.525599e-006,-0.874
-6.525349e-006,-0.874
-6.525099e-006,-0.875667
-6.524849e-006,-0.874
-6.524599e-006,-0.874
-6.524349e-006,-0.874
-6.524099e-006,-0.875667
-6.523849e-006,-0.874
-6.523599e-006,-0.874
-6.523349e-006,-0.874
-6.523099e-006,-0.875667
-6.522849e-006,-0.874
-6.522599e-006,-0.874
-6.522349e-006,-0.875667
-6.522099e-006,-0.875667
-6.521849e-006,-0.874
-6.521599e-006,-0.874
-6.521349e-006,-0.875667
-6.521099e-006,-0.875667
-6.520849e-006,-0.874
-6.520599e-006,-0.874
-6.520349e-006,-0.875667
-6.520099e-006,-0.875667
-6.519849e-006,-0.874
-6.519599e-006,-0.874
-6.519349e-006,-0.875667
-6.519099e-006,-0.874
-6.518849e-006,-0.874
-6.518599e-006,-0.874
-6.518349e-006,-0.875667
-6.518099e-006,-0.875667
-6.517849e-006,-0.874
-6.517599e-006,-0.874
-6.517349e-006,-0.875667
-6.517099e-006,-0.875667
-6.516849e-006,-0.874
-6.516599e-006,-0.874
-6.516349e-006,-0.875667
-6.516099e-006,-0.874
-6.515849e-006,-0.874
-6.515599e-006,-0.874
-6.515349e-006,-0.875667
-6.515099e-006,-0.874
-6.514849e-006,-0.874
-6.514599e-006,-0.874
-6.514349e-006,-0.875667
-6.514099e-006,-0.874
-6.513849e-006,-0.874
-6.513599e-006,-0.874
-6.513349e-006,-0.875667
-6.513099e-006,-0.874
-6.512849e-006,-0.874
-6.512599e-006,-0.874
-6.512349e-006,-0.875667
-6.512099e-006,-0.874
-6.511849e-006,-0.874
-6.511599e-006,-0.874
-6.511349e-006,-0.875667
-6.511099e-006,-0.874
-6.510849e-006,-0.874
-6.510599e-006,-0.874
-6.510349e-006,-0.875667
-6.510099e-006,-0.874
-6.509849e-006,-0.874
-6.509599e-006,-0.874
-6.509349e-006,-0.875667
-6.509099e-006,-0.874
-6.508849e-006,-0.874
-6.508599e-006,-0.874
-6.508349e-006,-0.875667
-6.508099e-006,-0.874
-6.507849e-006,-0.874
-6.507599e-006,-0.874
-6.507349e-006,-0.875667
-6.507099e-006,-0.874
-6.506849e-006,-0.874
-6.506599e-006,-0.874
-6.506349e-006,-0.874
-6.506099e-006,-0.874
-6.505849e-006,-0.874
-6.505599e-006,-0.874
-6.505349e-006,-0.874
-6.505099e-006,-0.874
-6.504849e-006,-0.874
-6.504599e-006,-0.874
-6.504349e-006,-0.874
-6.504099e-006,-0.874
-6.503849e-006,-0.874
-6.503599e-006,-0.874
-6.503349e-006,-0.874
-6.503099e-006,-0.874
-6.502849e-006,-0.874
-6.502599e-006,-0.874
-6.502349e-006,-0.874
-6.502099e-006,-0.874
-6.501849e-006,-0.874
-6.501599e-006,-0.874
-6.501349e-006,-0.875667
-6.501099e-006,-0.874
-6.500849e-006,-0.874
-6.500599e-006,-0.874
-6.500349e-006,-0.875667
-6.500099e-006,-0.874
-6.499849e-006,-0.874
-6.499599e-006,-0.874
-6.499349e-006,-0.875667
-6.499099e-006,-0.875667
-6.498849e-006,-0.874
-6.498599e-006,-0.874
-6.498349e-006,-0.874
-6.498099e-006,-0.875667
-6.497849e-006,-0.874
-6.497599e-006,-0.874
-6.497349e-006,-0.874
-6.497099e-006,-0.875667
-6.496849e-006,-0.874
-6.496599e-006,-0.874
-6.496349e-006,-0.874
-6.496099e-006,-0.875667
-6.495849e-006,-0.874
-6.495599e-006,-0.874
-6.495349e-006,-0.874
-6.495099e-006,-0.875667
-6.494849e-006,-0.874
-6.494599e-006,-0.874
-6.494349e-006,-0.874
-6.494099e-006,-0.875667
-6.493849e-006,-0.874
-6.493599e-006,-0.874
-6.493349e-006,-0.874
-6.493099e-006,-0.875667
-6.492849e-006,-0.874
-6.492599e-006,-0.874
-6.492349e-006,-0.874
-6.492099e-006,-0.875667
-6.491849e-006,-0.874
-6.491599e-006,-0.874
-6.491349e-006,-0.874
-6.491099e-006,-0.874
-6.490849e-006,-0.874
-6.490599e-006,-0.874
-6.490349e-006,-0.874
-6.490099e-006,-0.874
-6.489849e-006,-0.874
-6.489599e-006,-0.874
-6.489349e-006,-0.874
-6.489099e-006,-0.875667
-6.488849e-006,-0.874
-6.488599e-006,-0.874
-6.488349e-006,-0.874
-6.488099e-006,-0.875667
-6.487849e-006,-0.874
-6.487599e-006,-0.874
-6.487349e-006,-0.874
-6.487099e-006,-0.875667
-6.486849e-006,-0.874
-6.486599e-006,-0.874
-6.486349e-006,-0.874
-6.486099e-006,-0.875667
-6.485849e-006,-0.874
-6.485599e-006,-0.874
-6.485349e-006,-0.874
-6.485099e-006,-0.875667
-6.484849e-006,-0.874
-6.484599e-006,-0.874
-6.484349e-006,-0.874
-6.484099e-006,-0.875667
-6.483849e-006,-0.874
-6.483599e-006,-0.874
-6.483349e-006,-0.875667
-6.483099e-006,-0.875667
-6.482849e-006,-0.874
-6.482599e-006,-0.874
-6.482349e-006,-0.875667
-6.482099e-006,-0.875667
-6.481849e-006,-0.874
-6.481599e-006,-0.874
-6.481349e-006,-0.875667
-6.481099e-006,-0.875667
-6.480849e-006,-0.874
-6.480599e-006,-0.874
-6.480349e-006,-0.875667
-6.480099e-006,-0.875667
-6.479849e-006,-0.874
-6.479599e-006,-0.874
-6.479349e-006,-0.875667
-6.479099e-006,-0.875667
-6.478849e-006,-0.874
-6.478599e-006,-0.874
-6.478349e-006,-0.875667
-6.478099e-006,-0.875667
-6.477849e-006,-0.874
-6.477599e-006,-0.874
-6.477349e-006,-0.875667
-6.477099e-006,-0.875667
-6.476849e-006,-0.874
-6.476599e-006,-0.874
-6.476349e-006,-0.875667
-6.476099e-006,-0.875667
-6.475849e-006,-0.874
-6.475599e-006,-0.874
-6.475349e-006,-0.875667
-6.475099e-006,-0.875667
-6.474849e-006,-0.874
-6.474599e-006,-0.874
-6.474349e-006,-0.875667
-6.474099e-006,-0.875667
-6.473849e-006,-0.874
-6.473599e-006,-0.874
-6.473349e-006,-0.875667
-6.473099e-006,-0.875667
-6.472849e-006,-0.874
-6.472599e-006,-0.874
-6.472349e-006,-0.875667
-6.472099e-006,-0.875667
-6.471849e-006,-0.874
-6.471599e-006,-0.874
-6.471349e-006,-0.875667
-6.471099e-006,-0.875667
-6.470849e-006,-0.874
-6.470599e-006,-0.874
-6.470349e-006,-0.875667
-6.470099e-006,-0.875667
-6.469849e-006,-0.874
-6.469599e-006,-0.874
-6.469349e-006,-0.875667
-6.469099e-006,-0.875667
-6.468849e-006,-0.874
-6.468599e-006,-0.874
-6.468349e-006,-0.875667
-6.468099e-006,-0.875667
-6.467849e-006,-0.874
-6.467599e-006,-0.874
-6.467349e-006,-0.875667
-6.467099e-006,-0.875667
-6.466849e-006,-0.875667
-6.466599e-006,-0.874
-6.466349e-006,-0.875667
-6.466099e-006,-0.875667
-6.465849e-006,-0.875667
-6.465599e-006,-0.874
-6.465349e-006,-0.875667
-6.465099e-006,-0.875667
-6.464849e-006,-0.874
-6.464599e-006,-0.874
-6.464349e-006,-0.875667
-6.464099e-006,-0.875667
-6.463849e-006,-0.874
-6.463599e-006,-0.874
-6.463349e-006,-0.875667
-6.463099e-006,-0.875667
-6.462849e-006,-0.874
-6.462599e-006,-0.874
-6.462349e-006,-0.875667
-6.462099e-006,-0.875667
-6.461849e-006,-0.874
-6.461599e-006,-0.874
-6.461349e-006,-0.875667
-6.461099e-006,-0.875667
-6.460849e-006,-0.874
-6.460599e-006,-0.874
-6.460349e-006,-0.875667
-6.460099e-006,-0.875667
-6.459849e-006,-0.875667
-6.459599e-006,-0.874
-6.459349e-006,-0.875667
-6.459099e-006,-0.875667
-6.458849e-006,-0.875667
-6.458599e-006,-0.874
-6.458349e-006,-0.875667
-6.458099e-006,-0.875667
-6.457849e-006,-0.874
-6.457599e-006,-0.874
-6.457349e-006,-0.875667
-6.457099e-006,-0.875667
-6.456849e-006,-0.874
-6.456599e-006,-0.874
-6.456349e-006,-0.874
-6.456099e-006,-0.875667
-6.455849e-006,-0.874
-6.455599e-006,-0.874
-6.455349e-006,-0.874
-6.455099e-006,-0.875667
-6.454849e-006,-0.874
-6.454599e-006,-0.874
-6.454349e-006,-0.874
-6.454099e-006,-0.875667
-6.453849e-006,-0.874
-6.453599e-006,-0.874
-6.453349e-006,-0.874
-6.453099e-006,-0.875667
-6.452849e-006,-0.874
-6.452599e-006,-0.874
-6.452349e-006,-0.874
-6.452099e-006,-0.875667
-6.451849e-006,-0.874
-6.451599e-006,-0.874
-6.451349e-006,-0.875667
-6.451099e-006,-0.875667
-6.450849e-006,-0.874
-6.450599e-006,-0.874
-6.450349e-006,-0.875667
-6.450099e-006,-0.875667
-6.449849e-006,-0.874
-6.449599e-006,-0.874
-6.449349e-006,-0.875667
-6.449099e-006,-0.875667
-6.448849e-006,-0.874
-6.448599e-006,-0.874
-6.448349e-006,-0.875667
-6.448099e-006,-0.875667
-6.447849e-006,-0.874
-6.447599e-006,-0.874
-6.447349e-006,-0.874
-6.447099e-006,-0.875667
-6.446849e-006,-0.874
-6.446599e-006,-0.874
-6.446349e-006,-0.874
-6.446099e-006,-0.875667
-6.445849e-006,-0.874
-6.445599e-006,-0.874
-6.445349e-006,-0.874
-6.445099e-006,-0.875667
-6.444849e-006,-0.874
-6.444599e-006,-0.874
-6.444349e-006,-0.875667
-6.444099e-006,-0.875667
-6.443849e-006,-0.874
-6.443599e-006,-0.874
-6.443349e-006,-0.875667
-6.443099e-006,-0.875667
-6.442849e-006,-0.874
-6.442599e-006,-0.874
-6.442349e-006,-0.875667
-6.442099e-006,-0.875667
-6.441849e-006,-0.874
-6.441599e-006,-0.874
-6.441349e-006,-0.875667
-6.441099e-006,-0.875667
-6.440849e-006,-0.874
-6.440599e-006,-0.874
-6.440349e-006,-0.875667
-6.440099e-006,-0.875667
-6.439849e-006,-0.874
-6.439599e-006,-0.874
-6.439349e-006,-0.875667
-6.439099e-006,-0.875667
-6.438849e-006,-0.874
-6.438599e-006,-0.874
-6.438349e-006,-0.875667
-6.438099e-006,-0.875667
-6.437849e-006,-0.874
-6.437599e-006,-0.874
-6.437349e-006,-0.875667
-6.437099e-006,-0.875667
-6.436849e-006,-0.874
-6.436599e-006,-0.874
-6.436349e-006,-0.875667
-6.436099e-006,-0.875667
-6.435849e-006,-0.874
-6.435599e-006,-0.874
-6.435349e-006,-0.875667
-6.435099e-006,-0.875667
-6.434849e-006,-0.874
-6.434599e-006,-0.874
-6.434349e-006,-0.875667
-6.434099e-006,-0.875667
-6.433849e-006,-0.874
-6.433599e-006,-0.874
-6.433349e-006,-0.875667
-6.433099e-006,-0.874
-6.432849e-006,-0.874
-6.432599e-006,-0.874
-6.432349e-006,-0.875667
-6.432099e-006,-0.875667
-6.431849e-006,-0.874
-6.431599e-006,-0.874
-6.431349e-006,-0.875667
-6.431099e-006,-0.875667
-6.430849e-006,-0.874
-6.430599e-006,-0.874
-6.430349e-006,-0.875667
-6.430099e-006,-0.875667
-6.429849e-006,-0.874
-6.429599e-006,-0.874
-6.429349e-006,-0.875667
-6.429099e-006,-0.875667
-6.428849e-006,-0.874
-6.428599e-006,-0.874
-6.428349e-006,-0.875667
-6.428099e-006,-0.875667
-6.427849e-006,-0.874
-6.427599e-006,-0.874
-6.427349e-006,-0.874
-6.427099e-006,-0.875667
-6.426849e-006,-0.874
-6.426599e-006,-0.874
-6.426349e-006,-0.874
-6.426099e-006,-0.875667
-6.425849e-006,-0.874
-6.425599e-006,-0.874
-6.425349e-006,-0.875667
-6.425099e-006,-0.875667
-6.424849e-006,-0.874
-6.424599e-006,-0.874
-6.424349e-006,-0.874
-6.424099e-006,-0.875667
-6.423849e-006,-0.874
-6.423599e-006,-0.874
-6.423349e-006,-0.874
-6.423099e-006,-0.875667
-6.422849e-006,-0.874
-6.422599e-006,-0.874
-6.422349e-006,-0.874
-6.422099e-006,-0.875667
-6.421849e-006,-0.874
-6.421599e-006,-0.874
-6.421349e-006,-0.874
-6.421099e-006,-0.875667
-6.420849e-006,-0.874
-6.420599e-006,-0.874
-6.420349e-006,-0.875667
-6.420099e-006,-0.875667
-6.419849e-006,-0.874
-6.419599e-006,-0.874
-6.419349e-006,-0.875667
-6.419099e-006,-0.875667
-6.418849e-006,-0.874
-6.418599e-006,-0.874
-6.418349e-006,-0.875667
-6.418099e-006,-0.875667
-6.417849e-006,-0.874
-6.417599e-006,-0.874
-6.417349e-006,-0.875667
-6.417099e-006,-0.875667
-6.416849e-006,-0.874
-6.416599e-006,-0.874
-6.416349e-006,-0.875667
-6.416099e-006,-0.875667
-6.415849e-006,-0.874
-6.415599e-006,-0.874
-6.415349e-006,-0.875667
-6.415099e-006,-0.875667
-6.414849e-006,-0.874
-6.414599e-006,-0.874
-6.414349e-006,-0.875667
-6.414099e-006,-0.875667
-6.413849e-006,-0.874
-6.413599e-006,-0.874
-6.413349e-006,-0.875667
-6.413099e-006,-0.875667
-6.412849e-006,-0.874
-6.412599e-006,-0.874
-6.412349e-006,-0.875667
-6.412099e-006,-0.875667
-6.411849e-006,-0.874
-6.411599e-006,-0.874
-6.411349e-006,-0.875667
-6.411099e-006,-0.875667
-6.410849e-006,-0.874
-6.410599e-006,-0.874
-6.410349e-006,-0.875667
-6.410099e-006,-0.875667
-6.409849e-006,-0.874
-6.409599e-006,-0.874
-6.409349e-006,-0.875667
-6.409099e-006,-0.875667
-6.408849e-006,-0.874
-6.408599e-006,-0.874
-6.408349e-006,-0.874
-6.408099e-006,-0.875667
-6.407849e-006,-0.874
-6.407599e-006,-0.874
-6.407349e-006,-0.874
-6.407099e-006,-0.875667
-6.406849e-006,-0.874
-6.406599e-006,-0.874
-6.406349e-006,-0.874
-6.406099e-006,-0.875667
-6.405849e-006,-0.874
-6.405599e-006,-0.874
-6.405349e-006,-0.874
-6.405099e-006,-0.875667
-6.404849e-006,-0.874
-6.404599e-006,-0.874
-6.404349e-006,-0.874
-6.404099e-006,-0.874
-6.403849e-006,-0.874
-6.403599e-006,-0.874
-6.403349e-006,-0.874
-6.403099e-006,-0.874
-6.402849e-006,-0.874
-6.402599e-006,-0.874
-6.402349e-006,-0.875667
-6.402099e-006,-0.875667
-6.401849e-006,-0.874
-6.401599e-006,-0.874
-6.401349e-006,-0.875667
-6.401099e-006,-0.875667
-6.400849e-006,-0.874
-6.400599e-006,-0.874
-6.400349e-006,-0.875667
-6.400099e-006,-0.875667
-6.399849e-006,-0.874
-6.399599e-006,-0.874
-6.399349e-006,-0.875667
-6.399099e-006,-0.874
-6.398849e-006,-0.874
-6.398599e-006,-0.874
-6.398349e-006,-0.875667
-6.398099e-006,-0.874
-6.397849e-006,-0.874
-6.397599e-006,-0.874
-6.397349e-006,-0.875667
-6.397099e-006,-0.874
-6.396849e-006,-0.874
-6.396599e-006,-0.874
-6.396349e-006,-0.875667
-6.396099e-006,-0.875667
-6.395849e-006,-0.874
-6.395599e-006,-0.874
-6.395349e-006,-0.875667
-6.395099e-006,-0.875667
-6.394849e-006,-0.874
-6.394599e-006,-0.874
-6.394349e-006,-0.875667
-6.394099e-006,-0.875667
-6.393849e-006,-0.874
-6.393599e-006,-0.874
-6.393349e-006,-0.875667
-6.393099e-006,-0.875667
-6.392849e-006,-0.874
-6.392599e-006,-0.874
-6.392349e-006,-0.875667
-6.392099e-006,-0.875667
-6.391849e-006,-0.874
-6.391599e-006,-0.874
-6.391349e-006,-0.875667
-6.391099e-006,-0.875667
-6.390849e-006,-0.874
-6.390599e-006,-0.874
-6.390349e-006,-0.875667
-6.390099e-006,-0.875667
-6.389849e-006,-0.874
-6.389599e-006,-0.874
-6.389349e-006,-0.875667
-6.389099e-006,-0.875667
-6.388849e-006,-0.874
-6.388599e-006,-0.874
-6.388349e-006,-0.875667
-6.388099e-006,-0.875667
-6.387849e-006,-0.874
-6.387599e-006,-0.874
-6.387349e-006,-0.875667
-6.387099e-006,-0.875667
-6.386849e-006,-0.874
-6.386599e-006,-0.874
-6.386349e-006,-0.875667
-6.386099e-006,-0.875667
-6.385849e-006,-0.874
-6.385599e-006,-0.874
-6.385349e-006,-0.875667
-6.385099e-006,-0.875667
-6.384849e-006,-0.874
-6.384599e-006,-0.874
-6.384349e-006,-0.875667
-6.384099e-006,-0.875667
-6.383849e-006,-0.874
-6.383599e-006,-0.874
-6.383349e-006,-0.874
-6.383099e-006,-0.875667
-6.382849e-006,-0.874
-6.382599e-006,-0.874
-6.382349e-006,-0.875667
-6.382099e-006,-0.875667
-6.381849e-006,-0.874
-6.381599e-006,-0.874
-6.381349e-006,-0.875667
-6.381099e-006,-0.874
-6.380849e-006,-0.874
-6.380599e-006,-0.874
-6.380349e-006,-0.875667
-6.380099e-006,-0.874
-6.379849e-006,-0.874
-6.379599e-006,-0.874
-6.379349e-006,-0.874
-6.379099e-006,-0.874
-6.378849e-006,-0.874
-6.378599e-006,-0.874
-6.378349e-006,-0.874
-6.378099e-006,-0.874
-6.377849e-006,-0.874
-6.377599e-006,-0.874
-6.377349e-006,-0.874
-6.377099e-006,-0.875667
-6.376849e-006,-0.874
-6.376599e-006,-0.874
-6.376349e-006,-0.874
-6.376099e-006,-0.875667
-6.375849e-006,-0.874
-6.375599e-006,-0.874
-6.375349e-006,-0.874
-6.375099e-006,-0.875667
-6.374849e-006,-0.874
-6.374599e-006,-0.874
-6.374349e-006,-0.874
-6.374099e-006,-0.875667
-6.373849e-006,-0.874
-6.373599e-006,-0.874
-6.373349e-006,-0.874
-6.373099e-006,-0.875667
-6.372849e-006,-0.874
-6.372599e-006,-0.874
-6.372349e-006,-0.874
-6.372099e-006,-0.875667
-6.371849e-006,-0.874
-6.371599e-006,-0.874
-6.371349e-006,-0.874
-6.371099e-006,-0.875667
-6.370849e-006,-0.874
-6.370599e-006,-0.874
-6.370349e-006,-0.874
-6.370099e-006,-0.874
-6.369849e-006,-0.874
-6.369599e-006,-0.874
-6.369349e-006,-0.874
-6.369099e-006,-0.875667
-6.368849e-006,-0.874
-6.368599e-006,-0.874
-6.368349e-006,-0.874
-6.368099e-006,-0.875667
-6.367849e-006,-0.874
-6.367599e-006,-0.874
-6.367349e-006,-0.875667
-6.367099e-006,-0.875667
-6.366849e-006,-0.874
-6.366599e-006,-0.874
-6.366349e-006,-0.875667
-6.366099e-006,-0.875667
-6.365849e-006,-0.874
-6.365599e-006,-0.874
-6.365349e-006,-0.875667
-6.365099e-006,-0.875667
-6.364849e-006,-0.874
-6.364599e-006,-0.874
-6.364349e-006,-0.875667
-6.364099e-006,-0.875667
-6.363849e-006,-0.874
-6.363599e-006,-0.874
-6.363349e-006,-0.875667
-6.363099e-006,-0.874
-6.362849e-006,-0.874
-6.362599e-006,-0.874
-6.362349e-006,-0.874
-6.362099e-006,-0.874
-6.361849e-006,-0.874
-6.361599e-006,-0.874
-6.361349e-006,-0.874
-6.361099e-006,-0.875667
-6.360849e-006,-0.874
-6.360599e-006,-0.874
-6.360349e-006,-0.874
-6.360099e-006,-0.875667
-6.359849e-006,-0.874
-6.359599e-006,-0.874
-6.359349e-006,-0.874
-6.359099e-006,-0.875667
-6.358849e-006,-0.874
-6.358599e-006,-0.874
-6.358349e-006,-0.875667
-6.358099e-006,-0.875667
-6.357849e-006,-0.874
-6.357599e-006,-0.874
-6.357349e-006,-0.875667
-6.357099e-006,-0.875667
-6.356849e-006,-0.874
-6.356599e-006,-0.874
-6.356349e-006,-0.874
-6.356099e-006,-0.875667
-6.355849e-006,-0.874
-6.355599e-006,-0.874
-6.355349e-006,-0.874
-6.355099e-006,-0.875667
-6.354849e-006,-0.874
-6.354599e-006,-0.874
-6.354349e-006,-0.874
-6.354099e-006,-0.875667
-6.353849e-006,-0.874
-6.353599e-006,-0.874
-6.353349e-006,-0.874
-6.353099e-006,-0.875667
-6.352849e-006,-0.874
-6.352599e-006,-0.874
-6.352349e-006,-0.874
-6.352099e-006,-0.875667
-6.351849e-006,-0.874
-6.351599e-006,-0.874
-6.351349e-006,-0.874
-6.351099e-006,-0.875667
-6.350849e-006,-0.874
-6.350599e-006,-0.874
-6.350349e-006,-0.874
-6.350099e-006,-0.875667
-6.349849e-006,-0.874
-6.349599e-006,-0.874
-6.349349e-006,-0.874
-6.349099e-006,-0.875667
-6.348849e-006,-0.874
-6.348599e-006,-0.874
-6.348349e-006,-0.875667
-6.348099e-006,-0.875667
-6.347849e-006,-0.874
-6.347599e-006,-0.874
-6.347349e-006,-0.875667
-6.347099e-006,-0.875667
-6.346849e-006,-0.874
-6.346599e-006,-0.874
-6.346349e-006,-0.875667
-6.346099e-006,-0.875667
-6.345849e-006,-0.874
-6.345599e-006,-0.874
-6.345349e-006,-0.875667
-6.345099e-006,-0.875667
-6.344849e-006,-0.874
-6.344599e-006,-0.874
-6.344349e-006,-0.875667
-6.344099e-006,-0.875667
-6.343849e-006,-0.874
-6.343599e-006,-0.874
-6.343349e-006,-0.875667
-6.343099e-006,-0.875667
-6.342849e-006,-0.874
-6.342599e-006,-0.874
-6.342349e-006,-0.874
-6.342099e-006,-0.875667
-6.341849e-006,-0.874
-6.341599e-006,-0.874
-6.341349e-006,-0.874
-6.341099e-006,-0.875667
-6.340849e-006,-0.874
-6.340599e-006,-0.874
-6.340349e-006,-0.874
-6.340099e-006,-0.875667
-6.339849e-006,-0.874
-6.339599e-006,-0.874
-6.339349e-006,-0.874
-6.339099e-006,-0.875667
-6.338849e-006,-0.874
-6.338599e-006,-0.874
-6.338349e-006,-0.875667
-6.338099e-006,-0.875667
-6.337849e-006,-0.874
-6.337599e-006,-0.874
-6.337349e-006,-0.875667
-6.337099e-006,-0.875667
-6.336849e-006,-0.874
-6.336599e-006,-0.874
-6.336349e-006,-0.875667
-6.336099e-006,-0.875667
-6.335849e-006,-0.874
-6.335599e-006,-0.874
-6.335349e-006,-0.875667
-6.335099e-006,-0.875667
-6.334849e-006,-0.874
-6.334599e-006,-0.874
-6.334349e-006,-0.875667
-6.334099e-006,-0.875667
-6.333849e-006,-0.874
-6.333599e-006,-0.874
-6.333349e-006,-0.874
-6.333099e-006,-0.875667
-6.332849e-006,-0.874
-6.332599e-006,-0.874
-6.332349e-006,-0.874
-6.332099e-006,-0.875667
-6.331849e-006,-0.874
-6.331599e-006,-0.874
-6.331349e-006,-0.874
-6.331099e-006,-0.875667
-6.330849e-006,-0.874
-6.330599e-006,-0.874
-6.330349e-006,-0.874
-6.330099e-006,-0.875667
-6.329849e-006,-0.874
-6.329599e-006,-0.874
-6.329349e-006,-0.874
-6.329099e-006,-0.875667
-6.328849e-006,-0.874
-6.328599e-006,-0.874
-6.328349e-006,-0.874
-6.328099e-006,-0.875667
-6.327849e-006,-0.874
-6.327599e-006,-0.874
-6.327349e-006,-0.874
-6.327099e-006,-0.875667
-6.326849e-006,-0.874
-6.326599e-006,-0.874
-6.326349e-006,-0.874
-6.326099e-006,-0.875667
-6.325849e-006,-0.874
-6.325599e-006,-0.874
-6.325349e-006,-0.875667
-6.325099e-006,-0.875667
-6.324849e-006,-0.874
-6.324599e-006,-0.874
-6.324349e-006,-0.875667
-6.324099e-006,-0.875667
-6.323849e-006,-0.874
-6.323599e-006,-0.874
-6.323349e-006,-0.875667
-6.323099e-006,-0.875667
-6.322849e-006,-0.874
-6.322599e-006,-0.874
-6.322349e-006,-0.875667
-6.322099e-006,-0.875667
-6.321849e-006,-0.875667
-6.321599e-006,-0.874
-6.321349e-006,-0.875667
-6.321099e-006,-0.875667
-6.320849e-006,-0.875667
-6.320599e-006,-0.874
-6.320349e-006,-0.875667
-6.320099e-006,-0.875667
-6.319849e-006,-0.874
-6.319599e-006,-0.874
-6.319349e-006,-0.874
-6.319099e-006,-0.875667
-6.318849e-006,-0.874
-6.318599e-006,-0.874
-6.318349e-006,-0.874
-6.318099e-006,-0.875667
-6.317849e-006,-0.874
-6.317599e-006,-0.874
-6.317349e-006,-0.874
-6.317099e-006,-0.875667
-6.316849e-006,-0.874
-6.316599e-006,-0.874
-6.316349e-006,-0.874
-6.316099e-006,-0.875667
-6.315849e-006,-0.874
-6.315599e-006,-0.874
-6.315349e-006,-0.874
-6.315099e-006,-0.875667
-6.314849e-006,-0.874
-6.314599e-006,-0.874
-6.314349e-006,-0.875667
-6.314099e-006,-0.875667
-6.313849e-006,-0.874
-6.313599e-006,-0.874
-6.313349e-006,-0.875667
-6.313099e-006,-0.875667
-6.312849e-006,-0.874
-6.312599e-006,-0.874
-6.312349e-006,-0.875667
-6.312099e-006,-0.875667
-6.311849e-006,-0.874
-6.311599e-006,-0.874
-6.311349e-006,-0.875667
-6.311099e-006,-0.875667
-6.310849e-006,-0.874
-6.310599e-006,-0.874
-6.310349e-006,-0.875667
-6.310099e-006,-0.875667
-6.309849e-006,-0.874
-6.309599e-006,-0.874
-6.309349e-006,-0.875667
-6.309099e-006,-0.875667
-6.308849e-006,-0.874
-6.308599e-006,-0.874
-6.308349e-006,-0.875667
-6.308099e-006,-0.875667
-6.307849e-006,-0.874
-6.307599e-006,-0.874
-6.307349e-006,-0.875667
-6.307099e-006,-0.875667
-6.306849e-006,-0.874
-6.306599e-006,-0.874
-6.306349e-006,-0.874
-6.306099e-006,-0.874
-6.305849e-006,-0.874
-6.305599e-006,-0.874
-6.305349e-006,-0.874
-6.305099e-006,-0.874
-6.304849e-006,-0.874
-6.304599e-006,-0.874
-6.304349e-006,-0.874
-6.304099e-006,-0.875667
-6.303849e-006,-0.874
-6.303599e-006,-0.874
-6.303349e-006,-0.874
-6.303099e-006,-0.875667
-6.302849e-006,-0.874
-6.302599e-006,-0.874
-6.302349e-006,-0.874
-6.302099e-006,-0.875667
-6.301849e-006,-0.874
-6.301599e-006,-0.874
-6.301349e-006,-0.874
-6.301099e-006,-0.875667
-6.300849e-006,-0.874
-6.300599e-006,-0.874
-6.300349e-006,-0.875667
-6.300099e-006,-0.875667
-6.299849e-006,-0.874
-6.299599e-006,-0.874
-6.299349e-006,-0.875667
-6.299099e-006,-0.875667
-6.298849e-006,-0.874
-6.298599e-006,-0.874
-6.298349e-006,-0.875667
-6.298099e-006,-0.875667
-6.297849e-006,-0.874
-6.297599e-006,-0.874
-6.297349e-006,-0.875667
-6.297099e-006,-0.875667
-6.296849e-006,-0.874
-6.296599e-006,-0.874
-6.296349e-006,-0.874
-6.296099e-006,-0.875667
-6.295849e-006,-0.874
-6.295599e-006,-0.874
-6.295349e-006,-0.874
-6.295099e-006,-0.875667
-6.294849e-006,-0.874
-6.294599e-006,-0.874
-6.294349e-006,-0.874
-6.294099e-006,-0.875667
-6.293849e-006,-0.874
-6.293599e-006,-0.874
-6.293349e-006,-0.874
-6.293099e-006,-0.875667
-6.292849e-006,-0.874
-6.292599e-006,-0.874
-6.292349e-006,-0.874
-6.292099e-006,-0.875667
-6.291849e-006,-0.874
-6.291599e-006,-0.874
-6.291349e-006,-0.874
-6.291099e-006,-0.875667
-6.290849e-006,-0.874
-6.290599e-006,-0.874
-6.290349e-006,-0.874
-6.290099e-006,-0.875667
-6.289849e-006,-0.874
-6.289599e-006,-0.874
-6.289349e-006,-0.874
-6.289099e-006,-0.875667
-6.288849e-006,-0.874
-6.288599e-006,-0.874
-6.288349e-006,-0.874
-6.288099e-006,-0.875667
-6.287849e-006,-0.874
-6.287599e-006,-0.874
-6.287349e-006,-0.874
-6.287099e-006,-0.875667
-6.286849e-006,-0.874
-6.286599e-006,-0.874
-6.286349e-006,-0.874
-6.286099e-006,-0.875667
-6.285849e-006,-0.874
-6.285599e-006,-0.874
-6.285349e-006,-0.875667
-6.285099e-006,-0.875667
-6.284849e-006,-0.874
-6.284599e-006,-0.874
-6.284349e-006,-0.875667
-6.284099e-006,-0.875667
-6.283849e-006,-0.874
-6.283599e-006,-0.874
-6.283349e-006,-0.875667
-6.283099e-006,-0.875667
-6.282849e-006,-0.874
-6.282599e-006,-0.874
-6.282349e-006,-0.875667
-6.282099e-006,-0.875667
-6.281849e-006,-0.874
-6.281599e-006,-0.874
-6.281349e-006,-0.875667
-6.281099e-006,-0.875667
-6.280849e-006,-0.874
-6.280599e-006,-0.874
-6.280349e-006,-0.874
-6.280099e-006,-0.875667
-6.279849e-006,-0.874
-6.279599e-006,-0.874
-6.279349e-006,-0.875667
-6.279099e-006,-0.875667
-6.278849e-006,-0.874
-6.278599e-006,-0.874
-6.278349e-006,-0.875667
-6.278099e-006,-0.875667
-6.277849e-006,-0.874
-6.277599e-006,-0.874
-6.277349e-006,-0.875667
-6.277099e-006,-0.875667
-6.276849e-006,-0.874
-6.276599e-006,-0.874
-6.276349e-006,-0.875667
-6.276099e-006,-0.875667
-6.275849e-006,-0.874
-6.275599e-006,-0.874
-6.275349e-006,-0.874
-6.275099e-006,-0.875667
-6.274849e-006,-0.874
-6.274599e-006,-0.874
-6.274349e-006,-0.874
-6.274099e-006,-0.875667
-6.273849e-006,-0.874
-6.273599e-006,-0.874
-6.273349e-006,-0.874
-6.273099e-006,-0.875667
-6.272849e-006,-0.874
-6.272599e-006,-0.874
-6.272349e-006,-0.875667
-6.272099e-006,-0.875667
-6.271849e-006,-0.874
-6.271599e-006,-0.874
-6.271349e-006,-0.875667
-6.271099e-006,-0.875667
-6.270849e-006,-0.874
-6.270599e-006,-0.874
-6.270349e-006,-0.875667
-6.270099e-006,-0.875667
-6.269849e-006,-0.874
-6.269599e-006,-0.874
-6.269349e-006,-0.875667
-6.269099e-006,-0.875667
-6.268849e-006,-0.874
-6.268599e-006,-0.874
-6.268349e-006,-0.875667
-6.268099e-006,-0.875667
-6.267849e-006,-0.874
-6.267599e-006,-0.874
-6.267349e-006,-0.875667
-6.267099e-006,-0.875667
-6.266849e-006,-0.874
-6.266599e-006,-0.874
-6.266349e-006,-0.875667
-6.266099e-006,-0.875667
-6.265849e-006,-0.874
-6.265599e-006,-0.874
-6.265349e-006,-0.875667
-6.265099e-006,-0.875667
-6.264849e-006,-0.874
-6.264599e-006,-0.874
-6.264349e-006,-0.875667
-6.264099e-006,-0.875667
-6.263849e-006,-0.874
-6.263599e-006,-0.874
-6.263349e-006,-0.875667
-6.263099e-006,-0.875667
-6.262849e-006,-0.874
-6.262599e-006,-0.874
-6.262349e-006,-0.875667
-6.262099e-006,-0.875667
-6.261849e-006,-0.874
-6.261599e-006,-0.874
-6.261349e-006,-0.874
-6.261099e-006,-0.875667
-6.260849e-006,-0.874
-6.260599e-006,-0.874
-6.260349e-006,-0.875667
-6.260099e-006,-0.875667
-6.259849e-006,-0.874
-6.259599e-006,-0.874
-6.259349e-006,-0.875667
-6.259099e-006,-0.875667
-6.258849e-006,-0.874
-6.258599e-006,-0.874
-6.258349e-006,-0.875667
-6.258099e-006,-0.875667
-6.257849e-006,-0.874
-6.257599e-006,-0.874
-6.257349e-006,-0.875667
-6.257099e-006,-0.875667
-6.256849e-006,-0.874
-6.256599e-006,-0.874
-6.256349e-006,-0.875667
-6.256099e-006,-0.875667
-6.255849e-006,-0.874
-6.255599e-006,-0.874
-6.255349e-006,-0.874
-6.255099e-006,-0.875667
-6.254849e-006,-0.874
-6.254599e-006,-0.874
-6.254349e-006,-0.874
-6.254099e-006,-0.875667
-6.253849e-006,-0.874
-6.253599e-006,-0.874
-6.253349e-006,-0.874
-6.253099e-006,-0.875667
-6.252849e-006,-0.874
-6.252599e-006,-0.874
-6.252349e-006,-0.875667
-6.252099e-006,-0.875667
-6.251849e-006,-0.874
-6.251599e-006,-0.874
-6.251349e-006,-0.875667
-6.251099e-006,-0.875667
-6.250849e-006,-0.874
-6.250599e-006,-0.874
-6.250349e-006,-0.874
-6.250099e-006,-0.875667
-6.249849e-006,-0.874
-6.249599e-006,-0.874
-6.249349e-006,-0.874
-6.249099e-006,-0.875667
-6.248849e-006,-0.874
-6.248599e-006,-0.874
-6.248349e-006,-0.874
-6.248099e-006,-0.875667
-6.247849e-006,-0.874
-6.247599e-006,-0.874
-6.247349e-006,-0.875667
-6.247099e-006,-0.875667
-6.246849e-006,-0.874
-6.246599e-006,-0.874
-6.246349e-006,-0.875667
-6.246099e-006,-0.875667
-6.245849e-006,-0.874
-6.245599e-006,-0.874
-6.245349e-006,-0.875667
-6.245099e-006,-0.875667
-6.244849e-006,-0.874
-6.244599e-006,-0.874
-6.244349e-006,-0.874
-6.244099e-006,-0.875667
-6.243849e-006,-0.874
-6.243599e-006,-0.874
-6.243349e-006,-0.874
-6.243099e-006,-0.875667
-6.242849e-006,-0.874
-6.242599e-006,-0.874
-6.242349e-006,-0.875667
-6.242099e-006,-0.875667
-6.241849e-006,-0.874
-6.241599e-006,-0.874
-6.241349e-006,-0.875667
-6.241099e-006,-0.875667
-6.240849e-006,-0.874
-6.240599e-006,-0.874
-6.240349e-006,-0.875667
-6.240099e-006,-0.875667
-6.239849e-006,-0.874
-6.239599e-006,-0.874
-6.239349e-006,-0.874
-6.239099e-006,-0.875667
-6.238849e-006,-0.874
-6.238599e-006,-0.874
-6.238349e-006,-0.874
-6.238099e-006,-0.875667
-6.237849e-006,-0.874
-6.237599e-006,-0.874
-6.237349e-006,-0.874
-6.237099e-006,-0.875667
-6.236849e-006,-0.874
-6.236599e-006,-0.874
-6.236349e-006,-0.874
-6.236099e-006,-0.875667
-6.235849e-006,-0.874
-6.235599e-006,-0.874
-6.235349e-006,-0.874
-6.235099e-006,-0.875667
-6.234849e-006,-0.874
-6.234599e-006,-0.874
-6.234349e-006,-0.874
-6.234099e-006,-0.875667
-6.233849e-006,-0.874
-6.233599e-006,-0.874
-6.233349e-006,-0.874
-6.233099e-006,-0.875667
-6.232849e-006,-0.874
-6.232599e-006,-0.874
-6.232349e-006,-0.874
-6.232099e-006,-0.875667
-6.231849e-006,-0.874
-6.231599e-006,-0.874
-6.231349e-006,-0.875667
-6.231099e-006,-0.875667
-6.230849e-006,-0.874
-6.230599e-006,-0.874
-6.230349e-006,-0.875667
-6.230099e-006,-0.875667
-6.229849e-006,-0.874
-6.229599e-006,-0.874
-6.229349e-006,-0.875667
-6.229099e-006,-0.875667
-6.228849e-006,-0.874
-6.228599e-006,-0.874
-6.228349e-006,-0.875667
-6.228099e-006,-0.875667
-6.227849e-006,-0.874
-6.227599e-006,-0.874
-6.227349e-006,-0.874
-6.227099e-006,-0.875667
-6.226849e-006,-0.874
-6.226599e-006,-0.874
-6.226349e-006,-0.874
-6.226099e-006,-0.875667
-6.225849e-006,-0.874
-6.225599e-006,-0.874
-6.225349e-006,-0.874
-6.225099e-006,-0.875667
-6.224849e-006,-0.874
-6.224599e-006,-0.874
-6.224349e-006,-0.874
-6.224099e-006,-0.874
-6.223849e-006,-0.874
-6.223599e-006,-0.874
-6.223349e-006,-0.874
-6.223099e-006,-0.874
-6.222849e-006,-0.874
-6.222599e-006,-0.874
-6.222349e-006,-0.874
-6.222099e-006,-0.874
-6.221849e-006,-0.874
-6.221599e-006,-0.874
-6.221349e-006,-0.874
-6.221099e-006,-0.874
-6.220849e-006,-0.874
-6.220599e-006,-0.874
-6.220349e-006,-0.874
-6.220099e-006,-0.874
-6.219849e-006,-0.874
-6.219599e-006,-0.874
-6.219349e-006,-0.874
-6.219099e-006,-0.874
-6.218849e-006,-0.874
-6.218599e-006,-0.874
-6.218349e-006,-0.874
-6.218099e-006,-0.875667
-6.217849e-006,-0.874
-6.217599e-006,-0.874
-6.217349e-006,-0.874
-6.217099e-006,-0.875667
-6.216849e-006,-0.874
-6.216599e-006,-0.874
-6.216349e-006,-0.875667
-6.216099e-006,-0.875667
-6.215849e-006,-0.874
-6.215599e-006,-0.874
-6.215349e-006,-0.875667
-6.215099e-006,-0.875667
-6.214849e-006,-0.874
-6.214599e-006,-0.874
-6.214349e-006,-0.875667
-6.214099e-006,-0.875667
-6.213849e-006,-0.874
-6.213599e-006,-0.874
-6.213349e-006,-0.875667
-6.213099e-006,-0.875667
-6.212849e-006,-0.874
-6.212599e-006,-0.874
-6.212349e-006,-0.875667
-6.212099e-006,-0.875667
-6.211849e-006,-0.874
-6.211599e-006,-0.874
-6.211349e-006,-0.875667
-6.211099e-006,-0.875667
-6.210849e-006,-0.874
-6.210599e-006,-0.874
-6.210349e-006,-0.875667
-6.210099e-006,-0.875667
-6.209849e-006,-0.874
-6.209599e-006,-0.874
-6.209349e-006,-0.875667
-6.209099e-006,-0.875667
-6.208849e-006,-0.874
-6.208599e-006,-0.874
-6.208349e-006,-0.875667
-6.208099e-006,-0.875667
-6.207849e-006,-0.874
-6.207599e-006,-0.874
-6.207349e-006,-0.874
-6.207099e-006,-0.875667
-6.206849e-006,-0.874
-6.206599e-006,-0.874
-6.206349e-006,-0.875667
-6.206099e-006,-0.875667
-6.205849e-006,-0.874
-6.205599e-006,-0.874
-6.205349e-006,-0.875667
-6.205099e-006,-0.875667
-6.204849e-006,-0.874
-6.204599e-006,-0.874
-6.204349e-006,-0.875667
-6.204099e-006,-0.875667
-6.203849e-006,-0.874
-6.203599e-006,-0.874
-6.203349e-006,-0.875667
-6.203099e-006,-0.875667
-6.202849e-006,-0.874
-6.202599e-006,-0.874
-6.202349e-006,-0.874
-6.202099e-006,-0.875667
-6.201849e-006,-0.874
-6.201599e-006,-0.874
-6.201349e-006,-0.874
-6.201099e-006,-0.875667
-6.200849e-006,-0.874
-6.200599e-006,-0.874
-6.200349e-006,-0.874
-6.200099e-006,-0.875667
-6.199849e-006,-0.874
-6.199599e-006,-0.874
-6.199349e-006,-0.874
-6.199099e-006,-0.875667
-6.198849e-006,-0.874
-6.198599e-006,-0.874
-6.198349e-006,-0.874
-6.198099e-006,-0.875667
-6.197849e-006,-0.874
-6.197599e-006,-0.874
-6.197349e-006,-0.874
-6.197099e-006,-0.875667
-6.196849e-006,-0.874
-6.196599e-006,-0.874
-6.196349e-006,-0.874
-6.196099e-006,-0.875667
-6.195849e-006,-0.874
-6.195599e-006,-0.874
-6.195349e-006,-0.874
-6.195099e-006,-0.875667
-6.194849e-006,-0.874
-6.194599e-006,-0.874
-6.194349e-006,-0.874
-6.194099e-006,-0.875667
-6.193849e-006,-0.874
-6.193599e-006,-0.874
-6.193349e-006,-0.874
-6.193099e-006,-0.875667
-6.192849e-006,-0.874
-6.192599e-006,-0.874
-6.192349e-006,-0.874
-6.192099e-006,-0.874
-6.191849e-006,-0.874
-6.191599e-006,-0.874
-6.191349e-006,-0.874
-6.191099e-006,-0.874
-6.190849e-006,-0.874
-6.190599e-006,-0.874
-6.190349e-006,-0.874
-6.190099e-006,-0.875667
-6.189849e-006,-0.874
-6.189599e-006,-0.874
-6.189349e-006,-0.874
-6.189099e-006,-0.875667
-6.188849e-006,-0.874
-6.188599e-006,-0.874
-6.188349e-006,-0.874
-6.188099e-006,-0.875667
-6.187849e-006,-0.874
-6.187599e-006,-0.874
-6.187349e-006,-0.874
-6.187099e-006,-0.875667
-6.186849e-006,-0.874
-6.186599e-006,-0.874
-6.186349e-006,-0.874
-6.186099e-006,-0.875667
-6.185849e-006,-0.874
-6.185599e-006,-0.874
-6.185349e-006,-0.874
-6.185099e-006,-0.875667
-6.184849e-006,-0.874
-6.184599e-006,-0.874
-6.184349e-006,-0.874
-6.184099e-006,-0.875667
-6.183849e-006,-0.874
-6.183599e-006,-0.874
-6.183349e-006,-0.874
-6.183099e-006,-0.875667
-6.182849e-006,-0.874
-6.182599e-006,-0.874
-6.182349e-006,-0.874
-6.182099e-006,-0.875667
-6.181849e-006,-0.874
-6.181599e-006,-0.874
-6.181349e-006,-0.874
-6.181099e-006,-0.875667
-6.180849e-006,-0.874
-6.180599e-006,-0.874
-6.180349e-006,-0.874
-6.180099e-006,-0.875667
-6.179849e-006,-0.874
-6.179599e-006,-0.874
-6.179349e-006,-0.874
-6.179099e-006,-0.875667
-6.178849e-006,-0.874
-6.178599e-006,-0.874
-6.178349e-006,-0.874
-6.178099e-006,-0.875667
-6.177849e-006,-0.874
-6.177599e-006,-0.874
-6.177349e-006,-0.874
-6.177099e-006,-0.875667
-6.176849e-006,-0.874
-6.176599e-006,-0.874
-6.176349e-006,-0.874
-6.176099e-006,-0.874
-6.175849e-006,-0.874
-6.175599e-006,-0.874
-6.175349e-006,-0.874
-6.175099e-006,-0.874
-6.174849e-006,-0.874
-6.174599e-006,-0.874
-6.174349e-006,-0.875667
-6.174099e-006,-0.875667
-6.173849e-006,-0.874
-6.173599e-006,-0.874
-6.173349e-006,-0.874
-6.173099e-006,-0.875667
-6.172849e-006,-0.874
-6.172599e-006,-0.874
-6.172349e-006,-0.874
-6.172099e-006,-0.875667
-6.171849e-006,-0.874
-6.171599e-006,-0.874
-6.171349e-006,-0.874
-6.171099e-006,-0.875667
-6.170849e-006,-0.874
-6.170599e-006,-0.874
-6.170349e-006,-0.874
-6.170099e-006,-0.875667
-6.169849e-006,-0.874
-6.169599e-006,-0.874
-6.169349e-006,-0.874
-6.169099e-006,-0.875667
-6.168849e-006,-0.874
-6.168599e-006,-0.874
-6.168349e-006,-0.875667
-6.168099e-006,-0.875667
-6.167849e-006,-0.874
-6.167599e-006,-0.874
-6.167349e-006,-0.875667
-6.167099e-006,-0.875667
-6.166849e-006,-0.874
-6.166599e-006,-0.874
-6.166349e-006,-0.875667
-6.166099e-006,-0.875667
-6.165849e-006,-0.874
-6.165599e-006,-0.874
-6.165349e-006,-0.874
-6.165099e-006,-0.875667
-6.164849e-006,-0.874
-6.164599e-006,-0.874
-6.164349e-006,-0.875667
-6.164099e-006,-0.875667
-6.163849e-006,-0.874
-6.163599e-006,-0.874
-6.163349e-006,-0.875667
-6.163099e-006,-0.875667
-6.162849e-006,-0.874
-6.162599e-006,-0.874
-6.162349e-006,-0.875667
-6.162099e-006,-0.875667
-6.161849e-006,-0.874
-6.161599e-006,-0.874
-6.161349e-006,-0.875667
-6.161099e-006,-0.875667
-6.160849e-006,-0.874
-6.160599e-006,-0.874
-6.160349e-006,-0.874
-6.160099e-006,-0.875667
-6.159849e-006,-0.874
-6.159599e-006,-0.874
-6.159349e-006,-0.874
-6.159099e-006,-0.875667
-6.158849e-006,-0.874
-6.158599e-006,-0.874
-6.158349e-006,-0.874
-6.158099e-006,-0.875667
-6.157849e-006,-0.874
-6.157599e-006,-0.874
-6.157349e-006,-0.874
-6.157099e-006,-0.875667
-6.156849e-006,-0.874
-6.156599e-006,-0.874
-6.156349e-006,-0.875667
-6.156099e-006,-0.875667
-6.155849e-006,-0.874
-6.155599e-006,-0.874
-6.155349e-006,-0.875667
-6.155099e-006,-0.875667
-6.154849e-006,-0.874
-6.154599e-006,-0.874
-6.154349e-006,-0.875667
-6.154099e-006,-0.875667
-6.153849e-006,-0.874
-6.153599e-006,-0.874
-6.153349e-006,-0.875667
-6.153099e-006,-0.875667
-6.152849e-006,-0.874
-6.152599e-006,-0.874
-6.152349e-006,-0.874
-6.152099e-006,-0.875667
-6.151849e-006,-0.874
-6.151599e-006,-0.874
-6.151349e-006,-0.874
-6.151099e-006,-0.875667
-6.150849e-006,-0.874
-6.150599e-006,-0.874
-6.150349e-006,-0.874
-6.150099e-006,-0.875667
-6.149849e-006,-0.874
-6.149599e-006,-0.874
-6.149349e-006,-0.875667
-6.149099e-006,-0.875667
-6.148849e-006,-0.874
-6.148599e-006,-0.874
-6.148349e-006,-0.875667
-6.148099e-006,-0.875667
-6.147849e-006,-0.874
-6.147599e-006,-0.874
-6.147349e-006,-0.875667
-6.147099e-006,-0.875667
-6.146849e-006,-0.874
-6.146599e-006,-0.874
-6.146349e-006,-0.875667
-6.146099e-006,-0.874
-6.145849e-006,-0.874
-6.145599e-006,-0.874
-6.145349e-006,-0.875667
-6.145099e-006,-0.874
-6.144849e-006,-0.874
-6.144599e-006,-0.874
-6.144349e-006,-0.875667
-6.144099e-006,-0.875667
-6.143849e-006,-0.874
-6.143599e-006,-0.874
-6.143349e-006,-0.875667
-6.143099e-006,-0.875667
-6.142849e-006,-0.874
-6.142599e-006,-0.874
-6.142349e-006,-0.874
-6.142099e-006,-0.875667
-6.141849e-006,-0.874
-6.141599e-006,-0.874
-6.141349e-006,-0.874
-6.141099e-006,-0.875667
-6.140849e-006,-0.874
-6.140599e-006,-0.874
-6.140349e-006,-0.874
-6.140099e-006,-0.875667
-6.139849e-006,-0.874
-6.139599e-006,-0.874
-6.139349e-006,-0.874
-6.139099e-006,-0.874
-6.138849e-006,-0.874
-6.138599e-006,-0.874
-6.138349e-006,-0.874
-6.138099e-006,-0.874
-6.137849e-006,-0.874
-6.137599e-006,-0.874
-6.137349e-006,-0.875667
-6.137099e-006,-0.875667
-6.136849e-006,-0.874
-6.136599e-006,-0.874
-6.136349e-006,-0.875667
-6.136099e-006,-0.875667
-6.135849e-006,-0.874
-6.135599e-006,-0.874
-6.135349e-006,-0.875667
-6.135099e-006,-0.875667
-6.134849e-006,-0.874
-6.134599e-006,-0.874
-6.134349e-006,-0.875667
-6.134099e-006,-0.875667
-6.133849e-006,-0.874
-6.133599e-006,-0.874
-6.133349e-006,-0.875667
-6.133099e-006,-0.875667
-6.132849e-006,-0.874
-6.132599e-006,-0.874
-6.132349e-006,-0.874
-6.132099e-006,-0.875667
-6.131849e-006,-0.874
-6.131599e-006,-0.874
-6.131349e-006,-0.874
-6.131099e-006,-0.875667
-6.130849e-006,-0.874
-6.130599e-006,-0.874
-6.130349e-006,-0.874
-6.130099e-006,-0.874
-6.129849e-006,-0.874
-6.129599e-006,-0.874
-6.129349e-006,-0.874
-6.129099e-006,-0.874
-6.128849e-006,-0.874
-6.128599e-006,-0.874
-6.128349e-006,-0.874
-6.128099e-006,-0.874
-6.127849e-006,-0.874
-6.127599e-006,-0.874
-6.127349e-006,-0.875667
-6.127099e-006,-0.874
-6.126849e-006,-0.874
-6.126599e-006,-0.874
-6.126349e-006,-0.875667
-6.126099e-006,-0.875667
-6.125849e-006,-0.875667
-6.125599e-006,-0.874
-6.125349e-006,-0.875667
-6.125099e-006,-0.875667
-6.124849e-006,-0.875667
-6.124599e-006,-0.874
-6.124349e-006,-0.875667
-6.124099e-006,-0.875667
-6.123849e-006,-0.875667
-6.123599e-006,-0.874
-6.123349e-006,-0.875667
-6.123099e-006,-0.875667
-6.122849e-006,-0.875667
-6.122599e-006,-0.874
-6.122349e-006,-0.875667
-6.122099e-006,-0.875667
-6.121849e-006,-0.875667
-6.121599e-006,-0.874
-6.121349e-006,-0.875667
-6.121099e-006,-0.875667
-6.120849e-006,-0.874
-6.120599e-006,-0.874
-6.120349e-006,-0.875667
-6.120099e-006,-0.875667
-6.119849e-006,-0.874
-6.119599e-006,-0.874
-6.119349e-006,-0.875667
-6.119099e-006,-0.875667
-6.118849e-006,-0.874
-6.118599e-006,-0.874
-6.118349e-006,-0.875667
-6.118099e-006,-0.875667
-6.117849e-006,-0.874
-6.117599e-006,-0.874
-6.117349e-006,-0.875667
-6.117099e-006,-0.875667
-6.116849e-006,-0.874
-6.116599e-006,-0.874
-6.116349e-006,-0.875667
-6.116099e-006,-0.875667
-6.115849e-006,-0.874
-6.115599e-006,-0.874
-6.115349e-006,-0.875667
-6.115099e-006,-0.875667
-6.114849e-006,-0.874
-6.114599e-006,-0.874
-6.114349e-006,-0.874
-6.114099e-006,-0.875667
-6.113849e-006,-0.874
-6.113599e-006,-0.874
-6.113349e-006,-0.875667
-6.113099e-006,-0.875667
-6.112849e-006,-0.874
-6.112599e-006,-0.874
-6.112349e-006,-0.875667
-6.112099e-006,-0.875667
-6.111849e-006,-0.874
-6.111599e-006,-0.874
-6.111349e-006,-0.874
-6.111099e-006,-0.875667
-6.110849e-006,-0.874
-6.110599e-006,-0.874
-6.110349e-006,-0.875667
-6.110099e-006,-0.875667
-6.109849e-006,-0.875667
-6.109599e-006,-0.874
-6.109349e-006,-0.875667
-6.109099e-006,-0.875667
-6.108849e-006,-0.875667
-6.108599e-006,-0.874
-6.108349e-006,-0.875667
-6.108099e-006,-0.875667
-6.107849e-006,-0.874
-6.107599e-006,-0.874
-6.107349e-006,-0.875667
-6.107099e-006,-0.875667
-6.106849e-006,-0.874
-6.106599e-006,-0.874
-6.106349e-006,-0.875667
-6.106099e-006,-0.875667
-6.105849e-006,-0.874
-6.105599e-006,-0.874
-6.105349e-006,-0.875667
-6.105099e-006,-0.875667
-6.104849e-006,-0.874
-6.104599e-006,-0.874
-6.104349e-006,-0.875667
-6.104099e-006,-0.875667
-6.103849e-006,-0.874
-6.103599e-006,-0.874
-6.103349e-006,-0.875667
-6.103099e-006,-0.875667
-6.102849e-006,-0.875667
-6.102599e-006,-0.874
-6.102349e-006,-0.875667
-6.102099e-006,-0.875667
-6.101849e-006,-0.875667
-6.101599e-006,-0.874
-6.101349e-006,-0.875667
-6.101099e-006,-0.875667
-6.100849e-006,-0.875667
-6.100599e-006,-0.874
-6.100349e-006,-0.875667
-6.100099e-006,-0.875667
-6.099849e-006,-0.875667
-6.099599e-006,-0.874
-6.099349e-006,-0.874
-6.099099e-006,-0.875667
-6.098849e-006,-0.875667
-6.098599e-006,-0.874
-6.098349e-006,-0.874
-6.098099e-006,-0.875667
-6.097849e-006,-0.875667
-6.097599e-006,-0.874
-6.097349e-006,-0.874
-6.097099e-006,-0.875667
-6.096849e-006,-0.875667
-6.096599e-006,-0.874
-6.096349e-006,-0.874
-6.096099e-006,-0.875667
-6.095849e-006,-0.875667
-6.095599e-006,-0.874
-6.095349e-006,-0.875667
-6.095099e-006,-0.875667
-6.094849e-006,-0.875667
-6.094599e-006,-0.874
-6.094349e-006,-0.875667
-6.094099e-006,-0.875667
-6.093849e-006,-0.875667
-6.093599e-006,-0.874
-6.093349e-006,-0.875667
-6.093099e-006,-0.875667
-6.092849e-006,-0.875667
-6.092599e-006,-0.874
-6.092349e-006,-0.875667
-6.092099e-006,-0.875667
-6.091849e-006,-0.875667
-6.091599e-006,-0.874
-6.091349e-006,-0.875667
-6.091099e-006,-0.875667
-6.090849e-006,-0.875667
-6.090599e-006,-0.874
-6.090349e-006,-0.875667
-6.090099e-006,-0.875667
-6.089849e-006,-0.874
-6.089599e-006,-0.874
-6.089349e-006,-0.875667
-6.089099e-006,-0.875667
-6.088849e-006,-0.874
-6.088599e-006,-0.874
-6.088349e-006,-0.874
-6.088099e-006,-0.875667
-6.087849e-006,-0.874
-6.087599e-006,-0.874
-6.087349e-006,-0.874
-6.087099e-006,-0.875667
-6.086849e-006,-0.874
-6.086599e-006,-0.874
-6.086349e-006,-0.874
-6.086099e-006,-0.875667
-6.085849e-006,-0.874
-6.085599e-006,-0.874
-6.085349e-006,-0.875667
-6.085099e-006,-0.875667
-6.084849e-006,-0.874
-6.084599e-006,-0.874
-6.084349e-006,-0.875667
-6.084099e-006,-0.875667
-6.083849e-006,-0.874
-6.083599e-006,-0.874
-6.083349e-006,-0.875667
-6.083099e-006,-0.875667
-6.082849e-006,-0.874
-6.082599e-006,-0.874
-6.082349e-006,-0.874
-6.082099e-006,-0.875667
-6.081849e-006,-0.874
-6.081599e-006,-0.874
-6.081349e-006,-0.874
-6.081099e-006,-0.875667
-6.080849e-006,-0.874
-6.080599e-006,-0.874
-6.080349e-006,-0.875667
-6.080099e-006,-0.875667
-6.079849e-006,-0.874
-6.079599e-006,-0.874
-6.079349e-006,-0.875667
-6.079099e-006,-0.875667
-6.078849e-006,-0.874
-6.078599e-006,-0.874
-6.078349e-006,-0.875667
-6.078099e-006,-0.875667
-6.077849e-006,-0.874
-6.077599e-006,-0.874
-6.077349e-006,-0.875667
-6.077099e-006,-0.875667
-6.076849e-006,-0.874
-6.076599e-006,-0.874
-6.076349e-006,-0.875667
-6.076099e-006,-0.875667
-6.075849e-006,-0.874
-6.075599e-006,-0.874
-6.075349e-006,-0.875667
-6.075099e-006,-0.875667
-6.074849e-006,-0.874
-6.074599e-006,-0.874
-6.074349e-006,-0.875667
-6.074099e-006,-0.875667
-6.073849e-006,-0.874
-6.073599e-006,-0.874
-6.073349e-006,-0.875667
-6.073099e-006,-0.875667
-6.072849e-006,-0.874
-6.072599e-006,-0.874
-6.072349e-006,-0.875667
-6.072099e-006,-0.875667
-6.071849e-006,-0.874
-6.071599e-006,-0.874
-6.071349e-006,-0.875667
-6.071099e-006,-0.875667
-6.070849e-006,-0.874
-6.070599e-006,-0.874
-6.070349e-006,-0.875667
-6.070099e-006,-0.875667
-6.069849e-006,-0.874
-6.069599e-006,-0.874
-6.069349e-006,-0.875667
-6.069099e-006,-0.875667
-6.068849e-006,-0.874
-6.068599e-006,-0.874
-6.068349e-006,-0.874
-6.068099e-006,-0.875667
-6.067849e-006,-0.874
-6.067599e-006,-0.874
-6.067349e-006,-0.874
-6.067099e-006,-0.875667
-6.066849e-006,-0.874
-6.066599e-006,-0.874
-6.066349e-006,-0.874
-6.066099e-006,-0.875667
-6.065849e-006,-0.874
-6.065599e-006,-0.874
-6.065349e-006,-0.874
-6.065099e-006,-0.875667
-6.064849e-006,-0.874
-6.064599e-006,-0.874
-6.064349e-006,-0.874
-6.064099e-006,-0.875667
-6.063849e-006,-0.874
-6.063599e-006,-0.874
-6.063349e-006,-0.874
-6.063099e-006,-0.875667
-6.062849e-006,-0.874
-6.062599e-006,-0.874
-6.062349e-006,-0.874
-6.062099e-006,-0.875667
-6.061849e-006,-0.874
-6.061599e-006,-0.874
-6.061349e-006,-0.874
-6.061099e-006,-0.875667
-6.060849e-006,-0.874
-6.060599e-006,-0.874
-6.060349e-006,-0.874
-6.060099e-006,-0.875667
-6.059849e-006,-0.874
-6.059599e-006,-0.874
-6.059349e-006,-0.874
-6.059099e-006,-0.875667
-6.058849e-006,-0.874
-6.058599e-006,-0.874
-6.058349e-006,-0.874
-6.058099e-006,-0.875667
-6.057849e-006,-0.874
-6.057599e-006,-0.874
-6.057349e-006,-0.874
-6.057099e-006,-0.875667
-6.056849e-006,-0.874
-6.056599e-006,-0.874
-6.056349e-006,-0.874
-6.056099e-006,-0.875667
-6.055849e-006,-0.874
-6.055599e-006,-0.874
-6.055349e-006,-0.874
-6.055099e-006,-0.875667
-6.054849e-006,-0.874
-6.054599e-006,-0.874
-6.054349e-006,-0.874
-6.054099e-006,-0.875667
-6.053849e-006,-0.874
-6.053599e-006,-0.874
-6.053349e-006,-0.874
-6.053099e-006,-0.875667
-6.052849e-006,-0.874
-6.052599e-006,-0.874
-6.052349e-006,-0.875667
-6.052099e-006,-0.875667
-6.051849e-006,-0.874
-6.051599e-006,-0.874
-6.051349e-006,-0.875667
-6.051099e-006,-0.875667
-6.050849e-006,-0.874
-6.050599e-006,-0.874
-6.050349e-006,-0.875667
-6.050099e-006,-0.875667
-6.049849e-006,-0.874
-6.049599e-006,-0.874
-6.049349e-006,-0.875667
-6.049099e-006,-0.875667
-6.048849e-006,-0.874
-6.048599e-006,-0.874
-6.048349e-006,-0.874
-6.048099e-006,-0.875667
-6.047849e-006,-0.874
-6.047599e-006,-0.874
-6.047349e-006,-0.874
-6.047099e-006,-0.875667
-6.046849e-006,-0.874
-6.046599e-006,-0.874
-6.046349e-006,-0.874
-6.046099e-006,-0.875667
-6.045849e-006,-0.874
-6.045599e-006,-0.874
-6.045349e-006,-0.875667
-6.045099e-006,-0.875667
-6.044849e-006,-0.874
-6.044599e-006,-0.874
-6.044349e-006,-0.875667
-6.044099e-006,-0.875667
-6.043849e-006,-0.874
-6.043599e-006,-0.874
-6.043349e-006,-0.875667
-6.043099e-006,-0.875667
-6.042849e-006,-0.874
-6.042599e-006,-0.874
-6.042349e-006,-0.875667
-6.042099e-006,-0.875667
-6.041849e-006,-0.874
-6.041599e-006,-0.874
-6.041349e-006,-0.875667
-6.041099e-006,-0.875667
-6.040849e-006,-0.874
-6.040599e-006,-0.874
-6.040349e-006,-0.875667
-6.040099e-006,-0.875667
-6.039849e-006,-0.874
-6.039599e-006,-0.874
-6.039349e-006,-0.875667
-6.039099e-006,-0.875667
-6.038849e-006,-0.874
-6.038599e-006,-0.874
-6.038349e-006,-0.875667
-6.038099e-006,-0.875667
-6.037849e-006,-0.874
-6.037599e-006,-0.874
-6.037349e-006,-0.874
-6.037099e-006,-0.875667
-6.036849e-006,-0.874
-6.036599e-006,-0.874
-6.036349e-006,-0.874
-6.036099e-006,-0.875667
-6.035849e-006,-0.874
-6.035599e-006,-0.874
-6.035349e-006,-0.874
-6.035099e-006,-0.875667
-6.034849e-006,-0.874
-6.034599e-006,-0.874
-6.034349e-006,-0.875667
-6.034099e-006,-0.875667
-6.033849e-006,-0.874
-6.033599e-006,-0.874
-6.033349e-006,-0.875667
-6.033099e-006,-0.875667
-6.032849e-006,-0.874
-6.032599e-006,-0.874
-6.032349e-006,-0.875667
-6.032099e-006,-0.875667
-6.031849e-006,-0.874
-6.031599e-006,-0.874
-6.031349e-006,-0.875667
-6.031099e-006,-0.875667
-6.030849e-006,-0.874
-6.030599e-006,-0.874
-6.030349e-006,-0.875667
-6.030099e-006,-0.875667
-6.029849e-006,-0.874
-6.029599e-006,-0.874
-6.029349e-006,-0.875667
-6.029099e-006,-0.875667
-6.028849e-006,-0.874
-6.028599e-006,-0.874
-6.028349e-006,-0.875667
-6.028099e-006,-0.875667
-6.027849e-006,-0.874
-6.027599e-006,-0.874
-6.027349e-006,-0.875667
-6.027099e-006,-0.875667
-6.026849e-006,-0.874
-6.026599e-006,-0.874
-6.026349e-006,-0.875667
-6.026099e-006,-0.875667
-6.025849e-006,-0.874
-6.025599e-006,-0.874
-6.025349e-006,-0.875667
-6.025099e-006,-0.875667
-6.024849e-006,-0.874
-6.024599e-006,-0.874
-6.024349e-006,-0.875667
-6.024099e-006,-0.875667
-6.023849e-006,-0.874
-6.023599e-006,-0.874
-6.023349e-006,-0.874
-6.023099e-006,-0.875667
-6.022849e-006,-0.874
-6.022599e-006,-0.874
-6.022349e-006,-0.875667
-6.022099e-006,-0.875667
-6.021849e-006,-0.874
-6.021599e-006,-0.874
-6.021349e-006,-0.875667
-6.021099e-006,-0.875667
-6.020849e-006,-0.874
-6.020599e-006,-0.874
-6.020349e-006,-0.875667
-6.020099e-006,-0.875667
-6.019849e-006,-0.874
-6.019599e-006,-0.874
-6.019349e-006,-0.875667
-6.019099e-006,-0.875667
-6.018849e-006,-0.874
-6.018599e-006,-0.874
-6.018349e-006,-0.875667
-6.018099e-006,-0.875667
-6.017849e-006,-0.874
-6.017599e-006,-0.874
-6.017349e-006,-0.875667
-6.017099e-006,-0.875667
-6.016849e-006,-0.874
-6.016599e-006,-0.874
-6.016349e-006,-0.875667
-6.016099e-006,-0.875667
-6.015849e-006,-0.874
-6.015599e-006,-0.874
-6.015349e-006,-0.875667
-6.015099e-006,-0.875667
-6.014849e-006,-0.874
-6.014599e-006,-0.874
-6.014349e-006,-0.874
-6.014099e-006,-0.875667
-6.013849e-006,-0.874
-6.013599e-006,-0.874
-6.013349e-006,-0.874
-6.013099e-006,-0.875667
-6.012849e-006,-0.874
-6.012599e-006,-0.874
-6.012349e-006,-0.874
-6.012099e-006,-0.875667
-6.011849e-006,-0.874
-6.011599e-006,-0.874
-6.011349e-006,-0.875667
-6.011099e-006,-0.875667
-6.010849e-006,-0.874
-6.010599e-006,-0.874
-6.010349e-006,-0.875667
-6.010099e-006,-0.875667
-6.009849e-006,-0.874
-6.009599e-006,-0.874
-6.009349e-006,-0.875667
-6.009099e-006,-0.875667
-6.008849e-006,-0.874
-6.008599e-006,-0.874
-6.008349e-006,-0.874
-6.008099e-006,-0.875667
-6.007849e-006,-0.874
-6.007599e-006,-0.874
-6.007349e-006,-0.875667
-6.007099e-006,-0.875667
-6.006849e-006,-0.874
-6.006599e-006,-0.874
-6.006349e-006,-0.875667
-6.006099e-006,-0.875667
-6.005849e-006,-0.874
-6.005599e-006,-0.874
-6.005349e-006,-0.875667
-6.005099e-006,-0.875667
-6.004849e-006,-0.874
-6.004599e-006,-0.874
-6.004349e-006,-0.875667
-6.004099e-006,-0.875667
-6.003849e-006,-0.874
-6.003599e-006,-0.874
-6.003349e-006,-0.875667
-6.003099e-006,-0.875667
-6.002849e-006,-0.874
-6.002599e-006,-0.874
-6.002349e-006,-0.875667
-6.002099e-006,-0.875667
-6.001849e-006,-0.874
-6.001599e-006,-0.874
-6.001349e-006,-0.875667
-6.001099e-006,-0.875667
-6.000849e-006,-0.874
-6.000599e-006,-0.874
-6.000349e-006,-0.875667
-6.000099e-006,-0.875667
-5.999849e-006,-0.874
-5.999599e-006,-0.874
-5.999349e-006,-0.875667
-5.999099e-006,-0.875667
-5.998849e-006,-0.874
-5.998599e-006,-0.874
-5.998349e-006,-0.875667
-5.998099e-006,-0.875667
-5.997849e-006,-0.874
-5.997599e-006,-0.874
-5.997349e-006,-0.875667
-5.997099e-006,-0.875667
-5.996849e-006,-0.874
-5.996599e-006,-0.874
-5.996349e-006,-0.875667
-5.996099e-006,-0.875667
-5.995849e-006,-0.874
-5.995599e-006,-0.874
-5.995349e-006,-0.875667
-5.995099e-006,-0.875667
-5.994849e-006,-0.874
-5.994599e-006,-0.874
-5.994349e-006,-0.875667
-5.994099e-006,-0.875667
-5.993849e-006,-0.874
-5.993599e-006,-0.874
-5.993349e-006,-0.875667
-5.993099e-006,-0.875667
-5.992849e-006,-0.874
-5.992599e-006,-0.874
-5.992349e-006,-0.875667
-5.992099e-006,-0.875667
-5.991849e-006,-0.874
-5.991599e-006,-0.874
-5.991349e-006,-0.875667
-5.991099e-006,-0.875667
-5.990849e-006,-0.874
-5.990599e-006,-0.874
-5.990349e-006,-0.875667
-5.990099e-006,-0.875667
-5.989849e-006,-0.874
-5.989599e-006,-0.874
-5.989349e-006,-0.875667
-5.989099e-006,-0.875667
-5.988849e-006,-0.874
-5.988599e-006,-0.874
-5.988349e-006,-0.875667
-5.988099e-006,-0.875667
-5.987849e-006,-0.874
-5.987599e-006,-0.874
-5.987349e-006,-0.875667
-5.987099e-006,-0.875667
-5.986849e-006,-0.874
-5.986599e-006,-0.874
-5.986349e-006,-0.875667
-5.986099e-006,-0.875667
-5.985849e-006,-0.874
-5.985599e-006,-0.874
-5.985349e-006,-0.875667
-5.985099e-006,-0.875667
-5.984849e-006,-0.874
-5.984599e-006,-0.874
-5.984349e-006,-0.875667
-5.984099e-006,-0.875667
-5.983849e-006,-0.874
-5.983599e-006,-0.874
-5.983349e-006,-0.875667
-5.983099e-006,-0.875667
-5.982849e-006,-0.874
-5.982599e-006,-0.874
-5.982349e-006,-0.875667
-5.982099e-006,-0.875667
-5.981849e-006,-0.874
-5.981599e-006,-0.874
-5.981349e-006,-0.875667
-5.981099e-006,-0.875667
-5.980849e-006,-0.875667
-5.980599e-006,-0.874
-5.980349e-006,-0.875667
-5.980099e-006,-0.875667
-5.979849e-006,-0.874
-5.979599e-006,-0.874
-5.979349e-006,-0.875667
-5.979099e-006,-0.875667
-5.978849e-006,-0.874
-5.978599e-006,-0.874
-5.978349e-006,-0.874
-5.978099e-006,-0.874
-5.977849e-006,-0.874
-5.977599e-006,-0.874
-5.977349e-006,-0.874
-5.977099e-006,-0.875667
-5.976849e-006,-0.874
-5.976599e-006,-0.874
-5.976349e-006,-0.874
-5.976099e-006,-0.875667
-5.975849e-006,-0.874
-5.975599e-006,-0.874
-5.975349e-006,-0.875667
-5.975099e-006,-0.875667
-5.974849e-006,-0.874
-5.974599e-006,-0.874
-5.974349e-006,-0.875667
-5.974099e-006,-0.875667
-5.973849e-006,-0.874
-5.973599e-006,-0.874
-5.973349e-006,-0.875667
-5.973099e-006,-0.875667
-5.972849e-006,-0.875667
-5.972599e-006,-0.874
-5.972349e-006,-0.875667
-5.972099e-006,-0.874
-5.971849e-006,-0.874
-5.971599e-006,-0.874
-5.971349e-006,-0.875667
-5.971099e-006,-0.875667
-5.970849e-006,-0.874
-5.970599e-006,-0.874
-5.970349e-006,-0.875667
-5.970099e-006,-0.875667
-5.969849e-006,-0.874
-5.969599e-006,-0.874
-5.969349e-006,-0.875667
-5.969099e-006,-0.875667
-5.968849e-006,-0.874
-5.968599e-006,-0.874
-5.968349e-006,-0.875667
-5.968099e-006,-0.875667
-5.967849e-006,-0.874
-5.967599e-006,-0.874
-5.967349e-006,-0.875667
-5.967099e-006,-0.875667
-5.966849e-006,-0.874
-5.966599e-006,-0.874
-5.966349e-006,-0.875667
-5.966099e-006,-0.875667
-5.965849e-006,-0.874
-5.965599e-006,-0.874
-5.965349e-006,-0.875667
-5.965099e-006,-0.875667
-5.964849e-006,-0.874
-5.964599e-006,-0.874
-5.964349e-006,-0.875667
-5.964099e-006,-0.875667
-5.963849e-006,-0.874
-5.963599e-006,-0.874
-5.963349e-006,-0.875667
-5.963099e-006,-0.875667
-5.962849e-006,-0.874
-5.962599e-006,-0.874
-5.962349e-006,-0.875667
-5.962099e-006,-0.875667
-5.961849e-006,-0.874
-5.961599e-006,-0.874
-5.961349e-006,-0.874
-5.961099e-006,-0.875667
-5.960849e-006,-0.874
-5.960599e-006,-0.874
-5.960349e-006,-0.874
-5.960099e-006,-0.875667
-5.959849e-006,-0.874
-5.959599e-006,-0.874
-5.959349e-006,-0.874
-5.959099e-006,-0.875667
-5.958849e-006,-0.874
-5.958599e-006,-0.874
-5.958349e-006,-0.874
-5.958099e-006,-0.875667
-5.957849e-006,-0.874
-5.957599e-006,-0.874
-5.957349e-006,-0.874
-5.957099e-006,-0.874
-5.956849e-006,-0.874
-5.956599e-006,-0.874
-5.956349e-006,-0.874
-5.956099e-006,-0.875667
-5.955849e-006,-0.874
-5.955599e-006,-0.874
-5.955349e-006,-0.874
-5.955099e-006,-0.875667
-5.954849e-006,-0.874
-5.954599e-006,-0.874
-5.954349e-006,-0.874
-5.954099e-006,-0.875667
-5.953849e-006,-0.874
-5.953599e-006,-0.874
-5.953349e-006,-0.874
-5.953099e-006,-0.875667
-5.952849e-006,-0.874
-5.952599e-006,-0.874
-5.952349e-006,-0.875667
-5.952099e-006,-0.875667
-5.951849e-006,-0.874
-5.951599e-006,-0.874
-5.951349e-006,-0.875667
-5.951099e-006,-0.875667
-5.950849e-006,-0.874
-5.950599e-006,-0.874
-5.950349e-006,-0.875667
-5.950099e-006,-0.875667
-5.949849e-006,-0.874
-5.949599e-006,-0.874
-5.949349e-006,-0.874
-5.949099e-006,-0.874
-5.948849e-006,-0.874
-5.948599e-006,-0.874
-5.948349e-006,-0.874
-5.948099e-006,-0.875667
-5.947849e-006,-0.874
-5.947599e-006,-0.874
-5.947349e-006,-0.874
-5.947099e-006,-0.875667
-5.946849e-006,-0.874
-5.946599e-006,-0.874
-5.946349e-006,-0.874
-5.946099e-006,-0.875667
-5.945849e-006,-0.874
-5.945599e-006,-0.874
-5.945349e-006,-0.874
-5.945099e-006,-0.874
-5.944849e-006,-0.874
-5.944599e-006,-0.874
-5.944349e-006,-0.874
-5.944099e-006,-0.874
-5.943849e-006,-0.874
-5.943599e-006,-0.874
-5.943349e-006,-0.874
-5.943099e-006,-0.874
-5.942849e-006,-0.874
-5.942599e-006,-0.874
-5.942349e-006,-0.874
-5.942099e-006,-0.875667
-5.941849e-006,-0.874
-5.941599e-006,-0.874
-5.941349e-006,-0.874
-5.941099e-006,-0.875667
-5.940849e-006,-0.874
-5.940599e-006,-0.874
-5.940349e-006,-0.874
-5.940099e-006,-0.875667
-5.939849e-006,-0.874
-5.939599e-006,-0.874
-5.939349e-006,-0.875667
-5.939099e-006,-0.875667
-5.938849e-006,-0.874
-5.938599e-006,-0.874
-5.938349e-006,-0.875667
-5.938099e-006,-0.875667
-5.937849e-006,-0.874
-5.937599e-006,-0.874
-5.937349e-006,-0.875667
-5.937099e-006,-0.875667
-5.936849e-006,-0.874
-5.936599e-006,-0.874
-5.936349e-006,-0.875667
-5.936099e-006,-0.875667
-5.935849e-006,-0.875667
-5.935599e-006,-0.874
-5.935349e-006,-0.875667
-5.935099e-006,-0.875667
-5.934849e-006,-0.875667
-5.934599e-006,-0.874
-5.934349e-006,-0.875667
-5.934099e-006,-0.875667
-5.933849e-006,-0.874
-5.933599e-006,-0.874
-5.933349e-006,-0.874
-5.933099e-006,-0.875667
-5.932849e-006,-0.874
-5.932599e-006,-0.874
-5.932349e-006,-0.874
-5.932099e-006,-0.875667
-5.931849e-006,-0.874
-5.931599e-006,-0.874
-5.931349e-006,-0.875667
-5.931099e-006,-0.875667
-5.930849e-006,-0.874
-5.930599e-006,-0.874
-5.930349e-006,-0.875667
-5.930099e-006,-0.875667
-5.929849e-006,-0.874
-5.929599e-006,-0.874
-5.929349e-006,-0.875667
-5.929099e-006,-0.875667
-5.928849e-006,-0.874
-5.928599e-006,-0.874
-5.928349e-006,-0.875667
-5.928099e-006,-0.875667
-5.927849e-006,-0.874
-5.927599e-006,-0.874
-5.927349e-006,-0.875667
-5.927099e-006,-0.875667
-5.926849e-006,-0.874
-5.926599e-006,-0.874
-5.926349e-006,-0.875667
-5.926099e-006,-0.875667
-5.925849e-006,-0.874
-5.925599e-006,-0.874
-5.925349e-006,-0.875667
-5.925099e-006,-0.875667
-5.924849e-006,-0.874
-5.924599e-006,-0.874
-5.924349e-006,-0.875667
-5.924099e-006,-0.875667
-5.923849e-006,-0.874
-5.923599e-006,-0.874
-5.923349e-006,-0.875667
-5.923099e-006,-0.875667
-5.922849e-006,-0.874
-5.922599e-006,-0.874
-5.922349e-006,-0.875667
-5.922099e-006,-0.875667
-5.921849e-006,-0.874
-5.921599e-006,-0.874
-5.921349e-006,-0.874
-5.921099e-006,-0.875667
-5.920849e-006,-0.874
-5.920599e-006,-0.874
-5.920349e-006,-0.874
-5.920099e-006,-0.875667
-5.919849e-006,-0.874
-5.919599e-006,-0.874
-5.919349e-006,-0.874
-5.919099e-006,-0.875667
-5.918849e-006,-0.874
-5.918599e-006,-0.874
-5.918349e-006,-0.875667
-5.918099e-006,-0.875667
-5.917849e-006,-0.874
-5.917599e-006,-0.874
-5.917349e-006,-0.875667
-5.917099e-006,-0.875667
-5.916849e-006,-0.874
-5.916599e-006,-0.874
-5.916349e-006,-0.875667
-5.916099e-006,-0.875667
-5.915849e-006,-0.874
-5.915599e-006,-0.874
-5.915349e-006,-0.875667
-5.915099e-006,-0.875667
-5.914849e-006,-0.874
-5.914599e-006,-0.874
-5.914349e-006,-0.875667
-5.914099e-006,-0.875667
-5.913849e-006,-0.874
-5.913599e-006,-0.874
-5.913349e-006,-0.875667
-5.913099e-006,-0.875667
-5.912849e-006,-0.874
-5.912599e-006,-0.874
-5.912349e-006,-0.875667
-5.912099e-006,-0.875667
-5.911849e-006,-0.874
-5.911599e-006,-0.874
-5.911349e-006,-0.874
-5.911099e-006,-0.875667
-5.910849e-006,-0.874
-5.910599e-006,-0.874
-5.910349e-006,-0.874
-5.910099e-006,-0.875667
-5.909849e-006,-0.874
-5.909599e-006,-0.874
-5.909349e-006,-0.874
-5.909099e-006,-0.875667
-5.908849e-006,-0.874
-5.908599e-006,-0.874
-5.908349e-006,-0.874
-5.908099e-006,-0.875667
-5.907849e-006,-0.874
-5.907599e-006,-0.874
-5.907349e-006,-0.874
-5.907099e-006,-0.875667
-5.906849e-006,-0.874
-5.906599e-006,-0.874
-5.906349e-006,-0.874
-5.906099e-006,-0.874
-5.905849e-006,-0.874
-5.905599e-006,-0.874
-5.905349e-006,-0.875667
-5.905099e-006,-0.874
-5.904849e-006,-0.874
-5.904599e-006,-0.874
-5.904349e-006,-0.875667
-5.904099e-006,-0.875667
-5.903849e-006,-0.874
-5.903599e-006,-0.874
-5.903349e-006,-0.875667
-5.903099e-006,-0.875667
-5.902849e-006,-0.874
-5.902599e-006,-0.874
-5.902349e-006,-0.875667
-5.902099e-006,-0.875667
-5.901849e-006,-0.874
-5.901599e-006,-0.874
-5.901349e-006,-0.875667
-5.901099e-006,-0.875667
-5.900849e-006,-0.874
-5.900599e-006,-0.874
-5.900349e-006,-0.875667
-5.900099e-006,-0.875667
-5.899849e-006,-0.874
-5.899599e-006,-0.874
-5.899349e-006,-0.875667
-5.899099e-006,-0.875667
-5.898849e-006,-0.874
-5.898599e-006,-0.874
-5.898349e-006,-0.875667
-5.898099e-006,-0.875667
-5.897849e-006,-0.874
-5.897599e-006,-0.874
-5.897349e-006,-0.874
-5.897099e-006,-0.875667
-5.896849e-006,-0.874
-5.896599e-006,-0.874
-5.896349e-006,-0.875667
-5.896099e-006,-0.875667
-5.895849e-006,-0.874
-5.895599e-006,-0.874
-5.895349e-006,-0.875667
-5.895099e-006,-0.875667
-5.894849e-006,-0.874
-5.894599e-006,-0.874
-5.894349e-006,-0.875667
-5.894099e-006,-0.875667
-5.893849e-006,-0.874
-5.893599e-006,-0.874
-5.893349e-006,-0.875667
-5.893099e-006,-0.875667
-5.892849e-006,-0.874
-5.892599e-006,-0.874
-5.892349e-006,-0.875667
-5.892099e-006,-0.875667
-5.891849e-006,-0.874
-5.891599e-006,-0.874
-5.891349e-006,-0.875667
-5.891099e-006,-0.875667
-5.890849e-006,-0.874
-5.890599e-006,-0.874
-5.890349e-006,-0.874
-5.890099e-006,-0.875667
-5.889849e-006,-0.874
-5.889599e-006,-0.874
-5.889349e-006,-0.874
-5.889099e-006,-0.875667
-5.888849e-006,-0.874
-5.888599e-006,-0.874
-5.888349e-006,-0.875667
-5.888099e-006,-0.875667
-5.887849e-006,-0.874
-5.887599e-006,-0.874
-5.887349e-006,-0.875667
-5.887099e-006,-0.875667
-5.886849e-006,-0.874
-5.886599e-006,-0.874
-5.886349e-006,-0.875667
-5.886099e-006,-0.875667
-5.885849e-006,-0.874
-5.885599e-006,-0.874
-5.885349e-006,-0.875667
-5.885099e-006,-0.875667
-5.884849e-006,-0.874
-5.884599e-006,-0.874
-5.884349e-006,-0.875667
-5.884099e-006,-0.875667
-5.883849e-006,-0.874
-5.883599e-006,-0.874
-5.883349e-006,-0.875667
-5.883099e-006,-0.875667
-5.882849e-006,-0.874
-5.882599e-006,-0.874
-5.882349e-006,-0.875667
-5.882099e-006,-0.875667
-5.881849e-006,-0.874
-5.881599e-006,-0.874
-5.881349e-006,-0.874
-5.881099e-006,-0.875667
-5.880849e-006,-0.874
-5.880599e-006,-0.874
-5.880349e-006,-0.874
-5.880099e-006,-0.875667
-5.879849e-006,-0.874
-5.879599e-006,-0.874
-5.879349e-006,-0.875667
-5.879099e-006,-0.875667
-5.878849e-006,-0.874
-5.878599e-006,-0.874
-5.878349e-006,-0.875667
-5.878099e-006,-0.875667
-5.877849e-006,-0.874
-5.877599e-006,-0.874
-5.877349e-006,-0.875667
-5.877099e-006,-0.875667
-5.876849e-006,-0.874
-5.876599e-006,-0.874
-5.876349e-006,-0.875667
-5.876099e-006,-0.875667
-5.875849e-006,-0.874
-5.875599e-006,-0.874
-5.875349e-006,-0.875667
-5.875099e-006,-0.875667
-5.874849e-006,-0.874
-5.874599e-006,-0.874
-5.874349e-006,-0.875667
-5.874099e-006,-0.875667
-5.873849e-006,-0.874
-5.873599e-006,-0.874
-5.873349e-006,-0.875667
-5.873099e-006,-0.875667
-5.872849e-006,-0.874
-5.872599e-006,-0.874
-5.872349e-006,-0.875667
-5.872099e-006,-0.875667
-5.871849e-006,-0.874
-5.871599e-006,-0.874
-5.871349e-006,-0.875667
-5.871099e-006,-0.875667
-5.870849e-006,-0.874
-5.870599e-006,-0.874
-5.870349e-006,-0.875667
-5.870099e-006,-0.875667
-5.869849e-006,-0.874
-5.869599e-006,-0.874
-5.869349e-006,-0.875667
-5.869099e-006,-0.875667
-5.868849e-006,-0.874
-5.868599e-006,-0.874
-5.868349e-006,-0.875667
-5.868099e-006,-0.875667
-5.867849e-006,-0.875667
-5.867599e-006,-0.874
-5.867349e-006,-0.875667
-5.867099e-006,-0.875667
-5.866849e-006,-0.875667
-5.866599e-006,-0.874
-5.866349e-006,-0.875667
-5.866099e-006,-0.875667
-5.865849e-006,-0.875667
-5.865599e-006,-0.874
-5.865349e-006,-0.875667
-5.865099e-006,-0.875667
-5.864849e-006,-0.875667
-5.864599e-006,-0.874
-5.864349e-006,-0.875667
-5.864099e-006,-0.875667
-5.863849e-006,-0.874
-5.863599e-006,-0.874
-5.863349e-006,-0.875667
-5.863099e-006,-0.875667
-5.862849e-006,-0.874
-5.862599e-006,-0.874
-5.862349e-006,-0.874
-5.862099e-006,-0.875667
-5.861849e-006,-0.874
-5.861599e-006,-0.874
-5.861349e-006,-0.875667
-5.861099e-006,-0.875667
-5.860849e-006,-0.874
-5.860599e-006,-0.874
-5.860349e-006,-0.874
-5.860099e-006,-0.875667
-5.859849e-006,-0.874
-5.859599e-006,-0.874
-5.859349e-006,-0.874
-5.859099e-006,-0.874
-5.858849e-006,-0.874
-5.858599e-006,-0.874
-5.858349e-006,-0.874
-5.858099e-006,-0.875667
-5.857849e-006,-0.874
-5.857599e-006,-0.874
-5.857349e-006,-0.874
-5.857099e-006,-0.875667
-5.856849e-006,-0.874
-5.856599e-006,-0.874
-5.856349e-006,-0.874
-5.856099e-006,-0.875667
-5.855849e-006,-0.874
-5.855599e-006,-0.874
-5.855349e-006,-0.874
-5.855099e-006,-0.875667
-5.854849e-006,-0.874
-5.854599e-006,-0.874
-5.854349e-006,-0.874
-5.854099e-006,-0.875667
-5.853849e-006,-0.874
-5.853599e-006,-0.874
-5.853349e-006,-0.875667
-5.853099e-006,-0.875667
-5.852849e-006,-0.874
-5.852599e-006,-0.874
-5.852349e-006,-0.875667
-5.852099e-006,-0.875667
-5.851849e-006,-0.874
-5.851599e-006,-0.874
-5.851349e-006,-0.875667
-5.851099e-006,-0.875667
-5.850849e-006,-0.874
-5.850599e-006,-0.874
-5.850349e-006,-0.875667
-5.850099e-006,-0.875667
-5.849849e-006,-0.874
-5.849599e-006,-0.874
-5.849349e-006,-0.875667
-5.849099e-006,-0.875667
-5.848849e-006,-0.874
-5.848599e-006,-0.874
-5.848349e-006,-0.875667
-5.848099e-006,-0.875667
-5.847849e-006,-0.874
-5.847599e-006,-0.874
-5.847349e-006,-0.875667
-5.847099e-006,-0.875667
-5.846849e-006,-0.874
-5.846599e-006,-0.874
-5.846349e-006,-0.875667
-5.846099e-006,-0.875667
-5.845849e-006,-0.874
-5.845599e-006,-0.874
-5.845349e-006,-0.875667
-5.845099e-006,-0.875667
-5.844849e-006,-0.874
-5.844599e-006,-0.874
-5.844349e-006,-0.875667
-5.844099e-006,-0.875667
-5.843849e-006,-0.874
-5.843599e-006,-0.874
-5.843349e-006,-0.875667
-5.843099e-006,-0.875667
-5.842849e-006,-0.874
-5.842599e-006,-0.874
-5.842349e-006,-0.875667
-5.842099e-006,-0.875667
-5.841849e-006,-0.874
-5.841599e-006,-0.874
-5.841349e-006,-0.875667
-5.841099e-006,-0.875667
-5.840849e-006,-0.874
-5.840599e-006,-0.874
-5.840349e-006,-0.875667
-5.840099e-006,-0.875667
-5.839849e-006,-0.874
-5.839599e-006,-0.874
-5.839349e-006,-0.875667
-5.839099e-006,-0.875667
-5.838849e-006,-0.874
-5.838599e-006,-0.874
-5.838349e-006,-0.874
-5.838099e-006,-0.875667
-5.837849e-006,-0.874
-5.837599e-006,-0.874
-5.837349e-006,-0.874
-5.837099e-006,-0.875667
-5.836849e-006,-0.874
-5.836599e-006,-0.874
-5.836349e-006,-0.875667
-5.836099e-006,-0.875667
-5.835849e-006,-0.874
-5.835599e-006,-0.874
-5.835349e-006,-0.874
-5.835099e-006,-0.875667
-5.834849e-006,-0.874
-5.834599e-006,-0.874
-5.834349e-006,-0.875667
-5.834099e-006,-0.875667
-5.833849e-006,-0.874
-5.833599e-006,-0.874
-5.833349e-006,-0.875667
-5.833099e-006,-0.875667
-5.832849e-006,-0.874
-5.832599e-006,-0.874
-5.832349e-006,-0.875667
-5.832099e-006,-0.875667
-5.831849e-006,-0.874
-5.831599e-006,-0.874
-5.831349e-006,-0.875667
-5.831099e-006,-0.875667
-5.830849e-006,-0.874
-5.830599e-006,-0.874
-5.830349e-006,-0.875667
-5.830099e-006,-0.875667
-5.829849e-006,-0.874
-5.829599e-006,-0.874
-5.829349e-006,-0.875667
-5.829099e-006,-0.875667
-5.828849e-006,-0.874
-5.828599e-006,-0.874
-5.828349e-006,-0.875667
-5.828099e-006,-0.875667
-5.827849e-006,-0.874
-5.827599e-006,-0.874
-5.827349e-006,-0.875667
-5.827099e-006,-0.875667
-5.826849e-006,-0.874
-5.826599e-006,-0.874
-5.826349e-006,-0.875667
-5.826099e-006,-0.875667
-5.825849e-006,-0.874
-5.825599e-006,-0.874
-5.825349e-006,-0.875667
-5.825099e-006,-0.875667
-5.824849e-006,-0.874
-5.824599e-006,-0.874
-5.824349e-006,-0.875667
-5.824099e-006,-0.875667
-5.823849e-006,-0.874
-5.823599e-006,-0.874
-5.823349e-006,-0.875667
-5.823099e-006,-0.875667
-5.822849e-006,-0.874
-5.822599e-006,-0.874
-5.822349e-006,-0.875667
-5.822099e-006,-0.875667
-5.821849e-006,-0.874
-5.821599e-006,-0.874
-5.821349e-006,-0.875667
-5.821099e-006,-0.875667
-5.820849e-006,-0.874
-5.820599e-006,-0.874
-5.820349e-006,-0.875667
-5.820099e-006,-0.875667
-5.819849e-006,-0.874
-5.819599e-006,-0.874
-5.819349e-006,-0.875667
-5.819099e-006,-0.875667
-5.818849e-006,-0.874
-5.818599e-006,-0.874
-5.818349e-006,-0.875667
-5.818099e-006,-0.875667
-5.817849e-006,-0.874
-5.817599e-006,-0.874
-5.817349e-006,-0.875667
-5.817099e-006,-0.875667
-5.816849e-006,-0.874
-5.816599e-006,-0.874
-5.816349e-006,-0.875667
-5.816099e-006,-0.875667
-5.815849e-006,-0.874
-5.815599e-006,-0.874
-5.815349e-006,-0.875667
-5.815099e-006,-0.875667
-5.814849e-006,-0.874
-5.814599e-006,-0.874
-5.814349e-006,-0.875667
-5.814099e-006,-0.875667
-5.813849e-006,-0.874
-5.813599e-006,-0.874
-5.813349e-006,-0.875667
-5.813099e-006,-0.875667
-5.812849e-006,-0.874
-5.812599e-006,-0.874
-5.812349e-006,-0.875667
-5.812099e-006,-0.875667
-5.811849e-006,-0.874
-5.811599e-006,-0.874
-5.811349e-006,-0.875667
-5.811099e-006,-0.875667
-5.810849e-006,-0.874
-5.810599e-006,-0.874
-5.810349e-006,-0.875667
-5.810099e-006,-0.875667
-5.809849e-006,-0.874
-5.809599e-006,-0.874
-5.809349e-006,-0.875667
-5.809099e-006,-0.875667
-5.808849e-006,-0.874
-5.808599e-006,-0.874
-5.808349e-006,-0.875667
-5.808099e-006,-0.875667
-5.807849e-006,-0.874
-5.807599e-006,-0.874
-5.807349e-006,-0.875667
-5.807099e-006,-0.874
-5.806849e-006,-0.874
-5.806599e-006,-0.874
-5.806349e-006,-0.875667
-5.806099e-006,-0.874
-5.805849e-006,-0.874
-5.805599e-006,-0.874
-5.805349e-006,-0.875667
-5.805099e-006,-0.875667
-5.804849e-006,-0.874
-5.804599e-006,-0.874
-5.804349e-006,-0.874
-5.804099e-006,-0.875667
-5.803849e-006,-0.874
-5.803599e-006,-0.874
-5.803349e-006,-0.875667
-5.803099e-006,-0.875667
-5.802849e-006,-0.874
-5.802599e-006,-0.874
-5.802349e-006,-0.875667
-5.802099e-006,-0.875667
-5.801849e-006,-0.874
-5.801599e-006,-0.874
-5.801349e-006,-0.875667
-5.801099e-006,-0.875667
-5.800849e-006,-0.874
-5.800599e-006,-0.874
-5.800349e-006,-0.875667
-5.800099e-006,-0.875667
-5.799849e-006,-0.874
-5.799599e-006,-0.874
-5.799349e-006,-0.875667
-5.799099e-006,-0.875667
-5.798849e-006,-0.874
-5.798599e-006,-0.874
-5.798349e-006,-0.875667
-5.798099e-006,-0.875667
-5.797849e-006,-0.874
-5.797599e-006,-0.874
-5.797349e-006,-0.875667
-5.797099e-006,-0.875667
-5.796849e-006,-0.874
-5.796599e-006,-0.874
-5.796349e-006,-0.875667
-5.796099e-006,-0.875667
-5.795849e-006,-0.874
-5.795599e-006,-0.874
-5.795349e-006,-0.875667
-5.795099e-006,-0.875667
-5.794849e-006,-0.874
-5.794599e-006,-0.874
-5.794349e-006,-0.875667
-5.794099e-006,-0.875667
-5.793849e-006,-0.874
-5.793599e-006,-0.874
-5.793349e-006,-0.875667
-5.793099e-006,-0.875667
-5.792849e-006,-0.874
-5.792599e-006,-0.874
-5.792349e-006,-0.875667
-5.792099e-006,-0.875667
-5.791849e-006,-0.874
-5.791599e-006,-0.874
-5.791349e-006,-0.875667
-5.791099e-006,-0.875667
-5.790849e-006,-0.874
-5.790599e-006,-0.874
-5.790349e-006,-0.875667
-5.790099e-006,-0.875667
-5.789849e-006,-0.874
-5.789599e-006,-0.874
-5.789349e-006,-0.875667
-5.789099e-006,-0.875667
-5.788849e-006,-0.874
-5.788599e-006,-0.874
-5.788349e-006,-0.875667
-5.788099e-006,-0.875667
-5.787849e-006,-0.874
-5.787599e-006,-0.874
-5.787349e-006,-0.874
-5.787099e-006,-0.875667
-5.786849e-006,-0.874
-5.786599e-006,-0.874
-5.786349e-006,-0.874
-5.786099e-006,-0.875667
-5.785849e-006,-0.874
-5.785599e-006,-0.874
-5.785349e-006,-0.874
-5.785099e-006,-0.875667
-5.784849e-006,-0.874
-5.784599e-006,-0.874
-5.784349e-006,-0.874
-5.784099e-006,-0.875667
-5.783849e-006,-0.874
-5.783599e-006,-0.874
-5.783349e-006,-0.874
-5.783099e-006,-0.875667
-5.782849e-006,-0.874
-5.782599e-006,-0.874
-5.782349e-006,-0.874
-5.782099e-006,-0.875667
-5.781849e-006,-0.874
-5.781599e-006,-0.874
-5.781349e-006,-0.874
-5.781099e-006,-0.875667
-5.780849e-006,-0.874
-5.780599e-006,-0.874
-5.780349e-006,-0.874
-5.780099e-006,-0.875667
-5.779849e-006,-0.874
-5.779599e-006,-0.874
-5.779349e-006,-0.874
-5.779099e-006,-0.875667
-5.778849e-006,-0.874
-5.778599e-006,-0.874
-5.778349e-006,-0.874
-5.778099e-006,-0.875667
-5.777849e-006,-0.874
-5.777599e-006,-0.874
-5.777349e-006,-0.874
-5.777099e-006,-0.875667
-5.776849e-006,-0.874
-5.776599e-006,-0.874
-5.776349e-006,-0.875667
-5.776099e-006,-0.875667
-5.775849e-006,-0.874
-5.775599e-006,-0.874
-5.775349e-006,-0.875667
-5.775099e-006,-0.875667
-5.774849e-006,-0.874
-5.774599e-006,-0.874
-5.774349e-006,-0.875667
-5.774099e-006,-0.874
-5.773849e-006,-0.874
-5.773599e-006,-0.874
-5.773349e-006,-0.875667
-5.773099e-006,-0.875667
-5.772849e-006,-0.874
-5.772599e-006,-0.874
-5.772349e-006,-0.874
-5.772099e-006,-0.875667
-5.771849e-006,-0.874
-5.771599e-006,-0.874
-5.771349e-006,-0.875667
-5.771099e-006,-0.875667
-5.770849e-006,-0.874
-5.770599e-006,-0.874
-5.770349e-006,-0.875667
-5.770099e-006,-0.875667
-5.769849e-006,-0.874
-5.769599e-006,-0.874
-5.769349e-006,-0.875667
-5.769099e-006,-0.875667
-5.768849e-006,-0.874
-5.768599e-006,-0.874
-5.768349e-006,-0.875667
-5.768099e-006,-0.875667
-5.767849e-006,-0.874
-5.767599e-006,-0.874
-5.767349e-006,-0.875667
-5.767099e-006,-0.875667
-5.766849e-006,-0.874
-5.766599e-006,-0.874
-5.766349e-006,-0.875667
-5.766099e-006,-0.875667
-5.765849e-006,-0.874
-5.765599e-006,-0.874
-5.765349e-006,-0.874
-5.765099e-006,-0.875667
-5.764849e-006,-0.874
-5.764599e-006,-0.874
-5.764349e-006,-0.874
-5.764099e-006,-0.875667
-5.763849e-006,-0.874
-5.763599e-006,-0.874
-5.763349e-006,-0.874
-5.763099e-006,-0.875667
-5.762849e-006,-0.874
-5.762599e-006,-0.874
-5.762349e-006,-0.875667
-5.762099e-006,-0.875667
-5.761849e-006,-0.874
-5.761599e-006,-0.874
-5.761349e-006,-0.875667
-5.761099e-006,-0.875667
-5.760849e-006,-0.874
-5.760599e-006,-0.874
-5.760349e-006,-0.875667
-5.760099e-006,-0.875667
-5.759849e-006,-0.874
-5.759599e-006,-0.874
-5.759349e-006,-0.875667
-5.759099e-006,-0.875667
-5.758849e-006,-0.874
-5.758599e-006,-0.874
-5.758349e-006,-0.875667
-5.758099e-006,-0.875667
-5.757849e-006,-0.874
-5.757599e-006,-0.874
-5.757349e-006,-0.875667
-5.757099e-006,-0.875667
-5.756849e-006,-0.874
-5.756599e-006,-0.874
-5.756349e-006,-0.875667
-5.756099e-006,-0.875667
-5.755849e-006,-0.874
-5.755599e-006,-0.874
-5.755349e-006,-0.875667
-5.755099e-006,-0.875667
-5.754849e-006,-0.874
-5.754599e-006,-0.874
-5.754349e-006,-0.874
-5.754099e-006,-0.875667
-5.753849e-006,-0.874
-5.753599e-006,-0.874
-5.753349e-006,-0.874
-5.753099e-006,-0.874
-5.752849e-006,-0.874
-5.752599e-006,-0.874
-5.752349e-006,-0.874
-5.752099e-006,-0.874
-5.751849e-006,-0.874
-5.751599e-006,-0.874
-5.751349e-006,-0.874
-5.751099e-006,-0.874
-5.750849e-006,-0.874
-5.750599e-006,-0.874
-5.750349e-006,-0.874
-5.750099e-006,-0.874
-5.749849e-006,-0.874
-5.749599e-006,-0.874
-5.749349e-006,-0.874
-5.749099e-006,-0.874
-5.748849e-006,-0.874
-5.748599e-006,-0.874
-5.748349e-006,-0.874
-5.748099e-006,-0.875667
-5.747849e-006,-0.874
-5.747599e-006,-0.874
-5.747349e-006,-0.875667
-5.747099e-006,-0.875667
-5.746849e-006,-0.874
-5.746599e-006,-0.874
-5.746349e-006,-0.875667
-5.746099e-006,-0.875667
-5.745849e-006,-0.874
-5.745599e-006,-0.874
-5.745349e-006,-0.875667
-5.745099e-006,-0.875667
-5.744849e-006,-0.874
-5.744599e-006,-0.874
-5.744349e-006,-0.874
-5.744099e-006,-0.875667
-5.743849e-006,-0.874
-5.743599e-006,-0.874
-5.743349e-006,-0.874
-5.743099e-006,-0.874
-5.742849e-006,-0.874
-5.742599e-006,-0.874
-5.742349e-006,-0.874
-5.742099e-006,-0.874
-5.741849e-006,-0.874
-5.741599e-006,-0.874
-5.741349e-006,-0.874
-5.741099e-006,-0.874
-5.740849e-006,-0.874
-5.740599e-006,-0.874
-5.740349e-006,-0.874
-5.740099e-006,-0.874
-5.739849e-006,-0.874
-5.739599e-006,-0.874
-5.739349e-006,-0.874
-5.739099e-006,-0.874
-5.738849e-006,-0.874
-5.738599e-006,-0.874
-5.738349e-006,-0.874
-5.738099e-006,-0.874
-5.737849e-006,-0.874
-5.737599e-006,-0.874
-5.737349e-006,-0.874
-5.737099e-006,-0.874
-5.736849e-006,-0.874
-5.736599e-006,-0.874
-5.736349e-006,-0.874
-5.736099e-006,-0.874
-5.735849e-006,-0.874
-5.735599e-006,-0.874
-5.735349e-006,-0.874
-5.735099e-006,-0.874
-5.734849e-006,-0.874
-5.734599e-006,-0.874
-5.734349e-006,-0.874
-5.734099e-006,-0.874
-5.733849e-006,-0.874
-5.733599e-006,-0.874
-5.733349e-006,-0.874
-5.733099e-006,-0.874
-5.732849e-006,-0.874
-5.732599e-006,-0.874
-5.732349e-006,-0.874
-5.732099e-006,-0.874
-5.731849e-006,-0.874
-5.731599e-006,-0.874
-5.731349e-006,-0.874
-5.731099e-006,-0.875667
-5.730849e-006,-0.874
-5.730599e-006,-0.874
-5.730349e-006,-0.874
-5.730099e-006,-0.875667
-5.729849e-006,-0.874
-5.729599e-006,-0.874
-5.729349e-006,-0.875667
-5.729099e-006,-0.875667
-5.728849e-006,-0.874
-5.728599e-006,-0.874
-5.728349e-006,-0.875667
-5.728099e-006,-0.875667
-5.727849e-006,-0.874
-5.727599e-006,-0.874
-5.727349e-006,-0.875667
-5.727099e-006,-0.875667
-5.726849e-006,-0.874
-5.726599e-006,-0.874
-5.726349e-006,-0.875667
-5.726099e-006,-0.875667
-5.725849e-006,-0.874
-5.725599e-006,-0.874
-5.725349e-006,-0.875667
-5.725099e-006,-0.875667
-5.724849e-006,-0.874
-5.724599e-006,-0.874
-5.724349e-006,-0.875667
-5.724099e-006,-0.875667
-5.723849e-006,-0.874
-5.723599e-006,-0.874
-5.723349e-006,-0.875667
-5.723099e-006,-0.875667
-5.722849e-006,-0.874
-5.722599e-006,-0.874
-5.722349e-006,-0.875667
-5.722099e-006,-0.875667
-5.721849e-006,-0.874
-5.721599e-006,-0.874
-5.721349e-006,-0.875667
-5.721099e-006,-0.875667
-5.720849e-006,-0.874
-5.720599e-006,-0.874
-5.720349e-006,-0.874
-5.720099e-006,-0.875667
-5.719849e-006,-0.874
-5.719599e-006,-0.874
-5.719349e-006,-0.874
-5.719099e-006,-0.875667
-5.718849e-006,-0.874
-5.718599e-006,-0.874
-5.718349e-006,-0.874
-5.718099e-006,-0.875667
-5.717849e-006,-0.874
-5.717599e-006,-0.874
-5.717349e-006,-0.874
-5.717099e-006,-0.875667
-5.716849e-006,-0.874
-5.716599e-006,-0.874
-5.716349e-006,-0.874
-5.716099e-006,-0.875667
-5.715849e-006,-0.874
-5.715599e-006,-0.874
-5.715349e-006,-0.874
-5.715099e-006,-0.875667
-5.714849e-006,-0.874
-5.714599e-006,-0.874
-5.714349e-006,-0.874
-5.714099e-006,-0.875667
-5.713849e-006,-0.874
-5.713599e-006,-0.874
-5.713349e-006,-0.874
-5.713099e-006,-0.875667
-5.712849e-006,-0.874
-5.712599e-006,-0.874
-5.712349e-006,-0.875667
-5.712099e-006,-0.875667
-5.711849e-006,-0.874
-5.711599e-006,-0.874
-5.711349e-006,-0.875667
-5.711099e-006,-0.875667
-5.710849e-006,-0.874
-5.710599e-006,-0.874
-5.710349e-006,-0.874
-5.710099e-006,-0.875667
-5.709849e-006,-0.874
-5.709599e-006,-0.874
-5.709349e-006,-0.874
-5.709099e-006,-0.875667
-5.708849e-006,-0.874
-5.708599e-006,-0.874
-5.708349e-006,-0.875667
-5.708099e-006,-0.875667
-5.707849e-006,-0.874
-5.707599e-006,-0.874
-5.707349e-006,-0.875667
-5.707099e-006,-0.875667
-5.706849e-006,-0.874
-5.706599e-006,-0.874
-5.706349e-006,-0.875667
-5.706099e-006,-0.875667
-5.705849e-006,-0.874
-5.705599e-006,-0.874
-5.705349e-006,-0.875667
-5.705099e-006,-0.875667
-5.704849e-006,-0.874
-5.704599e-006,-0.874
-5.704349e-006,-0.875667
-5.704099e-006,-0.875667
-5.703849e-006,-0.874
-5.703599e-006,-0.874
-5.703349e-006,-0.875667
-5.703099e-006,-0.875667
-5.702849e-006,-0.874
-5.702599e-006,-0.874
-5.702349e-006,-0.875667
-5.702099e-006,-0.875667
-5.701849e-006,-0.874
-5.701599e-006,-0.874
-5.701349e-006,-0.874
-5.701099e-006,-0.875667
-5.700849e-006,-0.874
-5.700599e-006,-0.874
-5.700349e-006,-0.874
-5.700099e-006,-0.875667
-5.699849e-006,-0.874
-5.699599e-006,-0.874
-5.699349e-006,-0.874
-5.699099e-006,-0.875667
-5.698849e-006,-0.874
-5.698599e-006,-0.874
-5.698349e-006,-0.875667
-5.698099e-006,-0.875667
-5.697849e-006,-0.874
-5.697599e-006,-0.874
-5.697349e-006,-0.875667
-5.697099e-006,-0.875667
-5.696849e-006,-0.874
-5.696599e-006,-0.874
-5.696349e-006,-0.875667
-5.696099e-006,-0.875667
-5.695849e-006,-0.874
-5.695599e-006,-0.874
-5.695349e-006,-0.875667
-5.695099e-006,-0.875667
-5.694849e-006,-0.874
-5.694599e-006,-0.874
-5.694349e-006,-0.875667
-5.694099e-006,-0.875667
-5.693849e-006,-0.874
-5.693599e-006,-0.874
-5.693349e-006,-0.875667
-5.693099e-006,-0.875667
-5.692849e-006,-0.874
-5.692599e-006,-0.874
-5.692349e-006,-0.875667
-5.692099e-006,-0.875667
-5.691849e-006,-0.875667
-5.691599e-006,-0.874
-5.691349e-006,-0.875667
-5.691099e-006,-0.875667
-5.690849e-006,-0.874
-5.690599e-006,-0.874
-5.690349e-006,-0.875667
-5.690099e-006,-0.875667
-5.689849e-006,-0.874
-5.689599e-006,-0.874
-5.689349e-006,-0.875667
-5.689099e-006,-0.875667
-5.688849e-006,-0.874
-5.688599e-006,-0.874
-5.688349e-006,-0.875667
-5.688099e-006,-0.875667
-5.687849e-006,-0.874
-5.687599e-006,-0.874
-5.687349e-006,-0.875667
-5.687099e-006,-0.875667
-5.686849e-006,-0.874
-5.686599e-006,-0.874
-5.686349e-006,-0.875667
-5.686099e-006,-0.875667
-5.685849e-006,-0.874
-5.685599e-006,-0.874
-5.685349e-006,-0.875667
-5.685099e-006,-0.875667
-5.684849e-006,-0.874
-5.684599e-006,-0.874
-5.684349e-006,-0.875667
-5.684099e-006,-0.875667
-5.683849e-006,-0.874
-5.683599e-006,-0.874
-5.683349e-006,-0.875667
-5.683099e-006,-0.875667
-5.682849e-006,-0.874
-5.682599e-006,-0.874
-5.682349e-006,-0.875667
-5.682099e-006,-0.875667
-5.681849e-006,-0.874
-5.681599e-006,-0.874
-5.681349e-006,-0.875667
-5.681099e-006,-0.875667
-5.680849e-006,-0.874
-5.680599e-006,-0.874
-5.680349e-006,-0.875667
-5.680099e-006,-0.875667
-5.679849e-006,-0.874
-5.679599e-006,-0.874
-5.679349e-006,-0.875667
-5.679099e-006,-0.875667
-5.678849e-006,-0.874
-5.678599e-006,-0.874
-5.678349e-006,-0.875667
-5.678099e-006,-0.875667
-5.677849e-006,-0.874
-5.677599e-006,-0.874
-5.677349e-006,-0.875667
-5.677099e-006,-0.875667
-5.676849e-006,-0.874
-5.676599e-006,-0.874
-5.676349e-006,-0.874
-5.676099e-006,-0.875667
-5.675849e-006,-0.874
-5.675599e-006,-0.874
-5.675349e-006,-0.874
-5.675099e-006,-0.875667
-5.674849e-006,-0.874
-5.674599e-006,-0.874
-5.674349e-006,-0.874
-5.674099e-006,-0.875667
-5.673849e-006,-0.874
-5.673599e-006,-0.874
-5.673349e-006,-0.874
-5.673099e-006,-0.875667
-5.672849e-006,-0.874
-5.672599e-006,-0.874
-5.672349e-006,-0.875667
-5.672099e-006,-0.875667
-5.671849e-006,-0.874
-5.671599e-006,-0.874
-5.671349e-006,-0.875667
-5.671099e-006,-0.875667
-5.670849e-006,-0.874
-5.670599e-006,-0.874
-5.670349e-006,-0.875667
-5.670099e-006,-0.875667
-5.669849e-006,-0.874
-5.669599e-006,-0.874
-5.669349e-006,-0.875667
-5.669099e-006,-0.875667
-5.668849e-006,-0.874
-5.668599e-006,-0.874
-5.668349e-006,-0.875667
-5.668099e-006,-0.875667
-5.667849e-006,-0.874
-5.667599e-006,-0.874
-5.667349e-006,-0.875667
-5.667099e-006,-0.875667
-5.666849e-006,-0.874
-5.666599e-006,-0.874
-5.666349e-006,-0.875667
-5.666099e-006,-0.875667
-5.665849e-006,-0.874
-5.665599e-006,-0.874
-5.665349e-006,-0.875667
-5.665099e-006,-0.875667
-5.664849e-006,-0.874
-5.664599e-006,-0.874
-5.664349e-006,-0.875667
-5.664099e-006,-0.875667
-5.663849e-006,-0.874
-5.663599e-006,-0.874
-5.663349e-006,-0.875667
-5.663099e-006,-0.875667
-5.662849e-006,-0.874
-5.662599e-006,-0.874
-5.662349e-006,-0.875667
-5.662099e-006,-0.875667
-5.661849e-006,-0.874
-5.661599e-006,-0.874
-5.661349e-006,-0.875667
-5.661099e-006,-0.875667
-5.660849e-006,-0.874
-5.660599e-006,-0.874
-5.660349e-006,-0.875667
-5.660099e-006,-0.875667
-5.659849e-006,-0.874
-5.659599e-006,-0.874
-5.659349e-006,-0.875667
-5.659099e-006,-0.875667
-5.658849e-006,-0.874
-5.658599e-006,-0.874
-5.658349e-006,-0.875667
-5.658099e-006,-0.875667
-5.657849e-006,-0.874
-5.657599e-006,-0.874
-5.657349e-006,-0.875667
-5.657099e-006,-0.875667
-5.656849e-006,-0.874
-5.656599e-006,-0.874
-5.656349e-006,-0.874
-5.656099e-006,-0.875667
-5.655849e-006,-0.874
-5.655599e-006,-0.874
-5.655349e-006,-0.874
-5.655099e-006,-0.875667
-5.654849e-006,-0.874
-5.654599e-006,-0.874
-5.654349e-006,-0.874
-5.654099e-006,-0.875667
-5.653849e-006,-0.874
-5.653599e-006,-0.874
-5.653349e-006,-0.874
-5.653099e-006,-0.875667
-5.652849e-006,-0.874
-5.652599e-006,-0.874
-5.652349e-006,-0.874
-5.652099e-006,-0.875667
-5.651849e-006,-0.874
-5.651599e-006,-0.874
-5.651349e-006,-0.874
-5.651099e-006,-0.875667
-5.650849e-006,-0.874
-5.650599e-006,-0.874
-5.650349e-006,-0.874
-5.650099e-006,-0.875667
-5.649849e-006,-0.874
-5.649599e-006,-0.874
-5.649349e-006,-0.874
-5.649099e-006,-0.875667
-5.648849e-006,-0.874
-5.648599e-006,-0.874
-5.648349e-006,-0.874
-5.648099e-006,-0.875667
-5.647849e-006,-0.874
-5.647599e-006,-0.874
-5.647349e-006,-0.874
-5.647099e-006,-0.875667
-5.646849e-006,-0.874
-5.646599e-006,-0.874
-5.646349e-006,-0.874
-5.646099e-006,-0.875667
-5.645849e-006,-0.874
-5.645599e-006,-0.874
-5.645349e-006,-0.874
-5.645099e-006,-0.875667
-5.644849e-006,-0.874
-5.644599e-006,-0.874
-5.644349e-006,-0.875667
-5.644099e-006,-0.875667
-5.643849e-006,-0.874
-5.643599e-006,-0.874
-5.643349e-006,-0.875667
-5.643099e-006,-0.875667
-5.642849e-006,-0.874
-5.642599e-006,-0.874
-5.642349e-006,-0.875667
-5.642099e-006,-0.875667
-5.641849e-006,-0.874
-5.641599e-006,-0.874
-5.641349e-006,-0.875667
-5.641099e-006,-0.875667
-5.640849e-006,-0.874
-5.640599e-006,-0.874
-5.640349e-006,-0.874
-5.640099e-006,-0.875667
-5.639849e-006,-0.874
-5.639599e-006,-0.874
-5.639349e-006,-0.874
-5.639099e-006,-0.875667
-5.638849e-006,-0.874
-5.638599e-006,-0.874
-5.638349e-006,-0.874
-5.638099e-006,-0.875667
-5.637849e-006,-0.874
-5.637599e-006,-0.874
-5.637349e-006,-0.875667
-5.637099e-006,-0.875667
-5.636849e-006,-0.874
-5.636599e-006,-0.874
-5.636349e-006,-0.875667
-5.636099e-006,-0.875667
-5.635849e-006,-0.874
-5.635599e-006,-0.874
-5.635349e-006,-0.875667
-5.635099e-006,-0.875667
-5.634849e-006,-0.874
-5.634599e-006,-0.874
-5.634349e-006,-0.875667
-5.634099e-006,-0.875667
-5.633849e-006,-0.874
-5.633599e-006,-0.874
-5.633349e-006,-0.875667
-5.633099e-006,-0.875667
-5.632849e-006,-0.874
-5.632599e-006,-0.874
-5.632349e-006,-0.875667
-5.632099e-006,-0.875667
-5.631849e-006,-0.874
-5.631599e-006,-0.874
-5.631349e-006,-0.875667
-5.631099e-006,-0.875667
-5.630849e-006,-0.874
-5.630599e-006,-0.874
-5.630349e-006,-0.875667
-5.630099e-006,-0.875667
-5.629849e-006,-0.874
-5.629599e-006,-0.874
-5.629349e-006,-0.875667
-5.629099e-006,-0.875667
-5.628849e-006,-0.874
-5.628599e-006,-0.874
-5.628349e-006,-0.874
-5.628099e-006,-0.875667
-5.627849e-006,-0.874
-5.627599e-006,-0.874
-5.627349e-006,-0.874
-5.627099e-006,-0.875667
-5.626849e-006,-0.874
-5.626599e-006,-0.874
-5.626349e-006,-0.874
-5.626099e-006,-0.875667
-5.625849e-006,-0.874
-5.625599e-006,-0.874
-5.625349e-006,-0.875667
-5.625099e-006,-0.875667
-5.624849e-006,-0.874
-5.624599e-006,-0.874
-5.624349e-006,-0.875667
-5.624099e-006,-0.875667
-5.623849e-006,-0.874
-5.623599e-006,-0.874
-5.623349e-006,-0.875667
-5.623099e-006,-0.875667
-5.622849e-006,-0.874
-5.622599e-006,-0.874
-5.622349e-006,-0.875667
-5.622099e-006,-0.875667
-5.621849e-006,-0.874
-5.621599e-006,-0.874
-5.621349e-006,-0.875667
-5.621099e-006,-0.875667
-5.620849e-006,-0.874
-5.620599e-006,-0.874
-5.620349e-006,-0.875667
-5.620099e-006,-0.875667
-5.619849e-006,-0.874
-5.619599e-006,-0.874
-5.619349e-006,-0.874
-5.619099e-006,-0.875667
-5.618849e-006,-0.874
-5.618599e-006,-0.874
-5.618349e-006,-0.874
-5.618099e-006,-0.875667
-5.617849e-006,-0.874
-5.617599e-006,-0.874
-5.617349e-006,-0.874
-5.617099e-006,-0.875667
-5.616849e-006,-0.874
-5.616599e-006,-0.874
-5.616349e-006,-0.874
-5.616099e-006,-0.875667
-5.615849e-006,-0.874
-5.615599e-006,-0.874
-5.615349e-006,-0.874
-5.615099e-006,-0.875667
-5.614849e-006,-0.874
-5.614599e-006,-0.874
-5.614349e-006,-0.874
-5.614099e-006,-0.875667
-5.613849e-006,-0.874
-5.613599e-006,-0.872333
-5.613349e-006,-0.874
-5.613099e-006,-0.875667
-5.612849e-006,-0.874
-5.612599e-006,-0.874
-5.612349e-006,-0.874
-5.612099e-006,-0.875667
-5.611849e-006,-0.874
-5.611599e-006,-0.874
-5.611349e-006,-0.874
-5.611099e-006,-0.875667
-5.610849e-006,-0.874
-5.610599e-006,-0.874
-5.610349e-006,-0.874
-5.610099e-006,-0.875667
-5.609849e-006,-0.874
-5.609599e-006,-0.874
-5.609349e-006,-0.874
-5.609099e-006,-0.875667
-5.608849e-006,-0.874
-5.608599e-006,-0.874
-5.608349e-006,-0.875667
-5.608099e-006,-0.875667
-5.607849e-006,-0.874
-5.607599e-006,-0.874
-5.607349e-006,-0.875667
-5.607099e-006,-0.875667
-5.606849e-006,-0.874
-5.606599e-006,-0.874
-5.606349e-006,-0.875667
-5.606099e-006,-0.875667
-5.605849e-006,-0.874
-5.605599e-006,-0.874
-5.605349e-006,-0.875667
-5.605099e-006,-0.875667
-5.604849e-006,-0.874
-5.604599e-006,-0.874
-5.604349e-006,-0.875667
-5.604099e-006,-0.875667
-5.603849e-006,-0.874
-5.603599e-006,-0.874
-5.603349e-006,-0.875667
-5.603099e-006,-0.875667
-5.602849e-006,-0.874
-5.602599e-006,-0.874
-5.602349e-006,-0.875667
-5.602099e-006,-0.875667
-5.601849e-006,-0.874
-5.601599e-006,-0.874
-5.601349e-006,-0.875667
-5.601099e-006,-0.875667
-5.600849e-006,-0.874
-5.600599e-006,-0.874
-5.600349e-006,-0.875667
-5.600099e-006,-0.875667
-5.599849e-006,-0.874
-5.599599e-006,-0.874
-5.599349e-006,-0.875667
-5.599099e-006,-0.875667
-5.598849e-006,-0.874
-5.598599e-006,-0.874
-5.598349e-006,-0.875667
-5.598099e-006,-0.875667
-5.597849e-006,-0.874
-5.597599e-006,-0.874
-5.597349e-006,-0.875667
-5.597099e-006,-0.875667
-5.596849e-006,-0.874
-5.596599e-006,-0.874
-5.596349e-006,-0.875667
-5.596099e-006,-0.875667
-5.595849e-006,-0.874
-5.595599e-006,-0.874
-5.595349e-006,-0.875667
-5.595099e-006,-0.875667
-5.594849e-006,-0.874
-5.594599e-006,-0.874
-5.594349e-006,-0.875667
-5.594099e-006,-0.875667
-5.593849e-006,-0.874
-5.593599e-006,-0.874
-5.593349e-006,-0.875667
-5.593099e-006,-0.875667
-5.592849e-006,-0.874
-5.592599e-006,-0.874
-5.592349e-006,-0.875667
-5.592099e-006,-0.875667
-5.591849e-006,-0.874
-5.591599e-006,-0.874
-5.591349e-006,-0.875667
-5.591099e-006,-0.875667
-5.590849e-006,-0.874
-5.590599e-006,-0.874
-5.590349e-006,-0.875667
-5.590099e-006,-0.875667
-5.589849e-006,-0.874
-5.589599e-006,-0.874
-5.589349e-006,-0.875667
-5.589099e-006,-0.875667
-5.588849e-006,-0.874
-5.588599e-006,-0.874
-5.588349e-006,-0.875667
-5.588099e-006,-0.875667
-5.587849e-006,-0.874
-5.587599e-006,-0.874
-5.587349e-006,-0.875667
-5.587099e-006,-0.875667
-5.586849e-006,-0.874
-5.586599e-006,-0.874
-5.586349e-006,-0.875667
-5.586099e-006,-0.874
-5.585849e-006,-0.874
-5.585599e-006,-0.874
-5.585349e-006,-0.875667
-5.585099e-006,-0.874
-5.584849e-006,-0.874
-5.584599e-006,-0.874
-5.584349e-006,-0.874
-5.584099e-006,-0.874
-5.583849e-006,-0.874
-5.583599e-006,-0.874
-5.583349e-006,-0.875667
-5.583099e-006,-0.874
-5.582849e-006,-0.874
-5.582599e-006,-0.874
-5.582349e-006,-0.875667
-5.582099e-006,-0.874
-5.581849e-006,-0.874
-5.581599e-006,-0.874
-5.581349e-006,-0.875667
-5.581099e-006,-0.874
-5.580849e-006,-0.874
-5.580599e-006,-0.874
-5.580349e-006,-0.875667
-5.580099e-006,-0.875667
-5.579849e-006,-0.874
-5.579599e-006,-0.874
-5.579349e-006,-0.875667
-5.579099e-006,-0.875667
-5.578849e-006,-0.874
-5.578599e-006,-0.874
-5.578349e-006,-0.875667
-5.578099e-006,-0.875667
-5.577849e-006,-0.874
-5.577599e-006,-0.874
-5.577349e-006,-0.875667
-5.577099e-006,-0.875667
-5.576849e-006,-0.874
-5.576599e-006,-0.874
-5.576349e-006,-0.875667
-5.576099e-006,-0.875667
-5.575849e-006,-0.874
-5.575599e-006,-0.874
-5.575349e-006,-0.875667
-5.575099e-006,-0.875667
-5.574849e-006,-0.874
-5.574599e-006,-0.874
-5.574349e-006,-0.875667
-5.574099e-006,-0.875667
-5.573849e-006,-0.874
-5.573599e-006,-0.874
-5.573349e-006,-0.875667
-5.573099e-006,-0.875667
-5.572849e-006,-0.874
-5.572599e-006,-0.874
-5.572349e-006,-0.875667
-5.572099e-006,-0.875667
-5.571849e-006,-0.874
-5.571599e-006,-0.874
-5.571349e-006,-0.875667
-5.571099e-006,-0.875667
-5.570849e-006,-0.874
-5.570599e-006,-0.874
-5.570349e-006,-0.875667
-5.570099e-006,-0.875667
-5.569849e-006,-0.874
-5.569599e-006,-0.874
-5.569349e-006,-0.875667
-5.569099e-006,-0.875667
-5.568849e-006,-0.874
-5.568599e-006,-0.874
-5.568349e-006,-0.875667
-5.568099e-006,-0.875667
-5.567849e-006,-0.874
-5.567599e-006,-0.874
-5.567349e-006,-0.875667
-5.567099e-006,-0.875667
-5.566849e-006,-0.874
-5.566599e-006,-0.874
-5.566349e-006,-0.874
-5.566099e-006,-0.875667
-5.565849e-006,-0.874
-5.565599e-006,-0.874
-5.565349e-006,-0.874
-5.565099e-006,-0.875667
-5.564849e-006,-0.874
-5.564599e-006,-0.874
-5.564349e-006,-0.874
-5.564099e-006,-0.875667
-5.563849e-006,-0.874
-5.563599e-006,-0.874
-5.563349e-006,-0.875667
-5.563099e-006,-0.875667
-5.562849e-006,-0.874
-5.562599e-006,-0.874
-5.562349e-006,-0.875667
-5.562099e-006,-0.875667
-5.561849e-006,-0.874
-5.561599e-006,-0.874
-5.561349e-006,-0.875667
-5.561099e-006,-0.875667
-5.560849e-006,-0.874
-5.560599e-006,-0.874
-5.560349e-006,-0.875667
-5.560099e-006,-0.875667
-5.559849e-006,-0.874
-5.559599e-006,-0.874
-5.559349e-006,-0.875667
-5.559099e-006,-0.875667
-5.558849e-006,-0.874
-5.558599e-006,-0.874
-5.558349e-006,-0.875667
-5.558099e-006,-0.875667
-5.557849e-006,-0.874
-5.557599e-006,-0.874
-5.557349e-006,-0.875667
-5.557099e-006,-0.874
-5.556849e-006,-0.874
-5.556599e-006,-0.874
-5.556349e-006,-0.875667
-5.556099e-006,-0.875667
-5.555849e-006,-0.874
-5.555599e-006,-0.874
-5.555349e-006,-0.874
-5.555099e-006,-0.875667
-5.554849e-006,-0.874
-5.554599e-006,-0.874
-5.554349e-006,-0.874
-5.554099e-006,-0.875667
-5.553849e-006,-0.874
-5.553599e-006,-0.874
-5.553349e-006,-0.875667
-5.553099e-006,-0.875667
-5.552849e-006,-0.874
-5.552599e-006,-0.874
-5.552349e-006,-0.875667
-5.552099e-006,-0.875667
-5.551849e-006,-0.874
-5.551599e-006,-0.874
-5.551349e-006,-0.875667
-5.551099e-006,-0.875667
-5.550849e-006,-0.874
-5.550599e-006,-0.874
-5.550349e-006,-0.875667
-5.550099e-006,-0.875667
-5.549849e-006,-0.874
-5.549599e-006,-0.874
-5.549349e-006,-0.875667
-5.549099e-006,-0.875667
-5.548849e-006,-0.874
-5.548599e-006,-0.874
-5.548349e-006,-0.874
-5.548099e-006,-0.875667
-5.547849e-006,-0.874
-5.547599e-006,-0.874
-5.547349e-006,-0.874
-5.547099e-006,-0.875667
-5.546849e-006,-0.874
-5.546599e-006,-0.874
-5.546349e-006,-0.874
-5.546099e-006,-0.875667
-5.545849e-006,-0.874
-5.545599e-006,-0.874
-5.545349e-006,-0.874
-5.545099e-006,-0.875667
-5.544849e-006,-0.874
-5.544599e-006,-0.874
-5.544349e-006,-0.875667
-5.544099e-006,-0.875667
-5.543849e-006,-0.874
-5.543599e-006,-0.874
-5.543349e-006,-0.875667
-5.543099e-006,-0.875667
-5.542849e-006,-0.874
-5.542599e-006,-0.874
-5.542349e-006,-0.875667
-5.542099e-006,-0.875667
-5.541849e-006,-0.874
-5.541599e-006,-0.874
-5.541349e-006,-0.875667
-5.541099e-006,-0.875667
-5.540849e-006,-0.874
-5.540599e-006,-0.874
-5.540349e-006,-0.875667
-5.540099e-006,-0.875667
-5.539849e-006,-0.874
-5.539599e-006,-0.874
-5.539349e-006,-0.875667
-5.539099e-006,-0.875667
-5.538849e-006,-0.874
-5.538599e-006,-0.874
-5.538349e-006,-0.875667
-5.538099e-006,-0.875667
-5.537849e-006,-0.874
-5.537599e-006,-0.874
-5.537349e-006,-0.875667
-5.537099e-006,-0.875667
-5.536849e-006,-0.874
-5.536599e-006,-0.874
-5.536349e-006,-0.875667
-5.536099e-006,-0.875667
-5.535849e-006,-0.874
-5.535599e-006,-0.874
-5.535349e-006,-0.875667
-5.535099e-006,-0.875667
-5.534849e-006,-0.874
-5.534599e-006,-0.874
-5.534349e-006,-0.875667
-5.534099e-006,-0.875667
-5.533849e-006,-0.874
-5.533599e-006,-0.874
-5.533349e-006,-0.875667
-5.533099e-006,-0.875667
-5.532849e-006,-0.874
-5.532599e-006,-0.874
-5.532349e-006,-0.875667
-5.532099e-006,-0.875667
-5.531849e-006,-0.874
-5.531599e-006,-0.874
-5.531349e-006,-0.875667
-5.531099e-006,-0.875667
-5.530849e-006,-0.874
-5.530599e-006,-0.874
-5.530349e-006,-0.875667
-5.530099e-006,-0.875667
-5.529849e-006,-0.874
-5.529599e-006,-0.874
-5.529349e-006,-0.874
-5.529099e-006,-0.875667
-5.528849e-006,-0.874
-5.528599e-006,-0.874
-5.528349e-006,-0.874
-5.528099e-006,-0.875667
-5.527849e-006,-0.874
-5.527599e-006,-0.874
-5.527349e-006,-0.875667
-5.527099e-006,-0.875667
-5.526849e-006,-0.874
-5.526599e-006,-0.874
-5.526349e-006,-0.875667
-5.526099e-006,-0.875667
-5.525849e-006,-0.874
-5.525599e-006,-0.874
-5.525349e-006,-0.875667
-5.525099e-006,-0.875667
-5.524849e-006,-0.874
-5.524599e-006,-0.874
-5.524349e-006,-0.875667
-5.524099e-006,-0.875667
-5.523849e-006,-0.874
-5.523599e-006,-0.874
-5.523349e-006,-0.874
-5.523099e-006,-0.875667
-5.522849e-006,-0.874
-5.522599e-006,-0.874
-5.522349e-006,-0.874
-5.522099e-006,-0.875667
-5.521849e-006,-0.874
-5.521599e-006,-0.874
-5.521349e-006,-0.874
-5.521099e-006,-0.875667
-5.520849e-006,-0.874
-5.520599e-006,-0.874
-5.520349e-006,-0.874
-5.520099e-006,-0.875667
-5.519849e-006,-0.874
-5.519599e-006,-0.874
-5.519349e-006,-0.875667
-5.519099e-006,-0.875667
-5.518849e-006,-0.874
-5.518599e-006,-0.874
-5.518349e-006,-0.875667
-5.518099e-006,-0.875667
-5.517849e-006,-0.874
-5.517599e-006,-0.874
-5.517349e-006,-0.875667
-5.517099e-006,-0.875667
-5.516849e-006,-0.874
-5.516599e-006,-0.874
-5.516349e-006,-0.875667
-5.516099e-006,-0.875667
-5.515849e-006,-0.874
-5.515599e-006,-0.874
-5.515349e-006,-0.875667
-5.515099e-006,-0.875667
-5.514849e-006,-0.874
-5.514599e-006,-0.874
-5.514349e-006,-0.875667
-5.514099e-006,-0.875667
-5.513849e-006,-0.874
-5.513599e-006,-0.874
-5.513349e-006,-0.875667
-5.513099e-006,-0.875667
-5.512849e-006,-0.874
-5.512599e-006,-0.874
-5.512349e-006,-0.875667
-5.512099e-006,-0.875667
-5.511849e-006,-0.874
-5.511599e-006,-0.874
-5.511349e-006,-0.875667
-5.511099e-006,-0.875667
-5.510849e-006,-0.874
-5.510599e-006,-0.874
-5.510349e-006,-0.875667
-5.510099e-006,-0.875667
-5.509849e-006,-0.874
-5.509599e-006,-0.874
-5.509349e-006,-0.875667
-5.509099e-006,-0.875667
-5.508849e-006,-0.874
-5.508599e-006,-0.874
-5.508349e-006,-0.875667
-5.508099e-006,-0.875667
-5.507849e-006,-0.874
-5.507599e-006,-0.874
-5.507349e-006,-0.875667
-5.507099e-006,-0.875667
-5.506849e-006,-0.874
-5.506599e-006,-0.874
-5.506349e-006,-0.875667
-5.506099e-006,-0.875667
-5.505849e-006,-0.874
-5.505599e-006,-0.874
-5.505349e-006,-0.875667
-5.505099e-006,-0.875667
-5.504849e-006,-0.874
-5.504599e-006,-0.874
-5.504349e-006,-0.875667
-5.504099e-006,-0.875667
-5.503849e-006,-0.874
-5.503599e-006,-0.874
-5.503349e-006,-0.875667
-5.503099e-006,-0.875667
-5.502849e-006,-0.874
-5.502599e-006,-0.874
-5.502349e-006,-0.875667
-5.502099e-006,-0.875667
-5.501849e-006,-0.874
-5.501599e-006,-0.874
-5.501349e-006,-0.875667
-5.501099e-006,-0.874
-5.500849e-006,-0.874
-5.500599e-006,-0.874
-5.500349e-006,-0.875667
-5.500099e-006,-0.874
-5.499849e-006,-0.874
-5.499599e-006,-0.874
-5.499349e-006,-0.875667
-5.499099e-006,-0.874
-5.498849e-006,-0.874
-5.498599e-006,-0.874
-5.498349e-006,-0.875667
-5.498099e-006,-0.875667
-5.497849e-006,-0.874
-5.497599e-006,-0.874
-5.497349e-006,-0.875667
-5.497099e-006,-0.875667
-5.496849e-006,-0.874
-5.496599e-006,-0.874
-5.496349e-006,-0.875667
-5.496099e-006,-0.875667
-5.495849e-006,-0.874
-5.495599e-006,-0.874
-5.495349e-006,-0.875667
-5.495099e-006,-0.875667
-5.494849e-006,-0.874
-5.494599e-006,-0.874
-5.494349e-006,-0.875667
-5.494099e-006,-0.875667
-5.493849e-006,-0.874
-5.493599e-006,-0.874
-5.493349e-006,-0.875667
-5.493099e-006,-0.875667
-5.492849e-006,-0.874
-5.492599e-006,-0.874
-5.492349e-006,-0.875667
-5.492099e-006,-0.875667
-5.491849e-006,-0.874
-5.491599e-006,-0.874
-5.491349e-006,-0.875667
-5.491099e-006,-0.875667
-5.490849e-006,-0.874
-5.490599e-006,-0.874
-5.490349e-006,-0.875667
-5.490099e-006,-0.875667
-5.489849e-006,-0.874
-5.489599e-006,-0.874
-5.489349e-006,-0.875667
-5.489099e-006,-0.875667
-5.488849e-006,-0.874
-5.488599e-006,-0.874
-5.488349e-006,-0.875667
-5.488099e-006,-0.875667
-5.487849e-006,-0.874
-5.487599e-006,-0.874
-5.487349e-006,-0.875667
-5.487099e-006,-0.875667
-5.486849e-006,-0.874
-5.486599e-006,-0.874
-5.486349e-006,-0.875667
-5.486099e-006,-0.875667
-5.485849e-006,-0.874
-5.485599e-006,-0.874
-5.485349e-006,-0.875667
-5.485099e-006,-0.875667
-5.484849e-006,-0.874
-5.484599e-006,-0.874
-5.484349e-006,-0.875667
-5.484099e-006,-0.875667
-5.483849e-006,-0.874
-5.483599e-006,-0.874
-5.483349e-006,-0.875667
-5.483099e-006,-0.875667
-5.482849e-006,-0.874
-5.482599e-006,-0.874
-5.482349e-006,-0.875667
-5.482099e-006,-0.875667
-5.481849e-006,-0.874
-5.481599e-006,-0.874
-5.481349e-006,-0.875667
-5.481099e-006,-0.875667
-5.480849e-006,-0.874
-5.480599e-006,-0.874
-5.480349e-006,-0.875667
-5.480099e-006,-0.875667
-5.479849e-006,-0.874
-5.479599e-006,-0.874
-5.479349e-006,-0.875667
-5.479099e-006,-0.875667
-5.478849e-006,-0.874
-5.478599e-006,-0.874
-5.478349e-006,-0.875667
-5.478099e-006,-0.875667
-5.477849e-006,-0.874
-5.477599e-006,-0.874
-5.477349e-006,-0.874
-5.477099e-006,-0.875667
-5.476849e-006,-0.874
-5.476599e-006,-0.874
-5.476349e-006,-0.874
-5.476099e-006,-0.875667
-5.475849e-006,-0.874
-5.475599e-006,-0.874
-5.475349e-006,-0.874
-5.475099e-006,-0.875667
-5.474849e-006,-0.874
-5.474599e-006,-0.874
-5.474349e-006,-0.874
-5.474099e-006,-0.875667
-5.473849e-006,-0.874
-5.473599e-006,-0.874
-5.473349e-006,-0.874
-5.473099e-006,-0.875667
-5.472849e-006,-0.874
-5.472599e-006,-0.874
-5.472349e-006,-0.874
-5.472099e-006,-0.875667
-5.471849e-006,-0.874
-5.471599e-006,-0.874
-5.471349e-006,-0.874
-5.471099e-006,-0.875667
-5.470849e-006,-0.874
-5.470599e-006,-0.874
-5.470349e-006,-0.874
-5.470099e-006,-0.875667
-5.469849e-006,-0.874
-5.469599e-006,-0.874
-5.469349e-006,-0.875667
-5.469099e-006,-0.875667
-5.468849e-006,-0.874
-5.468599e-006,-0.874
-5.468349e-006,-0.875667
-5.468099e-006,-0.875667
-5.467849e-006,-0.874
-5.467599e-006,-0.874
-5.467349e-006,-0.875667
-5.467099e-006,-0.875667
-5.466849e-006,-0.874
-5.466599e-006,-0.874
-5.466349e-006,-0.875667
-5.466099e-006,-0.875667
-5.465849e-006,-0.874
-5.465599e-006,-0.874
-5.465349e-006,-0.875667
-5.465099e-006,-0.875667
-5.464849e-006,-0.874
-5.464599e-006,-0.874
-5.464349e-006,-0.875667
-5.464099e-006,-0.875667
-5.463849e-006,-0.874
-5.463599e-006,-0.874
-5.463349e-006,-0.875667
-5.463099e-006,-0.875667
-5.462849e-006,-0.874
-5.462599e-006,-0.874
-5.462349e-006,-0.875667
-5.462099e-006,-0.875667
-5.461849e-006,-0.874
-5.461599e-006,-0.874
-5.461349e-006,-0.875667
-5.461099e-006,-0.875667
-5.460849e-006,-0.874
-5.460599e-006,-0.874
-5.460349e-006,-0.875667
-5.460099e-006,-0.875667
-5.459849e-006,-0.874
-5.459599e-006,-0.874
-5.459349e-006,-0.875667
-5.459099e-006,-0.875667
-5.458849e-006,-0.874
-5.458599e-006,-0.874
-5.458349e-006,-0.875667
-5.458099e-006,-0.875667
-5.457849e-006,-0.874
-5.457599e-006,-0.874
-5.457349e-006,-0.875667
-5.457099e-006,-0.875667
-5.456849e-006,-0.874
-5.456599e-006,-0.874
-5.456349e-006,-0.874
-5.456099e-006,-0.875667
-5.455849e-006,-0.874
-5.455599e-006,-0.874
-5.455349e-006,-0.874
-5.455099e-006,-0.875667
-5.454849e-006,-0.874
-5.454599e-006,-0.874
-5.454349e-006,-0.874
-5.454099e-006,-0.875667
-5.453849e-006,-0.874
-5.453599e-006,-0.874
-5.453349e-006,-0.874
-5.453099e-006,-0.875667
-5.452849e-006,-0.874
-5.452599e-006,-0.874
-5.452349e-006,-0.874
-5.452099e-006,-0.875667
-5.451849e-006,-0.874
-5.451599e-006,-0.874
-5.451349e-006,-0.874
-5.451099e-006,-0.875667
-5.450849e-006,-0.874
-5.450599e-006,-0.874
-5.450349e-006,-0.874
-5.450099e-006,-0.875667
-5.449849e-006,-0.874
-5.449599e-006,-0.874
-5.449349e-006,-0.875667
-5.449099e-006,-0.875667
-5.448849e-006,-0.874
-5.448599e-006,-0.874
-5.448349e-006,-0.874
-5.448099e-006,-0.875667
-5.447849e-006,-0.874
-5.447599e-006,-0.874
-5.447349e-006,-0.874
-5.447099e-006,-0.875667
-5.446849e-006,-0.874
-5.446599e-006,-0.874
-5.446349e-006,-0.875667
-5.446099e-006,-0.875667
-5.445849e-006,-0.874
-5.445599e-006,-0.874
-5.445349e-006,-0.875667
-5.445099e-006,-0.875667
-5.444849e-006,-0.874
-5.444599e-006,-0.874
-5.444349e-006,-0.874
-5.444099e-006,-0.875667
-5.443849e-006,-0.874
-5.443599e-006,-0.874
-5.443349e-006,-0.874
-5.443099e-006,-0.875667
-5.442849e-006,-0.874
-5.442599e-006,-0.874
-5.442349e-006,-0.874
-5.442099e-006,-0.875667
-5.441849e-006,-0.874
-5.441599e-006,-0.874
-5.441349e-006,-0.874
-5.441099e-006,-0.874
-5.440849e-006,-0.874
-5.440599e-006,-0.874
-5.440349e-006,-0.874
-5.440099e-006,-0.875667
-5.439849e-006,-0.874
-5.439599e-006,-0.874
-5.439349e-006,-0.875667
-5.439099e-006,-0.875667
-5.438849e-006,-0.874
-5.438599e-006,-0.874
-5.438349e-006,-0.875667
-5.438099e-006,-0.875667
-5.437849e-006,-0.874
-5.437599e-006,-0.874
-5.437349e-006,-0.875667
-5.437099e-006,-0.875667
-5.436849e-006,-0.874
-5.436599e-006,-0.874
-5.436349e-006,-0.875667
-5.436099e-006,-0.875667
-5.435849e-006,-0.874
-5.435599e-006,-0.874
-5.435349e-006,-0.875667
-5.435099e-006,-0.875667
-5.434849e-006,-0.874
-5.434599e-006,-0.874
-5.434349e-006,-0.875667
-5.434099e-006,-0.875667
-5.433849e-006,-0.874
-5.433599e-006,-0.874
-5.433349e-006,-0.874
-5.433099e-006,-0.875667
-5.432849e-006,-0.874
-5.432599e-006,-0.874
-5.432349e-006,-0.875667
-5.432099e-006,-0.875667
-5.431849e-006,-0.874
-5.431599e-006,-0.874
-5.431349e-006,-0.875667
-5.431099e-006,-0.875667
-5.430849e-006,-0.874
-5.430599e-006,-0.874
-5.430349e-006,-0.875667
-5.430099e-006,-0.875667
-5.429849e-006,-0.874
-5.429599e-006,-0.874
-5.429349e-006,-0.875667
-5.429099e-006,-0.875667
-5.428849e-006,-0.874
-5.428599e-006,-0.874
-5.428349e-006,-0.875667
-5.428099e-006,-0.875667
-5.427849e-006,-0.874
-5.427599e-006,-0.874
-5.427349e-006,-0.874
-5.427099e-006,-0.875667
-5.426849e-006,-0.874
-5.426599e-006,-0.874
-5.426349e-006,-0.874
-5.426099e-006,-0.875667
-5.425849e-006,-0.874
-5.425599e-006,-0.874
-5.425349e-006,-0.874
-5.425099e-006,-0.875667
-5.424849e-006,-0.874
-5.424599e-006,-0.874
-5.424349e-006,-0.874
-5.424099e-006,-0.875667
-5.423849e-006,-0.874
-5.423599e-006,-0.874
-5.423349e-006,-0.874
-5.423099e-006,-0.875667
-5.422849e-006,-0.874
-5.422599e-006,-0.874
-5.422349e-006,-0.874
-5.422099e-006,-0.875667
-5.421849e-006,-0.874
-5.421599e-006,-0.874
-5.421349e-006,-0.875667
-5.421099e-006,-0.875667
-5.420849e-006,-0.874
-5.420599e-006,-0.874
-5.420349e-006,-0.875667
-5.420099e-006,-0.875667
-5.419849e-006,-0.874
-5.419599e-006,-0.874
-5.419349e-006,-0.875667
-5.419099e-006,-0.875667
-5.418849e-006,-0.874
-5.418599e-006,-0.874
-5.418349e-006,-0.875667
-5.418099e-006,-0.875667
-5.417849e-006,-0.874
-5.417599e-006,-0.874
-5.417349e-006,-0.874
-5.417099e-006,-0.875667
-5.416849e-006,-0.874
-5.416599e-006,-0.874
-5.416349e-006,-0.874
-5.416099e-006,-0.875667
-5.415849e-006,-0.874
-5.415599e-006,-0.874
-5.415349e-006,-0.875667
-5.415099e-006,-0.875667
-5.414849e-006,-0.874
-5.414599e-006,-0.874
-5.414349e-006,-0.875667
-5.414099e-006,-0.875667
-5.413849e-006,-0.874
-5.413599e-006,-0.874
-5.413349e-006,-0.875667
-5.413099e-006,-0.875667
-5.412849e-006,-0.874
-5.412599e-006,-0.874
-5.412349e-006,-0.875667
-5.412099e-006,-0.875667
-5.411849e-006,-0.874
-5.411599e-006,-0.874
-5.411349e-006,-0.875667
-5.411099e-006,-0.875667
-5.410849e-006,-0.874
-5.410599e-006,-0.874
-5.410349e-006,-0.875667
-5.410099e-006,-0.875667
-5.409849e-006,-0.874
-5.409599e-006,-0.874
-5.409349e-006,-0.875667
-5.409099e-006,-0.875667
-5.408849e-006,-0.874
-5.408599e-006,-0.874
-5.408349e-006,-0.875667
-5.408099e-006,-0.875667
-5.407849e-006,-0.874
-5.407599e-006,-0.874
-5.407349e-006,-0.875667
-5.407099e-006,-0.875667
-5.406849e-006,-0.874
-5.406599e-006,-0.874
-5.406349e-006,-0.875667
-5.406099e-006,-0.875667
-5.405849e-006,-0.874
-5.405599e-006,-0.874
-5.405349e-006,-0.875667
-5.405099e-006,-0.875667
-5.404849e-006,-0.874
-5.404599e-006,-0.874
-5.404349e-006,-0.875667
-5.404099e-006,-0.875667
-5.403849e-006,-0.874
-5.403599e-006,-0.874
-5.403349e-006,-0.875667
-5.403099e-006,-0.875667
-5.402849e-006,-0.874
-5.402599e-006,-0.874
-5.402349e-006,-0.874
-5.402099e-006,-0.875667
-5.401849e-006,-0.874
-5.401599e-006,-0.874
-5.401349e-006,-0.874
-5.401099e-006,-0.875667
-5.400849e-006,-0.874
-5.400599e-006,-0.874
-5.400349e-006,-0.874
-5.400099e-006,-0.875667
-5.399849e-006,-0.874
-5.399599e-006,-0.874
-5.399349e-006,-0.874
-5.399099e-006,-0.875667
-5.398849e-006,-0.874
-5.398599e-006,-0.874
-5.398349e-006,-0.874
-5.398099e-006,-0.875667
-5.397849e-006,-0.874
-5.397599e-006,-0.874
-5.397349e-006,-0.874
-5.397099e-006,-0.875667
-5.396849e-006,-0.874
-5.396599e-006,-0.874
-5.396349e-006,-0.874
-5.396099e-006,-0.875667
-5.395849e-006,-0.874
-5.395599e-006,-0.874
-5.395349e-006,-0.874
-5.395099e-006,-0.875667
-5.394849e-006,-0.874
-5.394599e-006,-0.874
-5.394349e-006,-0.874
-5.394099e-006,-0.875667
-5.393849e-006,-0.874
-5.393599e-006,-0.874
-5.393349e-006,-0.874
-5.393099e-006,-0.875667
-5.392849e-006,-0.874
-5.392599e-006,-0.874
-5.392349e-006,-0.875667
-5.392099e-006,-0.875667
-5.391849e-006,-0.874
-5.391599e-006,-0.874
-5.391349e-006,-0.875667
-5.391099e-006,-0.875667
-5.390849e-006,-0.874
-5.390599e-006,-0.874
-5.390349e-006,-0.875667
-5.390099e-006,-0.875667
-5.389849e-006,-0.874
-5.389599e-006,-0.874
-5.389349e-006,-0.874
-5.389099e-006,-0.875667
-5.388849e-006,-0.874
-5.388599e-006,-0.874
-5.388349e-006,-0.874
-5.388099e-006,-0.875667
-5.387849e-006,-0.874
-5.387599e-006,-0.874
-5.387349e-006,-0.874
-5.387099e-006,-0.875667
-5.386849e-006,-0.874
-5.386599e-006,-0.874
-5.386349e-006,-0.874
-5.386099e-006,-0.875667
-5.385849e-006,-0.874
-5.385599e-006,-0.874
-5.385349e-006,-0.875667
-5.385099e-006,-0.875667
-5.384849e-006,-0.874
-5.384599e-006,-0.874
-5.384349e-006,-0.875667
-5.384099e-006,-0.875667
-5.383849e-006,-0.874
-5.383599e-006,-0.874
-5.383349e-006,-0.875667
-5.383099e-006,-0.875667
-5.382849e-006,-0.874
-5.382599e-006,-0.874
-5.382349e-006,-0.875667
-5.382099e-006,-0.875667
-5.381849e-006,-0.874
-5.381599e-006,-0.874
-5.381349e-006,-0.875667
-5.381099e-006,-0.875667
-5.380849e-006,-0.874
-5.380599e-006,-0.874
-5.380349e-006,-0.875667
-5.380099e-006,-0.875667
-5.379849e-006,-0.874
-5.379599e-006,-0.874
-5.379349e-006,-0.875667
-5.379099e-006,-0.875667
-5.378849e-006,-0.874
-5.378599e-006,-0.874
-5.378349e-006,-0.875667
-5.378099e-006,-0.875667
-5.377849e-006,-0.874
-5.377599e-006,-0.874
-5.377349e-006,-0.875667
-5.377099e-006,-0.875667
-5.376849e-006,-0.874
-5.376599e-006,-0.874
-5.376349e-006,-0.875667
-5.376099e-006,-0.875667
-5.375849e-006,-0.874
-5.375599e-006,-0.874
-5.375349e-006,-0.875667
-5.375099e-006,-0.875667
-5.374849e-006,-0.874
-5.374599e-006,-0.874
-5.374349e-006,-0.875667
-5.374099e-006,-0.875667
-5.373849e-006,-0.874
-5.373599e-006,-0.874
-5.373349e-006,-0.875667
-5.373099e-006,-0.875667
-5.372849e-006,-0.874
-5.372599e-006,-0.874
-5.372349e-006,-0.875667
-5.372099e-006,-0.875667
-5.371849e-006,-0.874
-5.371599e-006,-0.874
-5.371349e-006,-0.875667
-5.371099e-006,-0.875667
-5.370849e-006,-0.874
-5.370599e-006,-0.874
-5.370349e-006,-0.875667
-5.370099e-006,-0.875667
-5.369849e-006,-0.874
-5.369599e-006,-0.874
-5.369349e-006,-0.875667
-5.369099e-006,-0.875667
-5.368849e-006,-0.874
-5.368599e-006,-0.874
-5.368349e-006,-0.875667
-5.368099e-006,-0.875667
-5.367849e-006,-0.874
-5.367599e-006,-0.874
-5.367349e-006,-0.874
-5.367099e-006,-0.875667
-5.366849e-006,-0.874
-5.366599e-006,-0.874
-5.366349e-006,-0.874
-5.366099e-006,-0.875667
-5.365849e-006,-0.874
-5.365599e-006,-0.874
-5.365349e-006,-0.874
-5.365099e-006,-0.875667
-5.364849e-006,-0.874
-5.364599e-006,-0.874
-5.364349e-006,-0.874
-5.364099e-006,-0.875667
-5.363849e-006,-0.874
-5.363599e-006,-0.874
-5.363349e-006,-0.874
-5.363099e-006,-0.875667
-5.362849e-006,-0.874
-5.362599e-006,-0.874
-5.362349e-006,-0.874
-5.362099e-006,-0.875667
-5.361849e-006,-0.874
-5.361599e-006,-0.874
-5.361349e-006,-0.874
-5.361099e-006,-0.875667
-5.360849e-006,-0.874
-5.360599e-006,-0.874
-5.360349e-006,-0.874
-5.360099e-006,-0.875667
-5.359849e-006,-0.874
-5.359599e-006,-0.874
-5.359349e-006,-0.874
-5.359099e-006,-0.875667
-5.358849e-006,-0.874
-5.358599e-006,-0.874
-5.358349e-006,-0.874
-5.358099e-006,-0.875667
-5.357849e-006,-0.874
-5.357599e-006,-0.874
-5.357349e-006,-0.874
-5.357099e-006,-0.875667
-5.356849e-006,-0.874
-5.356599e-006,-0.874
-5.356349e-006,-0.874
-5.356099e-006,-0.875667
-5.355849e-006,-0.874
-5.355599e-006,-0.874
-5.355349e-006,-0.874
-5.355099e-006,-0.875667
-5.354849e-006,-0.874
-5.354599e-006,-0.874
-5.354349e-006,-0.874
-5.354099e-006,-0.875667
-5.353849e-006,-0.874
-5.353599e-006,-0.874
-5.353349e-006,-0.874
-5.353099e-006,-0.875667
-5.352849e-006,-0.874
-5.352599e-006,-0.874
-5.352349e-006,-0.874
-5.352099e-006,-0.875667
-5.351849e-006,-0.874
-5.351599e-006,-0.874
-5.351349e-006,-0.874
-5.351099e-006,-0.875667
-5.350849e-006,-0.874
-5.350599e-006,-0.874
-5.350349e-006,-0.874
-5.350099e-006,-0.875667
-5.349849e-006,-0.874
-5.349599e-006,-0.874
-5.349349e-006,-0.874
-5.349099e-006,-0.875667
-5.348849e-006,-0.874
-5.348599e-006,-0.874
-5.348349e-006,-0.874
-5.348099e-006,-0.875667
-5.347849e-006,-0.874
-5.347599e-006,-0.874
-5.347349e-006,-0.874
-5.347099e-006,-0.875667
-5.346849e-006,-0.874
-5.346599e-006,-0.874
-5.346349e-006,-0.875667
-5.346099e-006,-0.875667
-5.345849e-006,-0.874
-5.345599e-006,-0.874
-5.345349e-006,-0.875667
-5.345099e-006,-0.875667
-5.344849e-006,-0.874
-5.344599e-006,-0.874
-5.344349e-006,-0.874
-5.344099e-006,-0.875667
-5.343849e-006,-0.874
-5.343599e-006,-0.874
-5.343349e-006,-0.874
-5.343099e-006,-0.875667
-5.342849e-006,-0.874
-5.342599e-006,-0.874
-5.342349e-006,-0.874
-5.342099e-006,-0.875667
-5.341849e-006,-0.874
-5.341599e-006,-0.874
-5.341349e-006,-0.874
-5.341099e-006,-0.875667
-5.340849e-006,-0.874
-5.340599e-006,-0.874
-5.340349e-006,-0.874
-5.340099e-006,-0.875667
-5.339849e-006,-0.874
-5.339599e-006,-0.874
-5.339349e-006,-0.875667
-5.339099e-006,-0.875667
-5.338849e-006,-0.874
-5.338599e-006,-0.874
-5.338349e-006,-0.875667
-5.338099e-006,-0.875667
-5.337849e-006,-0.874
-5.337599e-006,-0.874
-5.337349e-006,-0.875667
-5.337099e-006,-0.875667
-5.336849e-006,-0.874
-5.336599e-006,-0.874
-5.336349e-006,-0.875667
-5.336099e-006,-0.875667
-5.335849e-006,-0.874
-5.335599e-006,-0.874
-5.335349e-006,-0.875667
-5.335099e-006,-0.875667
-5.334849e-006,-0.874
-5.334599e-006,-0.874
-5.334349e-006,-0.875667
-5.334099e-006,-0.875667
-5.333849e-006,-0.874
-5.333599e-006,-0.874
-5.333349e-006,-0.875667
-5.333099e-006,-0.875667
-5.332849e-006,-0.874
-5.332599e-006,-0.874
-5.332349e-006,-0.875667
-5.332099e-006,-0.875667
-5.331849e-006,-0.874
-5.331599e-006,-0.874
-5.331349e-006,-0.875667
-5.331099e-006,-0.875667
-5.330849e-006,-0.874
-5.330599e-006,-0.874
-5.330349e-006,-0.875667
-5.330099e-006,-0.875667
-5.329849e-006,-0.874
-5.329599e-006,-0.874
-5.329349e-006,-0.875667
-5.329099e-006,-0.875667
-5.328849e-006,-0.874
-5.328599e-006,-0.874
-5.328349e-006,-0.875667
-5.328099e-006,-0.875667
-5.327849e-006,-0.874
-5.327599e-006,-0.874
-5.327349e-006,-0.875667
-5.327099e-006,-0.875667
-5.326849e-006,-0.874
-5.326599e-006,-0.874
-5.326349e-006,-0.875667
-5.326099e-006,-0.875667
-5.325849e-006,-0.874
-5.325599e-006,-0.874
-5.325349e-006,-0.875667
-5.325099e-006,-0.875667
-5.324849e-006,-0.874
-5.324599e-006,-0.874
-5.324349e-006,-0.875667
-5.324099e-006,-0.875667
-5.323849e-006,-0.874
-5.323599e-006,-0.874
-5.323349e-006,-0.875667
-5.323099e-006,-0.875667
-5.322849e-006,-0.874
-5.322599e-006,-0.874
-5.322349e-006,-0.875667
-5.322099e-006,-0.875667
-5.321849e-006,-0.874
-5.321599e-006,-0.874
-5.321349e-006,-0.875667
-5.321099e-006,-0.875667
-5.320849e-006,-0.874
-5.320599e-006,-0.874
-5.320349e-006,-0.874
-5.320099e-006,-0.875667
-5.319849e-006,-0.874
-5.319599e-006,-0.874
-5.319349e-006,-0.874
-5.319099e-006,-0.874
-5.318849e-006,-0.874
-5.318599e-006,-0.874
-5.318349e-006,-0.875667
-5.318099e-006,-0.875667
-5.317849e-006,-0.874
-5.317599e-006,-0.874
-5.317349e-006,-0.875667
-5.317099e-006,-0.875667
-5.316849e-006,-0.874
-5.316599e-006,-0.874
-5.316349e-006,-0.875667
-5.316099e-006,-0.875667
-5.315849e-006,-0.874
-5.315599e-006,-0.874
-5.315349e-006,-0.875667
-5.315099e-006,-0.875667
-5.314849e-006,-0.874
-5.314599e-006,-0.874
-5.314349e-006,-0.875667
-5.314099e-006,-0.875667
-5.313849e-006,-0.874
-5.313599e-006,-0.874
-5.313349e-006,-0.875667
-5.313099e-006,-0.875667
-5.312849e-006,-0.874
-5.312599e-006,-0.874
-5.312349e-006,-0.875667
-5.312099e-006,-0.875667
-5.311849e-006,-0.874
-5.311599e-006,-0.874
-5.311349e-006,-0.875667
-5.311099e-006,-0.875667
-5.310849e-006,-0.874
-5.310599e-006,-0.874
-5.310349e-006,-0.875667
-5.310099e-006,-0.875667
-5.309849e-006,-0.874
-5.309599e-006,-0.874
-5.309349e-006,-0.875667
-5.309099e-006,-0.875667
-5.308849e-006,-0.874
-5.308599e-006,-0.874
-5.308349e-006,-0.875667
-5.308099e-006,-0.875667
-5.307849e-006,-0.874
-5.307599e-006,-0.874
-5.307349e-006,-0.875667
-5.307099e-006,-0.875667
-5.306849e-006,-0.874
-5.306599e-006,-0.874
-5.306349e-006,-0.875667
-5.306099e-006,-0.875667
-5.305849e-006,-0.874
-5.305599e-006,-0.874
-5.305349e-006,-0.875667
-5.305099e-006,-0.875667
-5.304849e-006,-0.874
-5.304599e-006,-0.874
-5.304349e-006,-0.875667
-5.304099e-006,-0.875667
-5.303849e-006,-0.874
-5.303599e-006,-0.874
-5.303349e-006,-0.875667
-5.303099e-006,-0.875667
-5.302849e-006,-0.874
-5.302599e-006,-0.874
-5.302349e-006,-0.875667
-5.302099e-006,-0.875667
-5.301849e-006,-0.874
-5.301599e-006,-0.874
-5.301349e-006,-0.875667
-5.301099e-006,-0.875667
-5.300849e-006,-0.874
-5.300599e-006,-0.874
-5.300349e-006,-0.874
-5.300099e-006,-0.875667
-5.299849e-006,-0.874
-5.299599e-006,-0.874
-5.299349e-006,-0.874
-5.299099e-006,-0.875667
-5.298849e-006,-0.874
-5.298599e-006,-0.874
-5.298349e-006,-0.874
-5.298099e-006,-0.875667
-5.297849e-006,-0.874
-5.297599e-006,-0.874
-5.297349e-006,-0.874
-5.297099e-006,-0.875667
-5.296849e-006,-0.874
-5.296599e-006,-0.874
-5.296349e-006,-0.874
-5.296099e-006,-0.875667
-5.295849e-006,-0.874
-5.295599e-006,-0.874
-5.295349e-006,-0.874
-5.295099e-006,-0.875667
-5.294849e-006,-0.874
-5.294599e-006,-0.874
-5.294349e-006,-0.874
-5.294099e-006,-0.875667
-5.293849e-006,-0.874
-5.293599e-006,-0.874
-5.293349e-006,-0.874
-5.293099e-006,-0.875667
-5.292849e-006,-0.874
-5.292599e-006,-0.874
-5.292349e-006,-0.874
-5.292099e-006,-0.875667
-5.291849e-006,-0.874
-5.291599e-006,-0.874
-5.291349e-006,-0.874
-5.291099e-006,-0.875667
-5.290849e-006,-0.874
-5.290599e-006,-0.874
-5.290349e-006,-0.874
-5.290099e-006,-0.875667
-5.289849e-006,-0.874
-5.289599e-006,-0.874
-5.289349e-006,-0.874
-5.289099e-006,-0.875667
-5.288849e-006,-0.874
-5.288599e-006,-0.874
-5.288349e-006,-0.875667
-5.288099e-006,-0.875667
-5.287849e-006,-0.874
-5.287599e-006,-0.874
-5.287349e-006,-0.875667
-5.287099e-006,-0.875667
-5.286849e-006,-0.874
-5.286599e-006,-0.874
-5.286349e-006,-0.875667
-5.286099e-006,-0.875667
-5.285849e-006,-0.874
-5.285599e-006,-0.874
-5.285349e-006,-0.875667
-5.285099e-006,-0.875667
-5.284849e-006,-0.874
-5.284599e-006,-0.874
-5.284349e-006,-0.874
-5.284099e-006,-0.875667
-5.283849e-006,-0.874
-5.283599e-006,-0.874
-5.283349e-006,-0.875667
-5.283099e-006,-0.875667
-5.282849e-006,-0.874
-5.282599e-006,-0.874
-5.282349e-006,-0.874
-5.282099e-006,-0.875667
-5.281849e-006,-0.874
-5.281599e-006,-0.874
-5.281349e-006,-0.874
-5.281099e-006,-0.875667
-5.280849e-006,-0.874
-5.280599e-006,-0.874
-5.280349e-006,-0.874
-5.280099e-006,-0.875667
-5.279849e-006,-0.874
-5.279599e-006,-0.874
-5.279349e-006,-0.874
-5.279099e-006,-0.875667
-5.278849e-006,-0.874
-5.278599e-006,-0.874
-5.278349e-006,-0.874
-5.278099e-006,-0.875667
-5.277849e-006,-0.874
-5.277599e-006,-0.874
-5.277349e-006,-0.874
-5.277099e-006,-0.875667
-5.276849e-006,-0.874
-5.276599e-006,-0.874
-5.276349e-006,-0.874
-5.276099e-006,-0.875667
-5.275849e-006,-0.874
-5.275599e-006,-0.874
-5.275349e-006,-0.874
-5.275099e-006,-0.875667
-5.274849e-006,-0.874
-5.274599e-006,-0.874
-5.274349e-006,-0.875667
-5.274099e-006,-0.875667
-5.273849e-006,-0.874
-5.273599e-006,-0.874
-5.273349e-006,-0.875667
-5.273099e-006,-0.875667
-5.272849e-006,-0.874
-5.272599e-006,-0.874
-5.272349e-006,-0.875667
-5.272099e-006,-0.875667
-5.271849e-006,-0.874
-5.271599e-006,-0.874
-5.271349e-006,-0.875667
-5.271099e-006,-0.875667
-5.270849e-006,-0.874
-5.270599e-006,-0.874
-5.270349e-006,-0.875667
-5.270099e-006,-0.875667
-5.269849e-006,-0.874
-5.269599e-006,-0.874
-5.269349e-006,-0.875667
-5.269099e-006,-0.875667
-5.268849e-006,-0.874
-5.268599e-006,-0.874
-5.268349e-006,-0.875667
-5.268099e-006,-0.875667
-5.267849e-006,-0.874
-5.267599e-006,-0.874
-5.267349e-006,-0.874
-5.267099e-006,-0.875667
-5.266849e-006,-0.874
-5.266599e-006,-0.874
-5.266349e-006,-0.874
-5.266099e-006,-0.875667
-5.265849e-006,-0.874
-5.265599e-006,-0.874
-5.265349e-006,-0.874
-5.265099e-006,-0.875667
-5.264849e-006,-0.874
-5.264599e-006,-0.874
-5.264349e-006,-0.874
-5.264099e-006,-0.875667
-5.263849e-006,-0.874
-5.263599e-006,-0.874
-5.263349e-006,-0.874
-5.263099e-006,-0.875667
-5.262849e-006,-0.874
-5.262599e-006,-0.874
-5.262349e-006,-0.874
-5.262099e-006,-0.875667
-5.261849e-006,-0.874
-5.261599e-006,-0.874
-5.261349e-006,-0.874
-5.261099e-006,-0.875667
-5.260849e-006,-0.874
-5.260599e-006,-0.874
-5.260349e-006,-0.875667
-5.260099e-006,-0.875667
-5.259849e-006,-0.874
-5.259599e-006,-0.874
-5.259349e-006,-0.875667
-5.259099e-006,-0.875667
-5.258849e-006,-0.874
-5.258599e-006,-0.874
-5.258349e-006,-0.875667
-5.258099e-006,-0.875667
-5.257849e-006,-0.874
-5.257599e-006,-0.874
-5.257349e-006,-0.875667
-5.257099e-006,-0.874
-5.256849e-006,-0.874
-5.256599e-006,-0.874
-5.256349e-006,-0.875667
-5.256099e-006,-0.875667
-5.255849e-006,-0.874
-5.255599e-006,-0.874
-5.255349e-006,-0.874
-5.255099e-006,-0.875667
-5.254849e-006,-0.874
-5.254599e-006,-0.874
-5.254349e-006,-0.874
-5.254099e-006,-0.875667
-5.253849e-006,-0.874
-5.253599e-006,-0.874
-5.253349e-006,-0.874
-5.253099e-006,-0.875667
-5.252849e-006,-0.874
-5.252599e-006,-0.874
-5.252349e-006,-0.875667
-5.252099e-006,-0.875667
-5.251849e-006,-0.874
-5.251599e-006,-0.874
-5.251349e-006,-0.875667
-5.251099e-006,-0.875667
-5.250849e-006,-0.874
-5.250599e-006,-0.874
-5.250349e-006,-0.875667
-5.250099e-006,-0.875667
-5.249849e-006,-0.874
-5.249599e-006,-0.874
-5.249349e-006,-0.875667
-5.249099e-006,-0.875667
-5.248849e-006,-0.874
-5.248599e-006,-0.874
-5.248349e-006,-0.875667
-5.248099e-006,-0.875667
-5.247849e-006,-0.874
-5.247599e-006,-0.874
-5.247349e-006,-0.875667
-5.247099e-006,-0.875667
-5.246849e-006,-0.874
-5.246599e-006,-0.874
-5.246349e-006,-0.875667
-5.246099e-006,-0.875667
-5.245849e-006,-0.874
-5.245599e-006,-0.874
-5.245349e-006,-0.875667
-5.245099e-006,-0.875667
-5.244849e-006,-0.874
-5.244599e-006,-0.874
-5.244349e-006,-0.875667
-5.244099e-006,-0.875667
-5.243849e-006,-0.874
-5.243599e-006,-0.874
-5.243349e-006,-0.875667
-5.243099e-006,-0.875667
-5.242849e-006,-0.874
-5.242599e-006,-0.874
-5.242349e-006,-0.875667
-5.242099e-006,-0.875667
-5.241849e-006,-0.874
-5.241599e-006,-0.874
-5.241349e-006,-0.875667
-5.241099e-006,-0.875667
-5.240849e-006,-0.874
-5.240599e-006,-0.874
-5.240349e-006,-0.875667
-5.240099e-006,-0.875667
-5.239849e-006,-0.874
-5.239599e-006,-0.874
-5.239349e-006,-0.875667
-5.239099e-006,-0.875667
-5.238849e-006,-0.874
-5.238599e-006,-0.874
-5.238349e-006,-0.875667
-5.238099e-006,-0.875667
-5.237849e-006,-0.874
-5.237599e-006,-0.874
-5.237349e-006,-0.875667
-5.237099e-006,-0.875667
-5.236849e-006,-0.874
-5.236599e-006,-0.874
-5.236349e-006,-0.875667
-5.236099e-006,-0.875667
-5.235849e-006,-0.874
-5.235599e-006,-0.874
-5.235349e-006,-0.875667
-5.235099e-006,-0.875667
-5.234849e-006,-0.874
-5.234599e-006,-0.874
-5.234349e-006,-0.875667
-5.234099e-006,-0.875667
-5.233849e-006,-0.874
-5.233599e-006,-0.874
-5.233349e-006,-0.875667
-5.233099e-006,-0.875667
-5.232849e-006,-0.874
-5.232599e-006,-0.874
-5.232349e-006,-0.874
-5.232099e-006,-0.875667
-5.231849e-006,-0.874
-5.231599e-006,-0.874
-5.231349e-006,-0.874
-5.231099e-006,-0.875667
-5.230849e-006,-0.874
-5.230599e-006,-0.874
-5.230349e-006,-0.874
-5.230099e-006,-0.875667
-5.229849e-006,-0.874
-5.229599e-006,-0.874
-5.229349e-006,-0.875667
-5.229099e-006,-0.875667
-5.228849e-006,-0.874
-5.228599e-006,-0.874
-5.228349e-006,-0.875667
-5.228099e-006,-0.875667
-5.227849e-006,-0.874
-5.227599e-006,-0.874
-5.227349e-006,-0.875667
-5.227099e-006,-0.875667
-5.226849e-006,-0.874
-5.226599e-006,-0.874
-5.226349e-006,-0.875667
-5.226099e-006,-0.875667
-5.225849e-006,-0.874
-5.225599e-006,-0.874
-5.225349e-006,-0.875667
-5.225099e-006,-0.875667
-5.224849e-006,-0.874
-5.224599e-006,-0.874
-5.224349e-006,-0.875667
-5.224099e-006,-0.875667
-5.223849e-006,-0.874
-5.223599e-006,-0.874
-5.223349e-006,-0.875667
-5.223099e-006,-0.875667
-5.222849e-006,-0.874
-5.222599e-006,-0.874
-5.222349e-006,-0.875667
-5.222099e-006,-0.875667
-5.221849e-006,-0.874
-5.221599e-006,-0.874
-5.221349e-006,-0.875667
-5.221099e-006,-0.875667
-5.220849e-006,-0.874
-5.220599e-006,-0.874
-5.220349e-006,-0.875667
-5.220099e-006,-0.875667
-5.219849e-006,-0.874
-5.219599e-006,-0.874
-5.219349e-006,-0.875667
-5.219099e-006,-0.875667
-5.218849e-006,-0.874
-5.218599e-006,-0.874
-5.218349e-006,-0.875667
-5.218099e-006,-0.875667
-5.217849e-006,-0.874
-5.217599e-006,-0.874
-5.217349e-006,-0.875667
-5.217099e-006,-0.875667
-5.216849e-006,-0.874
-5.216599e-006,-0.874
-5.216349e-006,-0.875667
-5.216099e-006,-0.875667
-5.215849e-006,-0.874
-5.215599e-006,-0.874
-5.215349e-006,-0.875667
-5.215099e-006,-0.875667
-5.214849e-006,-0.874
-5.214599e-006,-0.874
-5.214349e-006,-0.875667
-5.214099e-006,-0.875667
-5.213849e-006,-0.874
-5.213599e-006,-0.874
-5.213349e-006,-0.875667
-5.213099e-006,-0.875667
-5.212849e-006,-0.874
-5.212599e-006,-0.874
-5.212349e-006,-0.875667
-5.212099e-006,-0.875667
-5.211849e-006,-0.874
-5.211599e-006,-0.874
-5.211349e-006,-0.875667
-5.211099e-006,-0.875667
-5.210849e-006,-0.874
-5.210599e-006,-0.874
-5.210349e-006,-0.874
-5.210099e-006,-0.875667
-5.209849e-006,-0.874
-5.209599e-006,-0.874
-5.209349e-006,-0.874
-5.209099e-006,-0.875667
-5.208849e-006,-0.874
-5.208599e-006,-0.874
-5.208349e-006,-0.874
-5.208099e-006,-0.875667
-5.207849e-006,-0.874
-5.207599e-006,-0.874
-5.207349e-006,-0.874
-5.207099e-006,-0.875667
-5.206849e-006,-0.874
-5.206599e-006,-0.874
-5.206349e-006,-0.874
-5.206099e-006,-0.875667
-5.205849e-006,-0.874
-5.205599e-006,-0.874
-5.205349e-006,-0.874
-5.205099e-006,-0.875667
-5.204849e-006,-0.874
-5.204599e-006,-0.874
-5.204349e-006,-0.874
-5.204099e-006,-0.875667
-5.203849e-006,-0.874
-5.203599e-006,-0.874
-5.203349e-006,-0.874
-5.203099e-006,-0.875667
-5.202849e-006,-0.874
-5.202599e-006,-0.874
-5.202349e-006,-0.875667
-5.202099e-006,-0.875667
-5.201849e-006,-0.874
-5.201599e-006,-0.874
-5.201349e-006,-0.875667
-5.201099e-006,-0.875667
-5.200849e-006,-0.874
-5.200599e-006,-0.874
-5.200349e-006,-0.875667
-5.200099e-006,-0.875667
-5.199849e-006,-0.874
-5.199599e-006,-0.874
-5.199349e-006,-0.875667
-5.199099e-006,-0.875667
-5.198849e-006,-0.874
-5.198599e-006,-0.874
-5.198349e-006,-0.875667
-5.198099e-006,-0.875667
-5.197849e-006,-0.874
-5.197599e-006,-0.874
-5.197349e-006,-0.875667
-5.197099e-006,-0.875667
-5.196849e-006,-0.874
-5.196599e-006,-0.874
-5.196349e-006,-0.875667
-5.196099e-006,-0.875667
-5.195849e-006,-0.874
-5.195599e-006,-0.874
-5.195349e-006,-0.875667
-5.195099e-006,-0.875667
-5.194849e-006,-0.874
-5.194599e-006,-0.874
-5.194349e-006,-0.875667
-5.194099e-006,-0.875667
-5.193849e-006,-0.874
-5.193599e-006,-0.874
-5.193349e-006,-0.875667
-5.193099e-006,-0.875667
-5.192849e-006,-0.874
-5.192599e-006,-0.874
-5.192349e-006,-0.875667
-5.192099e-006,-0.874
-5.191849e-006,-0.874
-5.191599e-006,-0.874
-5.191349e-006,-0.875667
-5.191099e-006,-0.875667
-5.190849e-006,-0.874
-5.190599e-006,-0.874
-5.190349e-006,-0.875667
-5.190099e-006,-0.875667
-5.189849e-006,-0.874
-5.189599e-006,-0.874
-5.189349e-006,-0.875667
-5.189099e-006,-0.875667
-5.188849e-006,-0.874
-5.188599e-006,-0.874
-5.188349e-006,-0.875667
-5.188099e-006,-0.875667
-5.187849e-006,-0.874
-5.187599e-006,-0.874
-5.187349e-006,-0.875667
-5.187099e-006,-0.875667
-5.186849e-006,-0.874
-5.186599e-006,-0.874
-5.186349e-006,-0.875667
-5.186099e-006,-0.875667
-5.185849e-006,-0.874
-5.185599e-006,-0.874
-5.185349e-006,-0.875667
-5.185099e-006,-0.875667
-5.184849e-006,-0.874
-5.184599e-006,-0.874
-5.184349e-006,-0.874
-5.184099e-006,-0.875667
-5.183849e-006,-0.874
-5.183599e-006,-0.874
-5.183349e-006,-0.874
-5.183099e-006,-0.875667
-5.182849e-006,-0.874
-5.182599e-006,-0.874
-5.182349e-006,-0.875667
-5.182099e-006,-0.875667
-5.181849e-006,-0.874
-5.181599e-006,-0.874
-5.181349e-006,-0.875667
-5.181099e-006,-0.875667
-5.180849e-006,-0.874
-5.180599e-006,-0.874
-5.180349e-006,-0.875667
-5.180099e-006,-0.875667
-5.179849e-006,-0.874
-5.179599e-006,-0.874
-5.179349e-006,-0.875667
-5.179099e-006,-0.875667
-5.178849e-006,-0.874
-5.178599e-006,-0.874
-5.178349e-006,-0.875667
-5.178099e-006,-0.875667
-5.177849e-006,-0.874
-5.177599e-006,-0.874
-5.177349e-006,-0.874
-5.177099e-006,-0.875667
-5.176849e-006,-0.874
-5.176599e-006,-0.874
-5.176349e-006,-0.875667
-5.176099e-006,-0.875667
-5.175849e-006,-0.874
-5.175599e-006,-0.874
-5.175349e-006,-0.875667
-5.175099e-006,-0.875667
-5.174849e-006,-0.874
-5.174599e-006,-0.874
-5.174349e-006,-0.875667
-5.174099e-006,-0.874
-5.173849e-006,-0.874
-5.173599e-006,-0.874
-5.173349e-006,-0.875667
-5.173099e-006,-0.874
-5.172849e-006,-0.874
-5.172599e-006,-0.874
-5.172349e-006,-0.875667
-5.172099e-006,-0.874
-5.171849e-006,-0.874
-5.171599e-006,-0.874
-5.171349e-006,-0.875667
-5.171099e-006,-0.874
-5.170849e-006,-0.874
-5.170599e-006,-0.874
-5.170349e-006,-0.875667
-5.170099e-006,-0.874
-5.169849e-006,-0.874
-5.169599e-006,-0.874
-5.169349e-006,-0.875667
-5.169099e-006,-0.874
-5.168849e-006,-0.874
-5.168599e-006,-0.874
-5.168349e-006,-0.874
-5.168099e-006,-0.874
-5.167849e-006,-0.874
-5.167599e-006,-0.874
-5.167349e-006,-0.875667
-5.167099e-006,-0.874
-5.166849e-006,-0.874
-5.166599e-006,-0.874
-5.166349e-006,-0.874
-5.166099e-006,-0.874
-5.165849e-006,-0.874
-5.165599e-006,-0.874
-5.165349e-006,-0.874
-5.165099e-006,-0.875667
-5.164849e-006,-0.874
-5.164599e-006,-0.874
-5.164349e-006,-0.874
-5.164099e-006,-0.875667
-5.163849e-006,-0.874
-5.163599e-006,-0.874
-5.163349e-006,-0.874
-5.163099e-006,-0.874
-5.162849e-006,-0.874
-5.162599e-006,-0.874
-5.162349e-006,-0.874
-5.162099e-006,-0.874
-5.161849e-006,-0.874
-5.161599e-006,-0.874
-5.161349e-006,-0.874
-5.161099e-006,-0.875667
-5.160849e-006,-0.874
-5.160599e-006,-0.874
-5.160349e-006,-0.875667
-5.160099e-006,-0.875667
-5.159849e-006,-0.874
-5.159599e-006,-0.874
-5.159349e-006,-0.875667
-5.159099e-006,-0.875667
-5.158849e-006,-0.874
-5.158599e-006,-0.874
-5.158349e-006,-0.875667
-5.158099e-006,-0.875667
-5.157849e-006,-0.874
-5.157599e-006,-0.874
-5.157349e-006,-0.875667
-5.157099e-006,-0.875667
-5.156849e-006,-0.874
-5.156599e-006,-0.874
-5.156349e-006,-0.875667
-5.156099e-006,-0.875667
-5.155849e-006,-0.874
-5.155599e-006,-0.874
-5.155349e-006,-0.875667
-5.155099e-006,-0.875667
-5.154849e-006,-0.874
-5.154599e-006,-0.874
-5.154349e-006,-0.875667
-5.154099e-006,-0.875667
-5.153849e-006,-0.874
-5.153599e-006,-0.874
-5.153349e-006,-0.875667
-5.153099e-006,-0.875667
-5.152849e-006,-0.874
-5.152599e-006,-0.874
-5.152349e-006,-0.875667
-5.152099e-006,-0.874
-5.151849e-006,-0.874
-5.151599e-006,-0.874
-5.151349e-006,-0.875667
-5.151099e-006,-0.874
-5.150849e-006,-0.874
-5.150599e-006,-0.874
-5.150349e-006,-0.875667
-5.150099e-006,-0.874
-5.149849e-006,-0.874
-5.149599e-006,-0.874
-5.149349e-006,-0.874
-5.149099e-006,-0.874
-5.148849e-006,-0.874
-5.148599e-006,-0.874
-5.148349e-006,-0.874
-5.148099e-006,-0.874
-5.147849e-006,-0.874
-5.147599e-006,-0.874
-5.147349e-006,-0.874
-5.147099e-006,-0.875667
-5.146849e-006,-0.874
-5.146599e-006,-0.874
-5.146349e-006,-0.874
-5.146099e-006,-0.875667
-5.145849e-006,-0.874
-5.145599e-006,-0.874
-5.145349e-006,-0.874
-5.145099e-006,-0.875667
-5.144849e-006,-0.874
-5.144599e-006,-0.874
-5.144349e-006,-0.874
-5.144099e-006,-0.875667
-5.143849e-006,-0.874
-5.143599e-006,-0.874
-5.143349e-006,-0.874
-5.143099e-006,-0.874
-5.142849e-006,-0.874
-5.142599e-006,-0.874
-5.142349e-006,-0.875667
-5.142099e-006,-0.875667
-5.141849e-006,-0.874
-5.141599e-006,-0.874
-5.141349e-006,-0.875667
-5.141099e-006,-0.875667
-5.140849e-006,-0.874
-5.140599e-006,-0.874
-5.140349e-006,-0.875667
-5.140099e-006,-0.875667
-5.139849e-006,-0.874
-5.139599e-006,-0.874
-5.139349e-006,-0.874
-5.139099e-006,-0.874
-5.138849e-006,-0.874
-5.138599e-006,-0.874
-5.138349e-006,-0.874
-5.138099e-006,-0.874
-5.137849e-006,-0.874
-5.137599e-006,-0.874
-5.137349e-006,-0.874
-5.137099e-006,-0.874
-5.136849e-006,-0.874
-5.136599e-006,-0.874
-5.136349e-006,-0.874
-5.136099e-006,-0.874
-5.135849e-006,-0.874
-5.135599e-006,-0.874
-5.135349e-006,-0.874
-5.135099e-006,-0.875667
-5.134849e-006,-0.874
-5.134599e-006,-0.874
-5.134349e-006,-0.875667
-5.134099e-006,-0.875667
-5.133849e-006,-0.874
-5.133599e-006,-0.874
-5.133349e-006,-0.875667
-5.133099e-006,-0.875667
-5.132849e-006,-0.874
-5.132599e-006,-0.874
-5.132349e-006,-0.875667
-5.132099e-006,-0.875667
-5.131849e-006,-0.874
-5.131599e-006,-0.874
-5.131349e-006,-0.875667
-5.131099e-006,-0.875667
-5.130849e-006,-0.874
-5.130599e-006,-0.874
-5.130349e-006,-0.875667
-5.130099e-006,-0.875667
-5.129849e-006,-0.874
-5.129599e-006,-0.874
-5.129349e-006,-0.875667
-5.129099e-006,-0.875667
-5.128849e-006,-0.874
-5.128599e-006,-0.874
-5.128349e-006,-0.875667
-5.128099e-006,-0.875667
-5.127849e-006,-0.874
-5.127599e-006,-0.874
-5.127349e-006,-0.874
-5.127099e-006,-0.875667
-5.126849e-006,-0.874
-5.126599e-006,-0.874
-5.126349e-006,-0.874
-5.126099e-006,-0.875667
-5.125849e-006,-0.874
-5.125599e-006,-0.874
-5.125349e-006,-0.874
-5.125099e-006,-0.875667
-5.124849e-006,-0.874
-5.124599e-006,-0.874
-5.124349e-006,-0.875667
-5.124099e-006,-0.875667
-5.123849e-006,-0.874
-5.123599e-006,-0.874
-5.123349e-006,-0.875667
-5.123099e-006,-0.875667
-5.122849e-006,-0.874
-5.122599e-006,-0.874
-5.122349e-006,-0.875667
-5.122099e-006,-0.875667
-5.121849e-006,-0.874
-5.121599e-006,-0.874
-5.121349e-006,-0.874
-5.121099e-006,-0.875667
-5.120849e-006,-0.874
-5.120599e-006,-0.874
-5.120349e-006,-0.874
-5.120099e-006,-0.875667
-5.119849e-006,-0.874
-5.119599e-006,-0.874
-5.119349e-006,-0.874
-5.119099e-006,-0.875667
-5.118849e-006,-0.874
-5.118599e-006,-0.874
-5.118349e-006,-0.874
-5.118099e-006,-0.875667
-5.117849e-006,-0.874
-5.117599e-006,-0.874
-5.117349e-006,-0.874
-5.117099e-006,-0.875667
-5.116849e-006,-0.874
-5.116599e-006,-0.874
-5.116349e-006,-0.874
-5.116099e-006,-0.875667
-5.115849e-006,-0.874
-5.115599e-006,-0.874
-5.115349e-006,-0.874
-5.115099e-006,-0.875667
-5.114849e-006,-0.874
-5.114599e-006,-0.874
-5.114349e-006,-0.875667
-5.114099e-006,-0.875667
-5.113849e-006,-0.874
-5.113599e-006,-0.874
-5.113349e-006,-0.875667
-5.113099e-006,-0.875667
-5.112849e-006,-0.874
-5.112599e-006,-0.874
-5.112349e-006,-0.875667
-5.112099e-006,-0.875667
-5.111849e-006,-0.874
-5.111599e-006,-0.874
-5.111349e-006,-0.875667
-5.111099e-006,-0.875667
-5.110849e-006,-0.874
-5.110599e-006,-0.874
-5.110349e-006,-0.875667
-5.110099e-006,-0.875667
-5.109849e-006,-0.874
-5.109599e-006,-0.874
-5.109349e-006,-0.875667
-5.109099e-006,-0.875667
-5.108849e-006,-0.874
-5.108599e-006,-0.874
-5.108349e-006,-0.875667
-5.108099e-006,-0.875667
-5.107849e-006,-0.874
-5.107599e-006,-0.874
-5.107349e-006,-0.875667
-5.107099e-006,-0.875667
-5.106849e-006,-0.874
-5.106599e-006,-0.874
-5.106349e-006,-0.875667
-5.106099e-006,-0.875667
-5.105849e-006,-0.874
-5.105599e-006,-0.874
-5.105349e-006,-0.875667
-5.105099e-006,-0.875667
-5.104849e-006,-0.874
-5.104599e-006,-0.874
-5.104349e-006,-0.875667
-5.104099e-006,-0.875667
-5.103849e-006,-0.874
-5.103599e-006,-0.874
-5.103349e-006,-0.875667
-5.103099e-006,-0.875667
-5.102849e-006,-0.874
-5.102599e-006,-0.874
-5.102349e-006,-0.875667
-5.102099e-006,-0.875667
-5.101849e-006,-0.874
-5.101599e-006,-0.874
-5.101349e-006,-0.875667
-5.101099e-006,-0.875667
-5.100849e-006,-0.874
-5.100599e-006,-0.874
-5.100349e-006,-0.875667
-5.100099e-006,-0.875667
-5.099849e-006,-0.874
-5.099599e-006,-0.874
-5.099349e-006,-0.875667
-5.099099e-006,-0.875667
-5.098849e-006,-0.874
-5.098599e-006,-0.874
-5.098349e-006,-0.875667
-5.098099e-006,-0.875667
-5.097849e-006,-0.874
-5.097599e-006,-0.874
-5.097349e-006,-0.875667
-5.097099e-006,-0.875667
-5.096849e-006,-0.874
-5.096599e-006,-0.874
-5.096349e-006,-0.875667
-5.096099e-006,-0.874
-5.095849e-006,-0.874
-5.095599e-006,-0.874
-5.095349e-006,-0.875667
-5.095099e-006,-0.874
-5.094849e-006,-0.874
-5.094599e-006,-0.874
-5.094349e-006,-0.875667
-5.094099e-006,-0.874
-5.093849e-006,-0.874
-5.093599e-006,-0.874
-5.093349e-006,-0.875667
-5.093099e-006,-0.874
-5.092849e-006,-0.874
-5.092599e-006,-0.874
-5.092349e-006,-0.875667
-5.092099e-006,-0.875667
-5.091849e-006,-0.874
-5.091599e-006,-0.874
-5.091349e-006,-0.875667
-5.091099e-006,-0.875667
-5.090849e-006,-0.874
-5.090599e-006,-0.874
-5.090349e-006,-0.875667
-5.090099e-006,-0.875667
-5.089849e-006,-0.874
-5.089599e-006,-0.874
-5.089349e-006,-0.874
-5.089099e-006,-0.874
-5.088849e-006,-0.874
-5.088599e-006,-0.874
-5.088349e-006,-0.874
-5.088099e-006,-0.875667
-5.087849e-006,-0.874
-5.087599e-006,-0.874
-5.087349e-006,-0.874
-5.087099e-006,-0.875667
-5.086849e-006,-0.874
-5.086599e-006,-0.874
-5.086349e-006,-0.874
-5.086099e-006,-0.875667
-5.085849e-006,-0.874
-5.085599e-006,-0.874
-5.085349e-006,-0.874
-5.085099e-006,-0.875667
-5.084849e-006,-0.874
-5.084599e-006,-0.874
-5.084349e-006,-0.874
-5.084099e-006,-0.875667
-5.083849e-006,-0.874
-5.083599e-006,-0.874
-5.083349e-006,-0.874
-5.083099e-006,-0.875667
-5.082849e-006,-0.874
-5.082599e-006,-0.874
-5.082349e-006,-0.874
-5.082099e-006,-0.875667
-5.081849e-006,-0.874
-5.081599e-006,-0.874
-5.081349e-006,-0.874
-5.081099e-006,-0.875667
-5.080849e-006,-0.874
-5.080599e-006,-0.874
-5.080349e-006,-0.874
-5.080099e-006,-0.875667
-5.079849e-006,-0.874
-5.079599e-006,-0.874
-5.079349e-006,-0.874
-5.079099e-006,-0.875667
-5.078849e-006,-0.874
-5.078599e-006,-0.874
-5.078349e-006,-0.874
-5.078099e-006,-0.874
-5.077849e-006,-0.874
-5.077599e-006,-0.874
-5.077349e-006,-0.874
-5.077099e-006,-0.874
-5.076849e-006,-0.874
-5.076599e-006,-0.874
-5.076349e-006,-0.875667
-5.076099e-006,-0.875667
-5.075849e-006,-0.874
-5.075599e-006,-0.874
-5.075349e-006,-0.874
-5.075099e-006,-0.875667
-5.074849e-006,-0.874
-5.074599e-006,-0.874
-5.074349e-006,-0.874
-5.074099e-006,-0.875667
-5.073849e-006,-0.874
-5.073599e-006,-0.874
-5.073349e-006,-0.874
-5.073099e-006,-0.875667
-5.072849e-006,-0.874
-5.072599e-006,-0.874
-5.072349e-006,-0.874
-5.072099e-006,-0.875667
-5.071849e-006,-0.874
-5.071599e-006,-0.874
-5.071349e-006,-0.874
-5.071099e-006,-0.875667
-5.070849e-006,-0.874
-5.070599e-006,-0.874
-5.070349e-006,-0.874
-5.070099e-006,-0.874
-5.069849e-006,-0.874
-5.069599e-006,-0.874
-5.069349e-006,-0.874
-5.069099e-006,-0.875667
-5.068849e-006,-0.874
-5.068599e-006,-0.874
-5.068349e-006,-0.875667
-5.068099e-006,-0.875667
-5.067849e-006,-0.874
-5.067599e-006,-0.874
-5.067349e-006,-0.875667
-5.067099e-006,-0.875667
-5.066849e-006,-0.874
-5.066599e-006,-0.874
-5.066349e-006,-0.875667
-5.066099e-006,-0.875667
-5.065849e-006,-0.874
-5.065599e-006,-0.874
-5.065349e-006,-0.875667
-5.065099e-006,-0.875667
-5.064849e-006,-0.874
-5.064599e-006,-0.874
-5.064349e-006,-0.875667
-5.064099e-006,-0.875667
-5.063849e-006,-0.874
-5.063599e-006,-0.874
-5.063349e-006,-0.875667
-5.063099e-006,-0.875667
-5.062849e-006,-0.874
-5.062599e-006,-0.874
-5.062349e-006,-0.875667
-5.062099e-006,-0.874
-5.061849e-006,-0.874
-5.061599e-006,-0.874
-5.061349e-006,-0.874
-5.061099e-006,-0.874
-5.060849e-006,-0.874
-5.060599e-006,-0.874
-5.060349e-006,-0.874
-5.060099e-006,-0.875667
-5.059849e-006,-0.874
-5.059599e-006,-0.874
-5.059349e-006,-0.874
-5.059099e-006,-0.875667
-5.058849e-006,-0.874
-5.058599e-006,-0.874
-5.058349e-006,-0.874
-5.058099e-006,-0.875667
-5.057849e-006,-0.874
-5.057599e-006,-0.874
-5.057349e-006,-0.874
-5.057099e-006,-0.875667
-5.056849e-006,-0.874
-5.056599e-006,-0.874
-5.056349e-006,-0.874
-5.056099e-006,-0.875667
-5.055849e-006,-0.874
-5.055599e-006,-0.874
-5.055349e-006,-0.874
-5.055099e-006,-0.875667
-5.054849e-006,-0.874
-5.054599e-006,-0.874
-5.054349e-006,-0.874
-5.054099e-006,-0.875667
-5.053849e-006,-0.874
-5.053599e-006,-0.874
-5.053349e-006,-0.874
-5.053099e-006,-0.875667
-5.052849e-006,-0.874
-5.052599e-006,-0.874
-5.052349e-006,-0.874
-5.052099e-006,-0.875667
-5.051849e-006,-0.874
-5.051599e-006,-0.874
-5.051349e-006,-0.874
-5.051099e-006,-0.875667
-5.050849e-006,-0.874
-5.050599e-006,-0.874
-5.050349e-006,-0.874
-5.050099e-006,-0.875667
-5.049849e-006,-0.874
-5.049599e-006,-0.874
-5.049349e-006,-0.874
-5.049099e-006,-0.875667
-5.048849e-006,-0.874
-5.048599e-006,-0.874
-5.048349e-006,-0.874
-5.048099e-006,-0.875667
-5.047849e-006,-0.874
-5.047599e-006,-0.874
-5.047349e-006,-0.874
-5.047099e-006,-0.875667
-5.046849e-006,-0.874
-5.046599e-006,-0.874
-5.046349e-006,-0.874
-5.046099e-006,-0.875667
-5.045849e-006,-0.874
-5.045599e-006,-0.874
-5.045349e-006,-0.874
-5.045099e-006,-0.875667
-5.044849e-006,-0.874
-5.044599e-006,-0.874
-5.044349e-006,-0.874
-5.044099e-006,-0.875667
-5.043849e-006,-0.874
-5.043599e-006,-0.874
-5.043349e-006,-0.875667
-5.043099e-006,-0.875667
-5.042849e-006,-0.874
-5.042599e-006,-0.874
-5.042349e-006,-0.875667
-5.042099e-006,-0.875667
-5.041849e-006,-0.874
-5.041599e-006,-0.874
-5.041349e-006,-0.875667
-5.041099e-006,-0.875667
-5.040849e-006,-0.874
-5.040599e-006,-0.874
-5.040349e-006,-0.875667
-5.040099e-006,-0.875667
-5.039849e-006,-0.874
-5.039599e-006,-0.874
-5.039349e-006,-0.875667
-5.039099e-006,-0.875667
-5.038849e-006,-0.874
-5.038599e-006,-0.874
-5.038349e-006,-0.875667
-5.038099e-006,-0.875667
-5.037849e-006,-0.874
-5.037599e-006,-0.874
-5.037349e-006,-0.875667
-5.037099e-006,-0.875667
-5.036849e-006,-0.874
-5.036599e-006,-0.874
-5.036349e-006,-0.875667
-5.036099e-006,-0.875667
-5.035849e-006,-0.874
-5.035599e-006,-0.874
-5.035349e-006,-0.875667
-5.035099e-006,-0.875667
-5.034849e-006,-0.874
-5.034599e-006,-0.874
-5.034349e-006,-0.874
-5.034099e-006,-0.875667
-5.033849e-006,-0.874
-5.033599e-006,-0.874
-5.033349e-006,-0.874
-5.033099e-006,-0.875667
-5.032849e-006,-0.874
-5.032599e-006,-0.874
-5.032349e-006,-0.874
-5.032099e-006,-0.875667
-5.031849e-006,-0.874
-5.031599e-006,-0.874
-5.031349e-006,-0.875667
-5.031099e-006,-0.875667
-5.030849e-006,-0.874
-5.030599e-006,-0.874
-5.030349e-006,-0.875667
-5.030099e-006,-0.875667
-5.029849e-006,-0.874
-5.029599e-006,-0.874
-5.029349e-006,-0.875667
-5.029099e-006,-0.875667
-5.028849e-006,-0.874
-5.028599e-006,-0.874
-5.028349e-006,-0.875667
-5.028099e-006,-0.875667
-5.027849e-006,-0.874
-5.027599e-006,-0.874
-5.027349e-006,-0.875667
-5.027099e-006,-0.875667
-5.026849e-006,-0.874
-5.026599e-006,-0.874
-5.026349e-006,-0.875667
-5.026099e-006,-0.875667
-5.025849e-006,-0.874
-5.025599e-006,-0.874
-5.025349e-006,-0.875667
-5.025099e-006,-0.875667
-5.024849e-006,-0.874
-5.024599e-006,-0.874
-5.024349e-006,-0.875667
-5.024099e-006,-0.875667
-5.023849e-006,-0.874
-5.023599e-006,-0.874
-5.023349e-006,-0.875667
-5.023099e-006,-0.875667
-5.022849e-006,-0.874
-5.022599e-006,-0.874
-5.022349e-006,-0.875667
-5.022099e-006,-0.875667
-5.021849e-006,-0.874
-5.021599e-006,-0.874
-5.021349e-006,-0.874
-5.021099e-006,-0.875667
-5.020849e-006,-0.874
-5.020599e-006,-0.874
-5.020349e-006,-0.875667
-5.020099e-006,-0.875667
-5.019849e-006,-0.874
-5.019599e-006,-0.874
-5.019349e-006,-0.875667
-5.019099e-006,-0.875667
-5.018849e-006,-0.874
-5.018599e-006,-0.874
-5.018349e-006,-0.875667
-5.018099e-006,-0.875667
-5.017849e-006,-0.874
-5.017599e-006,-0.874
-5.017349e-006,-0.875667
-5.017099e-006,-0.875667
-5.016849e-006,-0.874
-5.016599e-006,-0.874
-5.016349e-006,-0.875667
-5.016099e-006,-0.875667
-5.015849e-006,-0.874
-5.015599e-006,-0.874
-5.015349e-006,-0.875667
-5.015099e-006,-0.875667
-5.014849e-006,-0.874
-5.014599e-006,-0.874
-5.014349e-006,-0.875667
-5.014099e-006,-0.875667
-5.013849e-006,-0.874
-5.013599e-006,-0.874
-5.013349e-006,-0.875667
-5.013099e-006,-0.875667
-5.012849e-006,-0.874
-5.012599e-006,-0.874
-5.012349e-006,-0.875667
-5.012099e-006,-0.875667
-5.011849e-006,-0.874
-5.011599e-006,-0.874
-5.011349e-006,-0.875667
-5.011099e-006,-0.874
-5.010849e-006,-0.874
-5.010599e-006,-0.874
-5.010349e-006,-0.875667
-5.010099e-006,-0.874
-5.009849e-006,-0.874
-5.009599e-006,-0.874
-5.009349e-006,-0.875667
-5.009099e-006,-0.874
-5.008849e-006,-0.874
-5.008599e-006,-0.874
-5.008349e-006,-0.875667
-5.008099e-006,-0.875667
-5.007849e-006,-0.874
-5.007599e-006,-0.874
-5.007349e-006,-0.875667
-5.007099e-006,-0.875667
-5.006849e-006,-0.874
-5.006599e-006,-0.874
-5.006349e-006,-0.874
-5.006099e-006,-0.875667
-5.005849e-006,-0.874
-5.005599e-006,-0.874
-5.005349e-006,-0.874
-5.005099e-006,-0.875667
-5.004849e-006,-0.874
-5.004599e-006,-0.874
-5.004349e-006,-0.875667
-5.004099e-006,-0.875667
-5.003849e-006,-0.874
-5.003599e-006,-0.874
-5.003349e-006,-0.875667
-5.003099e-006,-0.875667
-5.002849e-006,-0.874
-5.002599e-006,-0.874
-5.002349e-006,-0.875667
-5.002099e-006,-0.875667
-5.001849e-006,-0.874
-5.001599e-006,-0.874
-5.001349e-006,-0.875667
-5.001099e-006,-0.875667
-5.000849e-006,-0.874
-5.000599e-006,-0.874
-5.000349e-006,-0.875667
-5.000099e-006,-0.875667
-4.999849e-006,-0.874
-4.999599e-006,-0.874
-4.999349e-006,-0.875667
-4.999099e-006,-0.875667
-4.998849e-006,-0.874
-4.998599e-006,-0.874
-4.998349e-006,-0.875667
-4.998099e-006,-0.875667
-4.997849e-006,-0.874
-4.997599e-006,-0.874
-4.997349e-006,-0.875667
-4.997099e-006,-0.875667
-4.996849e-006,-0.874
-4.996599e-006,-0.874
-4.996349e-006,-0.875667
-4.996099e-006,-0.875667
-4.995849e-006,-0.874
-4.995599e-006,-0.874
-4.995349e-006,-0.875667
-4.995099e-006,-0.875667
-4.994849e-006,-0.874
-4.994599e-006,-0.874
-4.994349e-006,-0.875667
-4.994099e-006,-0.875667
-4.993849e-006,-0.874
-4.993599e-006,-0.874
-4.993349e-006,-0.875667
-4.993099e-006,-0.875667
-4.992849e-006,-0.874
-4.992599e-006,-0.874
-4.992349e-006,-0.875667
-4.992099e-006,-0.875667
-4.991849e-006,-0.874
-4.991599e-006,-0.874
-4.991349e-006,-0.875667
-4.991099e-006,-0.875667
-4.990849e-006,-0.874
-4.990599e-006,-0.874
-4.990349e-006,-0.875667
-4.990099e-006,-0.875667
-4.989849e-006,-0.874
-4.989599e-006,-0.874
-4.989349e-006,-0.875667
-4.989099e-006,-0.875667
-4.988849e-006,-0.874
-4.988599e-006,-0.874
-4.988349e-006,-0.875667
-4.988099e-006,-0.875667
-4.987849e-006,-0.874
-4.987599e-006,-0.874
-4.987349e-006,-0.875667
-4.987099e-006,-0.875667
-4.986849e-006,-0.874
-4.986599e-006,-0.874
-4.986349e-006,-0.875667
-4.986099e-006,-0.875667
-4.985849e-006,-0.874
-4.985599e-006,-0.874
-4.985349e-006,-0.875667
-4.985099e-006,-0.875667
-4.984849e-006,-0.874
-4.984599e-006,-0.874
-4.984349e-006,-0.875667
-4.984099e-006,-0.875667
-4.983849e-006,-0.874
-4.983599e-006,-0.874
-4.983349e-006,-0.874
-4.983099e-006,-0.875667
-4.982849e-006,-0.874
-4.982599e-006,-0.874
-4.982349e-006,-0.874
-4.982099e-006,-0.875667
-4.981849e-006,-0.874
-4.981599e-006,-0.874
-4.981349e-006,-0.874
-4.981099e-006,-0.875667
-4.980849e-006,-0.874
-4.980599e-006,-0.874
-4.980349e-006,-0.874
-4.980099e-006,-0.875667
-4.979849e-006,-0.874
-4.979599e-006,-0.874
-4.979349e-006,-0.874
-4.979099e-006,-0.875667
-4.978849e-006,-0.874
-4.978599e-006,-0.874
-4.978349e-006,-0.874
-4.978099e-006,-0.874
-4.977849e-006,-0.874
-4.977599e-006,-0.874
-4.977349e-006,-0.874
-4.977099e-006,-0.875667
-4.976849e-006,-0.874
-4.976599e-006,-0.874
-4.976349e-006,-0.874
-4.976099e-006,-0.875667
-4.975849e-006,-0.874
-4.975599e-006,-0.874
-4.975349e-006,-0.875667
-4.975099e-006,-0.875667
-4.974849e-006,-0.874
-4.974599e-006,-0.874
-4.974349e-006,-0.874
-4.974099e-006,-0.875667
-4.973849e-006,-0.874
-4.973599e-006,-0.874
-4.973349e-006,-0.874
-4.973099e-006,-0.875667
-4.972849e-006,-0.874
-4.972599e-006,-0.874
-4.972349e-006,-0.875667
-4.972099e-006,-0.875667
-4.971849e-006,-0.874
-4.971599e-006,-0.874
-4.971349e-006,-0.875667
-4.971099e-006,-0.875667
-4.970849e-006,-0.874
-4.970599e-006,-0.874
-4.970349e-006,-0.875667
-4.970099e-006,-0.875667
-4.969849e-006,-0.874
-4.969599e-006,-0.874
-4.969349e-006,-0.875667
-4.969099e-006,-0.875667
-4.968849e-006,-0.874
-4.968599e-006,-0.874
-4.968349e-006,-0.875667
-4.968099e-006,-0.875667
-4.967849e-006,-0.874
-4.967599e-006,-0.874
-4.967349e-006,-0.875667
-4.967099e-006,-0.875667
-4.966849e-006,-0.874
-4.966599e-006,-0.874
-4.966349e-006,-0.875667
-4.966099e-006,-0.875667
-4.965849e-006,-0.874
-4.965599e-006,-0.874
-4.965349e-006,-0.875667
-4.965099e-006,-0.875667
-4.964849e-006,-0.874
-4.964599e-006,-0.874
-4.964349e-006,-0.875667
-4.964099e-006,-0.875667
-4.963849e-006,-0.874
-4.963599e-006,-0.874
-4.963349e-006,-0.875667
-4.963099e-006,-0.875667
-4.962849e-006,-0.874
-4.962599e-006,-0.874
-4.962349e-006,-0.875667
-4.962099e-006,-0.874
-4.961849e-006,-0.874
-4.961599e-006,-0.874
-4.961349e-006,-0.875667
-4.961099e-006,-0.874
-4.960849e-006,-0.874
-4.960599e-006,-0.874
-4.960349e-006,-0.875667
-4.960099e-006,-0.874
-4.959849e-006,-0.874
-4.959599e-006,-0.874
-4.959349e-006,-0.875667
-4.959099e-006,-0.874
-4.958849e-006,-0.874
-4.958599e-006,-0.874
-4.958349e-006,-0.874
-4.958099e-006,-0.874
-4.957849e-006,-0.874
-4.957599e-006,-0.874
-4.957349e-006,-0.874
-4.957099e-006,-0.875667
-4.956849e-006,-0.874
-4.956599e-006,-0.874
-4.956349e-006,-0.874
-4.956099e-006,-0.875667
-4.955849e-006,-0.874
-4.955599e-006,-0.874
-4.955349e-006,-0.874
-4.955099e-006,-0.875667
-4.954849e-006,-0.874
-4.954599e-006,-0.874
-4.954349e-006,-0.874
-4.954099e-006,-0.875667
-4.953849e-006,-0.874
-4.953599e-006,-0.874
-4.953349e-006,-0.875667
-4.953099e-006,-0.875667
-4.952849e-006,-0.874
-4.952599e-006,-0.874
-4.952349e-006,-0.875667
-4.952099e-006,-0.875667
-4.951849e-006,-0.874
-4.951599e-006,-0.874
-4.951349e-006,-0.874
-4.951099e-006,-0.875667
-4.950849e-006,-0.874
-4.950599e-006,-0.874
-4.950349e-006,-0.874
-4.950099e-006,-0.875667
-4.949849e-006,-0.874
-4.949599e-006,-0.874
-4.949349e-006,-0.874
-4.949099e-006,-0.875667
-4.948849e-006,-0.874
-4.948599e-006,-0.874
-4.948349e-006,-0.874
-4.948099e-006,-0.875667
-4.947849e-006,-0.874
-4.947599e-006,-0.874
-4.947349e-006,-0.874
-4.947099e-006,-0.874
-4.946849e-006,-0.874
-4.946599e-006,-0.874
-4.946349e-006,-0.874
-4.946099e-006,-0.874
-4.945849e-006,-0.874
-4.945599e-006,-0.874
-4.945349e-006,-0.875667
-4.945099e-006,-0.875667
-4.944849e-006,-0.874
-4.944599e-006,-0.874
-4.944349e-006,-0.875667
-4.944099e-006,-0.875667
-4.943849e-006,-0.874
-4.943599e-006,-0.874
-4.943349e-006,-0.875667
-4.943099e-006,-0.875667
-4.942849e-006,-0.874
-4.942599e-006,-0.874
-4.942349e-006,-0.875667
-4.942099e-006,-0.875667
-4.941849e-006,-0.874
-4.941599e-006,-0.874
-4.941349e-006,-0.875667
-4.941099e-006,-0.875667
-4.940849e-006,-0.874
-4.940599e-006,-0.874
-4.940349e-006,-0.875667
-4.940099e-006,-0.875667
-4.939849e-006,-0.874
-4.939599e-006,-0.874
-4.939349e-006,-0.875667
-4.939099e-006,-0.875667
-4.938849e-006,-0.874
-4.938599e-006,-0.874
-4.938349e-006,-0.875667
-4.938099e-006,-0.875667
-4.937849e-006,-0.874
-4.937599e-006,-0.874
-4.937349e-006,-0.875667
-4.937099e-006,-0.875667
-4.936849e-006,-0.874
-4.936599e-006,-0.874
-4.936349e-006,-0.874
-4.936099e-006,-0.875667
-4.935849e-006,-0.874
-4.935599e-006,-0.874
-4.935349e-006,-0.874
-4.935099e-006,-0.875667
-4.934849e-006,-0.874
-4.934599e-006,-0.874
-4.934349e-006,-0.874
-4.934099e-006,-0.875667
-4.933849e-006,-0.874
-4.933599e-006,-0.874
-4.933349e-006,-0.874
-4.933099e-006,-0.875667
-4.932849e-006,-0.874
-4.932599e-006,-0.874
-4.932349e-006,-0.874
-4.932099e-006,-0.875667
-4.931849e-006,-0.874
-4.931599e-006,-0.874
-4.931349e-006,-0.875667
-4.931099e-006,-0.875667
-4.930849e-006,-0.874
-4.930599e-006,-0.874
-4.930349e-006,-0.875667
-4.930099e-006,-0.875667
-4.929849e-006,-0.874
-4.929599e-006,-0.874
-4.929349e-006,-0.875667
-4.929099e-006,-0.875667
-4.928849e-006,-0.874
-4.928599e-006,-0.874
-4.928349e-006,-0.874
-4.928099e-006,-0.875667
-4.927849e-006,-0.874
-4.927599e-006,-0.874
-4.927349e-006,-0.874
-4.927099e-006,-0.875667
-4.926849e-006,-0.874
-4.926599e-006,-0.874
-4.926349e-006,-0.874
-4.926099e-006,-0.875667
-4.925849e-006,-0.874
-4.925599e-006,-0.874
-4.925349e-006,-0.875667
-4.925099e-006,-0.875667
-4.924849e-006,-0.874
-4.924599e-006,-0.874
-4.924349e-006,-0.875667
-4.924099e-006,-0.875667
-4.923849e-006,-0.874
-4.923599e-006,-0.874
-4.923349e-006,-0.875667
-4.923099e-006,-0.875667
-4.922849e-006,-0.874
-4.922599e-006,-0.874
-4.922349e-006,-0.875667
-4.922099e-006,-0.875667
-4.921849e-006,-0.874
-4.921599e-006,-0.874
-4.921349e-006,-0.875667
-4.921099e-006,-0.875667
-4.920849e-006,-0.874
-4.920599e-006,-0.874
-4.920349e-006,-0.875667
-4.920099e-006,-0.875667
-4.919849e-006,-0.874
-4.919599e-006,-0.874
-4.919349e-006,-0.875667
-4.919099e-006,-0.875667
-4.918849e-006,-0.874
-4.918599e-006,-0.874
-4.918349e-006,-0.875667
-4.918099e-006,-0.875667
-4.917849e-006,-0.874
-4.917599e-006,-0.872333
-4.917349e-006,-0.874
-4.917099e-006,-0.875667
-4.916849e-006,-0.874
-4.916599e-006,-0.874
-4.916349e-006,-0.874
-4.916099e-006,-0.875667
-4.915849e-006,-0.874
-4.915599e-006,-0.874
-4.915349e-006,-0.874
-4.915099e-006,-0.875667
-4.914849e-006,-0.874
-4.914599e-006,-0.874
-4.914349e-006,-0.874
-4.914099e-006,-0.874
-4.913849e-006,-0.874
-4.913599e-006,-0.874
-4.913349e-006,-0.874
-4.913099e-006,-0.875667
-4.912849e-006,-0.874
-4.912599e-006,-0.874
-4.912349e-006,-0.875667
-4.912099e-006,-0.875667
-4.911849e-006,-0.874
-4.911599e-006,-0.874
-4.911349e-006,-0.875667
-4.911099e-006,-0.875667
-4.910849e-006,-0.874
-4.910599e-006,-0.874
-4.910349e-006,-0.875667
-4.910099e-006,-0.875667
-4.909849e-006,-0.874
-4.909599e-006,-0.874
-4.909349e-006,-0.875667
-4.909099e-006,-0.875667
-4.908849e-006,-0.874
-4.908599e-006,-0.874
-4.908349e-006,-0.875667
-4.908099e-006,-0.875667
-4.907849e-006,-0.874
-4.907599e-006,-0.874
-4.907349e-006,-0.875667
-4.907099e-006,-0.875667
-4.906849e-006,-0.874
-4.906599e-006,-0.874
-4.906349e-006,-0.875667
-4.906099e-006,-0.875667
-4.905849e-006,-0.874
-4.905599e-006,-0.874
-4.905349e-006,-0.875667
-4.905099e-006,-0.875667
-4.904849e-006,-0.874
-4.904599e-006,-0.874
-4.904349e-006,-0.875667
-4.904099e-006,-0.875667
-4.903849e-006,-0.874
-4.903599e-006,-0.874
-4.903349e-006,-0.875667
-4.903099e-006,-0.875667
-4.902849e-006,-0.874
-4.902599e-006,-0.874
-4.902349e-006,-0.874
-4.902099e-006,-0.875667
-4.901849e-006,-0.874
-4.901599e-006,-0.874
-4.901349e-006,-0.874
-4.901099e-006,-0.875667
-4.900849e-006,-0.874
-4.900599e-006,-0.874
-4.900349e-006,-0.874
-4.900099e-006,-0.875667
-4.899849e-006,-0.874
-4.899599e-006,-0.874
-4.899349e-006,-0.874
-4.899099e-006,-0.875667
-4.898849e-006,-0.874
-4.898599e-006,-0.874
-4.898349e-006,-0.874
-4.898099e-006,-0.875667
-4.897849e-006,-0.874
-4.897599e-006,-0.874
-4.897349e-006,-0.874
-4.897099e-006,-0.875667
-4.896849e-006,-0.874
-4.896599e-006,-0.874
-4.896349e-006,-0.874
-4.896099e-006,-0.875667
-4.895849e-006,-0.874
-4.895599e-006,-0.874
-4.895349e-006,-0.874
-4.895099e-006,-0.875667
-4.894849e-006,-0.874
-4.894599e-006,-0.874
-4.894349e-006,-0.875667
-4.894099e-006,-0.875667
-4.893849e-006,-0.874
-4.893599e-006,-0.874
-4.893349e-006,-0.875667
-4.893099e-006,-0.875667
-4.892849e-006,-0.874
-4.892599e-006,-0.874
-4.892349e-006,-0.875667
-4.892099e-006,-0.875667
-4.891849e-006,-0.874
-4.891599e-006,-0.874
-4.891349e-006,-0.875667
-4.891099e-006,-0.875667
-4.890849e-006,-0.874
-4.890599e-006,-0.874
-4.890349e-006,-0.874
-4.890099e-006,-0.874
-4.889849e-006,-0.874
-4.889599e-006,-0.874
-4.889349e-006,-0.874
-4.889099e-006,-0.875667
-4.888849e-006,-0.874
-4.888599e-006,-0.874
-4.888349e-006,-0.874
-4.888099e-006,-0.875667
-4.887849e-006,-0.874
-4.887599e-006,-0.874
-4.887349e-006,-0.874
-4.887099e-006,-0.875667
-4.886849e-006,-0.874
-4.886599e-006,-0.874
-4.886349e-006,-0.875667
-4.886099e-006,-0.875667
-4.885849e-006,-0.874
-4.885599e-006,-0.874
-4.885349e-006,-0.874
-4.885099e-006,-0.875667
-4.884849e-006,-0.874
-4.884599e-006,-0.874
-4.884349e-006,-0.874
-4.884099e-006,-0.875667
-4.883849e-006,-0.874
-4.883599e-006,-0.874
-4.883349e-006,-0.874
-4.883099e-006,-0.875667
-4.882849e-006,-0.874
-4.882599e-006,-0.874
-4.882349e-006,-0.874
-4.882099e-006,-0.875667
-4.881849e-006,-0.874
-4.881599e-006,-0.874
-4.881349e-006,-0.874
-4.881099e-006,-0.875667
-4.880849e-006,-0.874
-4.880599e-006,-0.874
-4.880349e-006,-0.875667
-4.880099e-006,-0.875667
-4.879849e-006,-0.874
-4.879599e-006,-0.874
-4.879349e-006,-0.875667
-4.879099e-006,-0.875667
-4.878849e-006,-0.874
-4.878599e-006,-0.874
-4.878349e-006,-0.875667
-4.878099e-006,-0.875667
-4.877849e-006,-0.874
-4.877599e-006,-0.874
-4.877349e-006,-0.875667
-4.877099e-006,-0.875667
-4.876849e-006,-0.874
-4.876599e-006,-0.874
-4.876349e-006,-0.875667
-4.876099e-006,-0.875667
-4.875849e-006,-0.874
-4.875599e-006,-0.874
-4.875349e-006,-0.875667
-4.875099e-006,-0.874
-4.874849e-006,-0.874
-4.874599e-006,-0.874
-4.874349e-006,-0.875667
-4.874099e-006,-0.875667
-4.873849e-006,-0.874
-4.873599e-006,-0.874
-4.873349e-006,-0.875667
-4.873099e-006,-0.875667
-4.872849e-006,-0.874
-4.872599e-006,-0.874
-4.872349e-006,-0.875667
-4.872099e-006,-0.875667
-4.871849e-006,-0.874
-4.871599e-006,-0.874
-4.871349e-006,-0.875667
-4.871099e-006,-0.874
-4.870849e-006,-0.874
-4.870599e-006,-0.874
-4.870349e-006,-0.875667
-4.870099e-006,-0.875667
-4.869849e-006,-0.874
-4.869599e-006,-0.874
-4.869349e-006,-0.875667
-4.869099e-006,-0.875667
-4.868849e-006,-0.874
-4.868599e-006,-0.874
-4.868349e-006,-0.875667
-4.868099e-006,-0.875667
-4.867849e-006,-0.874
-4.867599e-006,-0.874
-4.867349e-006,-0.875667
-4.867099e-006,-0.874
-4.866849e-006,-0.874
-4.866599e-006,-0.874
-4.866349e-006,-0.875667
-4.866099e-006,-0.875667
-4.865849e-006,-0.874
-4.865599e-006,-0.874
-4.865349e-006,-0.875667
-4.865099e-006,-0.875667
-4.864849e-006,-0.874
-4.864599e-006,-0.874
-4.864349e-006,-0.875667
-4.864099e-006,-0.875667
-4.863849e-006,-0.874
-4.863599e-006,-0.874
-4.863349e-006,-0.875667
-4.863099e-006,-0.875667
-4.862849e-006,-0.874
-4.862599e-006,-0.874
-4.862349e-006,-0.875667
-4.862099e-006,-0.875667
-4.861849e-006,-0.874
-4.861599e-006,-0.874
-4.861349e-006,-0.875667
-4.861099e-006,-0.875667
-4.860849e-006,-0.874
-4.860599e-006,-0.874
-4.860349e-006,-0.874
-4.860099e-006,-0.875667
-4.859849e-006,-0.874
-4.859599e-006,-0.874
-4.859349e-006,-0.874
-4.859099e-006,-0.875667
-4.858849e-006,-0.874
-4.858599e-006,-0.874
-4.858349e-006,-0.874
-4.858099e-006,-0.875667
-4.857849e-006,-0.874
-4.857599e-006,-0.874
-4.857349e-006,-0.875667
-4.857099e-006,-0.875667
-4.856849e-006,-0.874
-4.856599e-006,-0.874
-4.856349e-006,-0.875667
-4.856099e-006,-0.874
-4.855849e-006,-0.874
-4.855599e-006,-0.874
-4.855349e-006,-0.874
-4.855099e-006,-0.875667
-4.854849e-006,-0.874
-4.854599e-006,-0.874
-4.854349e-006,-0.874
-4.854099e-006,-0.875667
-4.853849e-006,-0.874
-4.853599e-006,-0.874
-4.853349e-006,-0.875667
-4.853099e-006,-0.875667
-4.852849e-006,-0.874
-4.852599e-006,-0.874
-4.852349e-006,-0.875667
-4.852099e-006,-0.875667
-4.851849e-006,-0.874
-4.851599e-006,-0.874
-4.851349e-006,-0.875667
-4.851099e-006,-0.875667
-4.850849e-006,-0.874
-4.850599e-006,-0.874
-4.850349e-006,-0.875667
-4.850099e-006,-0.875667
-4.849849e-006,-0.874
-4.849599e-006,-0.874
-4.849349e-006,-0.875667
-4.849099e-006,-0.875667
-4.848849e-006,-0.874
-4.848599e-006,-0.874
-4.848349e-006,-0.875667
-4.848099e-006,-0.875667
-4.847849e-006,-0.874
-4.847599e-006,-0.874
-4.847349e-006,-0.875667
-4.847099e-006,-0.875667
-4.846849e-006,-0.874
-4.846599e-006,-0.874
-4.846349e-006,-0.875667
-4.846099e-006,-0.875667
-4.845849e-006,-0.874
-4.845599e-006,-0.874
-4.845349e-006,-0.875667
-4.845099e-006,-0.875667
-4.844849e-006,-0.874
-4.844599e-006,-0.874
-4.844349e-006,-0.875667
-4.844099e-006,-0.875667
-4.843849e-006,-0.874
-4.843599e-006,-0.874
-4.843349e-006,-0.875667
-4.843099e-006,-0.875667
-4.842849e-006,-0.874
-4.842599e-006,-0.874
-4.842349e-006,-0.875667
-4.842099e-006,-0.875667
-4.841849e-006,-0.874
-4.841599e-006,-0.874
-4.841349e-006,-0.875667
-4.841099e-006,-0.875667
-4.840849e-006,-0.874
-4.840599e-006,-0.874
-4.840349e-006,-0.875667
-4.840099e-006,-0.875667
-4.839849e-006,-0.874
-4.839599e-006,-0.874
-4.839349e-006,-0.875667
-4.839099e-006,-0.875667
-4.838849e-006,-0.874
-4.838599e-006,-0.874
-4.838349e-006,-0.875667
-4.838099e-006,-0.875667
-4.837849e-006,-0.874
-4.837599e-006,-0.874
-4.837349e-006,-0.875667
-4.837099e-006,-0.875667
-4.836849e-006,-0.874
-4.836599e-006,-0.874
-4.836349e-006,-0.875667
-4.836099e-006,-0.875667
-4.835849e-006,-0.874
-4.835599e-006,-0.874
-4.835349e-006,-0.875667
-4.835099e-006,-0.875667
-4.834849e-006,-0.874
-4.834599e-006,-0.874
-4.834349e-006,-0.875667
-4.834099e-006,-0.875667
-4.833849e-006,-0.874
-4.833599e-006,-0.874
-4.833349e-006,-0.875667
-4.833099e-006,-0.875667
-4.832849e-006,-0.874
-4.832599e-006,-0.874
-4.832349e-006,-0.875667
-4.832099e-006,-0.875667
-4.831849e-006,-0.874
-4.831599e-006,-0.874
-4.831349e-006,-0.875667
-4.831099e-006,-0.875667
-4.830849e-006,-0.874
-4.830599e-006,-0.874
-4.830349e-006,-0.875667
-4.830099e-006,-0.875667
-4.829849e-006,-0.874
-4.829599e-006,-0.874
-4.829349e-006,-0.875667
-4.829099e-006,-0.875667
-4.828849e-006,-0.874
-4.828599e-006,-0.874
-4.828349e-006,-0.875667
-4.828099e-006,-0.875667
-4.827849e-006,-0.874
-4.827599e-006,-0.874
-4.827349e-006,-0.875667
-4.827099e-006,-0.875667
-4.826849e-006,-0.874
-4.826599e-006,-0.874
-4.826349e-006,-0.875667
-4.826099e-006,-0.875667
-4.825849e-006,-0.874
-4.825599e-006,-0.874
-4.825349e-006,-0.875667
-4.825099e-006,-0.875667
-4.824849e-006,-0.874
-4.824599e-006,-0.874
-4.824349e-006,-0.875667
-4.824099e-006,-0.875667
-4.823849e-006,-0.874
-4.823599e-006,-0.874
-4.823349e-006,-0.875667
-4.823099e-006,-0.875667
-4.822849e-006,-0.874
-4.822599e-006,-0.874
-4.822349e-006,-0.875667
-4.822099e-006,-0.875667
-4.821849e-006,-0.874
-4.821599e-006,-0.874
-4.821349e-006,-0.875667
-4.821099e-006,-0.875667
-4.820849e-006,-0.874
-4.820599e-006,-0.874
-4.820349e-006,-0.875667
-4.820099e-006,-0.875667
-4.819849e-006,-0.874
-4.819599e-006,-0.874
-4.819349e-006,-0.875667
-4.819099e-006,-0.875667
-4.818849e-006,-0.874
-4.818599e-006,-0.874
-4.818349e-006,-0.875667
-4.818099e-006,-0.875667
-4.817849e-006,-0.874
-4.817599e-006,-0.874
-4.817349e-006,-0.875667
-4.817099e-006,-0.875667
-4.816849e-006,-0.874
-4.816599e-006,-0.874
-4.816349e-006,-0.875667
-4.816099e-006,-0.875667
-4.815849e-006,-0.874
-4.815599e-006,-0.874
-4.815349e-006,-0.875667
-4.815099e-006,-0.875667
-4.814849e-006,-0.874
-4.814599e-006,-0.874
-4.814349e-006,-0.875667
-4.814099e-006,-0.875667
-4.813849e-006,-0.874
-4.813599e-006,-0.874
-4.813349e-006,-0.875667
-4.813099e-006,-0.875667
-4.812849e-006,-0.874
-4.812599e-006,-0.874
-4.812349e-006,-0.875667
-4.812099e-006,-0.875667
-4.811849e-006,-0.874
-4.811599e-006,-0.874
-4.811349e-006,-0.875667
-4.811099e-006,-0.875667
-4.810849e-006,-0.874
-4.810599e-006,-0.874
-4.810349e-006,-0.875667
-4.810099e-006,-0.875667
-4.809849e-006,-0.874
-4.809599e-006,-0.874
-4.809349e-006,-0.875667
-4.809099e-006,-0.875667
-4.808849e-006,-0.874
-4.808599e-006,-0.874
-4.808349e-006,-0.875667
-4.808099e-006,-0.875667
-4.807849e-006,-0.874
-4.807599e-006,-0.874
-4.807349e-006,-0.875667
-4.807099e-006,-0.875667
-4.806849e-006,-0.874
-4.806599e-006,-0.874
-4.806349e-006,-0.875667
-4.806099e-006,-0.875667
-4.805849e-006,-0.874
-4.805599e-006,-0.874
-4.805349e-006,-0.875667
-4.805099e-006,-0.875667
-4.804849e-006,-0.874
-4.804599e-006,-0.874
-4.804349e-006,-0.875667
-4.804099e-006,-0.875667
-4.803849e-006,-0.874
-4.803599e-006,-0.874
-4.803349e-006,-0.875667
-4.803099e-006,-0.875667
-4.802849e-006,-0.874
-4.802599e-006,-0.874
-4.802349e-006,-0.875667
-4.802099e-006,-0.875667
-4.801849e-006,-0.874
-4.801599e-006,-0.874
-4.801349e-006,-0.875667
-4.801099e-006,-0.875667
-4.800849e-006,-0.874
-4.800599e-006,-0.874
-4.800349e-006,-0.875667
-4.800099e-006,-0.875667
-4.799849e-006,-0.874
-4.799599e-006,-0.874
-4.799349e-006,-0.875667
-4.799099e-006,-0.875667
-4.798849e-006,-0.874
-4.798599e-006,-0.874
-4.798349e-006,-0.875667
-4.798099e-006,-0.875667
-4.797849e-006,-0.874
-4.797599e-006,-0.874
-4.797349e-006,-0.875667
-4.797099e-006,-0.875667
-4.796849e-006,-0.874
-4.796599e-006,-0.874
-4.796349e-006,-0.875667
-4.796099e-006,-0.875667
-4.795849e-006,-0.874
-4.795599e-006,-0.874
-4.795349e-006,-0.875667
-4.795099e-006,-0.875667
-4.794849e-006,-0.874
-4.794599e-006,-0.874
-4.794349e-006,-0.875667
-4.794099e-006,-0.875667
-4.793849e-006,-0.874
-4.793599e-006,-0.874
-4.793349e-006,-0.875667
-4.793099e-006,-0.875667
-4.792849e-006,-0.874
-4.792599e-006,-0.874
-4.792349e-006,-0.874
-4.792099e-006,-0.875667
-4.791849e-006,-0.874
-4.791599e-006,-0.874
-4.791349e-006,-0.874
-4.791099e-006,-0.875667
-4.790849e-006,-0.874
-4.790599e-006,-0.874
-4.790349e-006,-0.875667
-4.790099e-006,-0.875667
-4.789849e-006,-0.874
-4.789599e-006,-0.874
-4.789349e-006,-0.875667
-4.789099e-006,-0.875667
-4.788849e-006,-0.874
-4.788599e-006,-0.874
-4.788349e-006,-0.875667
-4.788099e-006,-0.875667
-4.787849e-006,-0.874
-4.787599e-006,-0.874
-4.787349e-006,-0.875667
-4.787099e-006,-0.875667
-4.786849e-006,-0.874
-4.786599e-006,-0.874
-4.786349e-006,-0.875667
-4.786099e-006,-0.875667
-4.785849e-006,-0.874
-4.785599e-006,-0.874
-4.785349e-006,-0.875667
-4.785099e-006,-0.875667
-4.784849e-006,-0.874
-4.784599e-006,-0.874
-4.784349e-006,-0.875667
-4.784099e-006,-0.875667
-4.783849e-006,-0.874
-4.783599e-006,-0.874
-4.783349e-006,-0.874
-4.783099e-006,-0.875667
-4.782849e-006,-0.874
-4.782599e-006,-0.874
-4.782349e-006,-0.874
-4.782099e-006,-0.875667
-4.781849e-006,-0.874
-4.781599e-006,-0.874
-4.781349e-006,-0.874
-4.781099e-006,-0.875667
-4.780849e-006,-0.874
-4.780599e-006,-0.874
-4.780349e-006,-0.874
-4.780099e-006,-0.875667
-4.779849e-006,-0.874
-4.779599e-006,-0.874
-4.779349e-006,-0.874
-4.779099e-006,-0.875667
-4.778849e-006,-0.874
-4.778599e-006,-0.874
-4.778349e-006,-0.874
-4.778099e-006,-0.875667
-4.777849e-006,-0.874
-4.777599e-006,-0.874
-4.777349e-006,-0.874
-4.777099e-006,-0.875667
-4.776849e-006,-0.874
-4.776599e-006,-0.874
-4.776349e-006,-0.875667
-4.776099e-006,-0.875667
-4.775849e-006,-0.874
-4.775599e-006,-0.874
-4.775349e-006,-0.875667
-4.775099e-006,-0.875667
-4.774849e-006,-0.874
-4.774599e-006,-0.874
-4.774349e-006,-0.875667
-4.774099e-006,-0.874
-4.773849e-006,-0.874
-4.773599e-006,-0.874
-4.773349e-006,-0.875667
-4.773099e-006,-0.874
-4.772849e-006,-0.874
-4.772599e-006,-0.874
-4.772349e-006,-0.875667
-4.772099e-006,-0.874
-4.771849e-006,-0.874
-4.771599e-006,-0.874
-4.771349e-006,-0.875667
-4.771099e-006,-0.875667
-4.770849e-006,-0.874
-4.770599e-006,-0.874
-4.770349e-006,-0.875667
-4.770099e-006,-0.875667
-4.769849e-006,-0.874
-4.769599e-006,-0.874
-4.769349e-006,-0.875667
-4.769099e-006,-0.875667
-4.768849e-006,-0.874
-4.768599e-006,-0.874
-4.768349e-006,-0.875667
-4.768099e-006,-0.875667
-4.767849e-006,-0.874
-4.767599e-006,-0.874
-4.767349e-006,-0.875667
-4.767099e-006,-0.875667
-4.766849e-006,-0.874
-4.766599e-006,-0.874
-4.766349e-006,-0.875667
-4.766099e-006,-0.875667
-4.765849e-006,-0.874
-4.765599e-006,-0.874
-4.765349e-006,-0.875667
-4.765099e-006,-0.875667
-4.764849e-006,-0.874
-4.764599e-006,-0.874
-4.764349e-006,-0.875667
-4.764099e-006,-0.875667
-4.763849e-006,-0.874
-4.763599e-006,-0.874
-4.763349e-006,-0.875667
-4.763099e-006,-0.875667
-4.762849e-006,-0.874
-4.762599e-006,-0.874
-4.762349e-006,-0.875667
-4.762099e-006,-0.875667
-4.761849e-006,-0.874
-4.761599e-006,-0.874
-4.761349e-006,-0.875667
-4.761099e-006,-0.875667
-4.760849e-006,-0.874
-4.760599e-006,-0.874
-4.760349e-006,-0.875667
-4.760099e-006,-0.875667
-4.759849e-006,-0.874
-4.759599e-006,-0.874
-4.759349e-006,-0.875667
-4.759099e-006,-0.875667
-4.758849e-006,-0.874
-4.758599e-006,-0.874
-4.758349e-006,-0.875667
-4.758099e-006,-0.875667
-4.757849e-006,-0.874
-4.757599e-006,-0.874
-4.757349e-006,-0.875667
-4.757099e-006,-0.875667
-4.756849e-006,-0.874
-4.756599e-006,-0.874
-4.756349e-006,-0.875667
-4.756099e-006,-0.875667
-4.755849e-006,-0.874
-4.755599e-006,-0.874
-4.755349e-006,-0.875667
-4.755099e-006,-0.875667
-4.754849e-006,-0.874
-4.754599e-006,-0.874
-4.754349e-006,-0.875667
-4.754099e-006,-0.875667
-4.753849e-006,-0.874
-4.753599e-006,-0.874
-4.753349e-006,-0.875667
-4.753099e-006,-0.875667
-4.752849e-006,-0.874
-4.752599e-006,-0.874
-4.752349e-006,-0.875667
-4.752099e-006,-0.875667
-4.751849e-006,-0.874
-4.751599e-006,-0.874
-4.751349e-006,-0.875667
-4.751099e-006,-0.875667
-4.750849e-006,-0.874
-4.750599e-006,-0.874
-4.750349e-006,-0.875667
-4.750099e-006,-0.875667
-4.749849e-006,-0.874
-4.749599e-006,-0.874
-4.749349e-006,-0.875667
-4.749099e-006,-0.875667
-4.748849e-006,-0.874
-4.748599e-006,-0.874
-4.748349e-006,-0.875667
-4.748099e-006,-0.875667
-4.747849e-006,-0.874
-4.747599e-006,-0.874
-4.747349e-006,-0.875667
-4.747099e-006,-0.875667
-4.746849e-006,-0.874
-4.746599e-006,-0.874
-4.746349e-006,-0.875667
-4.746099e-006,-0.875667
-4.745849e-006,-0.874
-4.745599e-006,-0.874
-4.745349e-006,-0.875667
-4.745099e-006,-0.875667
-4.744849e-006,-0.874
-4.744599e-006,-0.874
-4.744349e-006,-0.875667
-4.744099e-006,-0.875667
-4.743849e-006,-0.874
-4.743599e-006,-0.874
-4.743349e-006,-0.875667
-4.743099e-006,-0.875667
-4.742849e-006,-0.874
-4.742599e-006,-0.874
-4.742349e-006,-0.875667
-4.742099e-006,-0.874
-4.741849e-006,-0.874
-4.741599e-006,-0.874
-4.741349e-006,-0.874
-4.741099e-006,-0.874
-4.740849e-006,-0.874
-4.740599e-006,-0.874
-4.740349e-006,-0.874
-4.740099e-006,-0.875667
-4.739849e-006,-0.874
-4.739599e-006,-0.874
-4.739349e-006,-0.874
-4.739099e-006,-0.875667
-4.738849e-006,-0.874
-4.738599e-006,-0.874
-4.738349e-006,-0.875667
-4.738099e-006,-0.875667
-4.737849e-006,-0.874
-4.737599e-006,-0.874
-4.737349e-006,-0.874
-4.737099e-006,-0.875667
-4.736849e-006,-0.874
-4.736599e-006,-0.874
-4.736349e-006,-0.875667
-4.736099e-006,-0.875667
-4.735849e-006,-0.875667
-4.735599e-006,-0.874
-4.735349e-006,-0.875667
-4.735099e-006,-0.875667
-4.734849e-006,-0.875667
-4.734599e-006,-0.874
-4.734349e-006,-0.875667
-4.734099e-006,-0.875667
-4.733849e-006,-0.875667
-4.733599e-006,-0.874
-4.733349e-006,-0.875667
-4.733099e-006,-0.875667
-4.732849e-006,-0.875667
-4.732599e-006,-0.874
-4.732349e-006,-0.875667
-4.732099e-006,-0.875667
-4.731849e-006,-0.875667
-4.731599e-006,-0.874
-4.731349e-006,-0.875667
-4.731099e-006,-0.875667
-4.730849e-006,-0.875667
-4.730599e-006,-0.874
-4.730349e-006,-0.875667
-4.730099e-006,-0.875667
-4.729849e-006,-0.874
-4.729599e-006,-0.874
-4.729349e-006,-0.875667
-4.729099e-006,-0.875667
-4.728849e-006,-0.874
-4.728599e-006,-0.874
-4.728349e-006,-0.875667
-4.728099e-006,-0.875667
-4.727849e-006,-0.874
-4.727599e-006,-0.874
-4.727349e-006,-0.875667
-4.727099e-006,-0.875667
-4.726849e-006,-0.874
-4.726599e-006,-0.874
-4.726349e-006,-0.875667
-4.726099e-006,-0.875667
-4.725849e-006,-0.875667
-4.725599e-006,-0.874
-4.725349e-006,-0.875667
-4.725099e-006,-0.875667
-4.724849e-006,-0.875667
-4.724599e-006,-0.874
-4.724349e-006,-0.875667
-4.724099e-006,-0.875667
-4.723849e-006,-0.875667
-4.723599e-006,-0.874
-4.723349e-006,-0.875667
-4.723099e-006,-0.875667
-4.722849e-006,-0.875667
-4.722599e-006,-0.874
-4.722349e-006,-0.875667
-4.722099e-006,-0.875667
-4.721849e-006,-0.875667
-4.721599e-006,-0.874
-4.721349e-006,-0.875667
-4.721099e-006,-0.875667
-4.720849e-006,-0.874
-4.720599e-006,-0.874
-4.720349e-006,-0.875667
-4.720099e-006,-0.875667
-4.719849e-006,-0.874
-4.719599e-006,-0.874
-4.719349e-006,-0.874
-4.719099e-006,-0.875667
-4.718849e-006,-0.874
-4.718599e-006,-0.874
-4.718349e-006,-0.874
-4.718099e-006,-0.875667
-4.717849e-006,-0.874
-4.717599e-006,-0.874
-4.717349e-006,-0.874
-4.717099e-006,-0.875667
-4.716849e-006,-0.874
-4.716599e-006,-0.874
-4.716349e-006,-0.875667
-4.716099e-006,-0.875667
-4.715849e-006,-0.874
-4.715599e-006,-0.874
-4.715349e-006,-0.875667
-4.715099e-006,-0.875667
-4.714849e-006,-0.874
-4.714599e-006,-0.874
-4.714349e-006,-0.875667
-4.714099e-006,-0.875667
-4.713849e-006,-0.874
-4.713599e-006,-0.874
-4.713349e-006,-0.875667
-4.713099e-006,-0.875667
-4.712849e-006,-0.874
-4.712599e-006,-0.874
-4.712349e-006,-0.875667
-4.712099e-006,-0.875667
-4.711849e-006,-0.874
-4.711599e-006,-0.874
-4.711349e-006,-0.875667
-4.711099e-006,-0.875667
-4.710849e-006,-0.874
-4.710599e-006,-0.874
-4.710349e-006,-0.875667
-4.710099e-006,-0.875667
-4.709849e-006,-0.874
-4.709599e-006,-0.874
-4.709349e-006,-0.875667
-4.709099e-006,-0.875667
-4.708849e-006,-0.874
-4.708599e-006,-0.874
-4.708349e-006,-0.875667
-4.708099e-006,-0.875667
-4.707849e-006,-0.874
-4.707599e-006,-0.874
-4.707349e-006,-0.875667
-4.707099e-006,-0.875667
-4.706849e-006,-0.874
-4.706599e-006,-0.874
-4.706349e-006,-0.875667
-4.706099e-006,-0.875667
-4.705849e-006,-0.874
-4.705599e-006,-0.874
-4.705349e-006,-0.875667
-4.705099e-006,-0.875667
-4.704849e-006,-0.874
-4.704599e-006,-0.874
-4.704349e-006,-0.875667
-4.704099e-006,-0.875667
-4.703849e-006,-0.874
-4.703599e-006,-0.874
-4.703349e-006,-0.875667
-4.703099e-006,-0.875667
-4.702849e-006,-0.875667
-4.702599e-006,-0.874
-4.702349e-006,-0.875667
-4.702099e-006,-0.875667
-4.701849e-006,-0.875667
-4.701599e-006,-0.874
-4.701349e-006,-0.875667
-4.701099e-006,-0.875667
-4.700849e-006,-0.875667
-4.700599e-006,-0.874
-4.700349e-006,-0.875667
-4.700099e-006,-0.875667
-4.699849e-006,-0.875667
-4.699599e-006,-0.874
-4.699349e-006,-0.875667
-4.699099e-006,-0.875667
-4.698849e-006,-0.875667
-4.698599e-006,-0.874
-4.698349e-006,-0.875667
-4.698099e-006,-0.875667
-4.697849e-006,-0.875667
-4.697599e-006,-0.874
-4.697349e-006,-0.875667
-4.697099e-006,-0.875667
-4.696849e-006,-0.874
-4.696599e-006,-0.874
-4.696349e-006,-0.875667
-4.696099e-006,-0.875667
-4.695849e-006,-0.874
-4.695599e-006,-0.874
-4.695349e-006,-0.875667
-4.695099e-006,-0.875667
-4.694849e-006,-0.874
-4.694599e-006,-0.874
-4.694349e-006,-0.875667
-4.694099e-006,-0.875667
-4.693849e-006,-0.874
-4.693599e-006,-0.874
-4.693349e-006,-0.875667
-4.693099e-006,-0.875667
-4.692849e-006,-0.874
-4.692599e-006,-0.874
-4.692349e-006,-0.875667
-4.692099e-006,-0.875667
-4.691849e-006,-0.874
-4.691599e-006,-0.874
-4.691349e-006,-0.875667
-4.691099e-006,-0.875667
-4.690849e-006,-0.874
-4.690599e-006,-0.874
-4.690349e-006,-0.875667
-4.690099e-006,-0.875667
-4.689849e-006,-0.874
-4.689599e-006,-0.874
-4.689349e-006,-0.875667
-4.689099e-006,-0.875667
-4.688849e-006,-0.874
-4.688599e-006,-0.874
-4.688349e-006,-0.875667
-4.688099e-006,-0.875667
-4.687849e-006,-0.874
-4.687599e-006,-0.874
-4.687349e-006,-0.875667
-4.687099e-006,-0.875667
-4.686849e-006,-0.875667
-4.686599e-006,-0.874
-4.686349e-006,-0.875667
-4.686099e-006,-0.875667
-4.685849e-006,-0.875667
-4.685599e-006,-0.874
-4.685349e-006,-0.875667
-4.685099e-006,-0.875667
-4.684849e-006,-0.875667
-4.684599e-006,-0.874
-4.684349e-006,-0.875667
-4.684099e-006,-0.875667
-4.683849e-006,-0.875667
-4.683599e-006,-0.874
-4.683349e-006,-0.875667
-4.683099e-006,-0.875667
-4.682849e-006,-0.875667
-4.682599e-006,-0.874
-4.682349e-006,-0.875667
-4.682099e-006,-0.875667
-4.681849e-006,-0.874
-4.681599e-006,-0.874
-4.681349e-006,-0.875667
-4.681099e-006,-0.875667
-4.680849e-006,-0.874
-4.680599e-006,-0.874
-4.680349e-006,-0.875667
-4.680099e-006,-0.875667
-4.679849e-006,-0.874
-4.679599e-006,-0.874
-4.679349e-006,-0.875667
-4.679099e-006,-0.875667
-4.678849e-006,-0.874
-4.678599e-006,-0.874
-4.678349e-006,-0.875667
-4.678099e-006,-0.874
-4.677849e-006,-0.874
-4.677599e-006,-0.874
-4.677349e-006,-0.875667
-4.677099e-006,-0.875667
-4.676849e-006,-0.874
-4.676599e-006,-0.874
-4.676349e-006,-0.875667
-4.676099e-006,-0.875667
-4.675849e-006,-0.874
-4.675599e-006,-0.874
-4.675349e-006,-0.875667
-4.675099e-006,-0.875667
-4.674849e-006,-0.874
-4.674599e-006,-0.874
-4.674349e-006,-0.875667
-4.674099e-006,-0.875667
-4.673849e-006,-0.874
-4.673599e-006,-0.874
-4.673349e-006,-0.875667
-4.673099e-006,-0.875667
-4.672849e-006,-0.874
-4.672599e-006,-0.874
-4.672349e-006,-0.875667
-4.672099e-006,-0.875667
-4.671849e-006,-0.874
-4.671599e-006,-0.874
-4.671349e-006,-0.874
-4.671099e-006,-0.874
-4.670849e-006,-0.874
-4.670599e-006,-0.874
-4.670349e-006,-0.875667
-4.670099e-006,-0.875667
-4.669849e-006,-0.874
-4.669599e-006,-0.874
-4.669349e-006,-0.875667
-4.669099e-006,-0.875667
-4.668849e-006,-0.874
-4.668599e-006,-0.874
-4.668349e-006,-0.875667
-4.668099e-006,-0.875667
-4.667849e-006,-0.874
-4.667599e-006,-0.874
-4.667349e-006,-0.875667
-4.667099e-006,-0.875667
-4.666849e-006,-0.874
-4.666599e-006,-0.874
-4.666349e-006,-0.875667
-4.666099e-006,-0.875667
-4.665849e-006,-0.874
-4.665599e-006,-0.874
-4.665349e-006,-0.875667
-4.665099e-006,-0.875667
-4.664849e-006,-0.874
-4.664599e-006,-0.874
-4.664349e-006,-0.875667
-4.664099e-006,-0.875667
-4.663849e-006,-0.874
-4.663599e-006,-0.874
-4.663349e-006,-0.875667
-4.663099e-006,-0.875667
-4.662849e-006,-0.874
-4.662599e-006,-0.874
-4.662349e-006,-0.875667
-4.662099e-006,-0.875667
-4.661849e-006,-0.874
-4.661599e-006,-0.874
-4.661349e-006,-0.875667
-4.661099e-006,-0.875667
-4.660849e-006,-0.874
-4.660599e-006,-0.874
-4.660349e-006,-0.875667
-4.660099e-006,-0.875667
-4.659849e-006,-0.874
-4.659599e-006,-0.874
-4.659349e-006,-0.875667
-4.659099e-006,-0.875667
-4.658849e-006,-0.874
-4.658599e-006,-0.874
-4.658349e-006,-0.875667
-4.658099e-006,-0.875667
-4.657849e-006,-0.874
-4.657599e-006,-0.874
-4.657349e-006,-0.875667
-4.657099e-006,-0.875667
-4.656849e-006,-0.874
-4.656599e-006,-0.874
-4.656349e-006,-0.875667
-4.656099e-006,-0.875667
-4.655849e-006,-0.874
-4.655599e-006,-0.874
-4.655349e-006,-0.875667
-4.655099e-006,-0.875667
-4.654849e-006,-0.874
-4.654599e-006,-0.874
-4.654349e-006,-0.875667
-4.654099e-006,-0.875667
-4.653849e-006,-0.874
-4.653599e-006,-0.874
-4.653349e-006,-0.875667
-4.653099e-006,-0.875667
-4.652849e-006,-0.874
-4.652599e-006,-0.874
-4.652349e-006,-0.875667
-4.652099e-006,-0.875667
-4.651849e-006,-0.874
-4.651599e-006,-0.874
-4.651349e-006,-0.875667
-4.651099e-006,-0.875667
-4.650849e-006,-0.874
-4.650599e-006,-0.874
-4.650349e-006,-0.875667
-4.650099e-006,-0.875667
-4.649849e-006,-0.874
-4.649599e-006,-0.874
-4.649349e-006,-0.875667
-4.649099e-006,-0.875667
-4.648849e-006,-0.874
-4.648599e-006,-0.874
-4.648349e-006,-0.875667
-4.648099e-006,-0.875667
-4.647849e-006,-0.874
-4.647599e-006,-0.874
-4.647349e-006,-0.875667
-4.647099e-006,-0.875667
-4.646849e-006,-0.874
-4.646599e-006,-0.874
-4.646349e-006,-0.875667
-4.646099e-006,-0.875667
-4.645849e-006,-0.874
-4.645599e-006,-0.874
-4.645349e-006,-0.875667
-4.645099e-006,-0.874
-4.644849e-006,-0.874
-4.644599e-006,-0.874
-4.644349e-006,-0.875667
-4.644099e-006,-0.875667
-4.643849e-006,-0.874
-4.643599e-006,-0.874
-4.643349e-006,-0.875667
-4.643099e-006,-0.875667
-4.642849e-006,-0.874
-4.642599e-006,-0.874
-4.642349e-006,-0.875667
-4.642099e-006,-0.875667
-4.641849e-006,-0.875667
-4.641599e-006,-0.874
-4.641349e-006,-0.875667
-4.641099e-006,-0.875667
-4.640849e-006,-0.874
-4.640599e-006,-0.874
-4.640349e-006,-0.875667
-4.640099e-006,-0.875667
-4.639849e-006,-0.874
-4.639599e-006,-0.874
-4.639349e-006,-0.875667
-4.639099e-006,-0.875667
-4.638849e-006,-0.874
-4.638599e-006,-0.874
-4.638349e-006,-0.875667
-4.638099e-006,-0.875667
-4.637849e-006,-0.874
-4.637599e-006,-0.874
-4.637349e-006,-0.875667
-4.637099e-006,-0.875667
-4.636849e-006,-0.874
-4.636599e-006,-0.874
-4.636349e-006,-0.875667
-4.636099e-006,-0.875667
-4.635849e-006,-0.874
-4.635599e-006,-0.874
-4.635349e-006,-0.875667
-4.635099e-006,-0.875667
-4.634849e-006,-0.874
-4.634599e-006,-0.874
-4.634349e-006,-0.875667
-4.634099e-006,-0.875667
-4.633849e-006,-0.874
-4.633599e-006,-0.874
-4.633349e-006,-0.875667
-4.633099e-006,-0.875667
-4.632849e-006,-0.874
-4.632599e-006,-0.874
-4.632349e-006,-0.875667
-4.632099e-006,-0.875667
-4.631849e-006,-0.874
-4.631599e-006,-0.874
-4.631349e-006,-0.875667
-4.631099e-006,-0.875667
-4.630849e-006,-0.874
-4.630599e-006,-0.874
-4.630349e-006,-0.875667
-4.630099e-006,-0.875667
-4.629849e-006,-0.874
-4.629599e-006,-0.874
-4.629349e-006,-0.875667
-4.629099e-006,-0.875667
-4.628849e-006,-0.874
-4.628599e-006,-0.874
-4.628349e-006,-0.875667
-4.628099e-006,-0.875667
-4.627849e-006,-0.874
-4.627599e-006,-0.874
-4.627349e-006,-0.875667
-4.627099e-006,-0.875667
-4.626849e-006,-0.874
-4.626599e-006,-0.874
-4.626349e-006,-0.875667
-4.626099e-006,-0.875667
-4.625849e-006,-0.874
-4.625599e-006,-0.874
-4.625349e-006,-0.875667
-4.625099e-006,-0.875667
-4.624849e-006,-0.874
-4.624599e-006,-0.874
-4.624349e-006,-0.875667
-4.624099e-006,-0.875667
-4.623849e-006,-0.874
-4.623599e-006,-0.874
-4.623349e-006,-0.875667
-4.623099e-006,-0.875667
-4.622849e-006,-0.874
-4.622599e-006,-0.874
-4.622349e-006,-0.875667
-4.622099e-006,-0.874
-4.621849e-006,-0.874
-4.621599e-006,-0.874
-4.621349e-006,-0.875667
-4.621099e-006,-0.875667
-4.620849e-006,-0.874
-4.620599e-006,-0.874
-4.620349e-006,-0.875667
-4.620099e-006,-0.875667
-4.619849e-006,-0.874
-4.619599e-006,-0.874
-4.619349e-006,-0.875667
-4.619099e-006,-0.875667
-4.618849e-006,-0.874
-4.618599e-006,-0.874
-4.618349e-006,-0.875667
-4.618099e-006,-0.875667
-4.617849e-006,-0.874
-4.617599e-006,-0.874
-4.617349e-006,-0.875667
-4.617099e-006,-0.875667
-4.616849e-006,-0.874
-4.616599e-006,-0.874
-4.616349e-006,-0.875667
-4.616099e-006,-0.875667
-4.615849e-006,-0.874
-4.615599e-006,-0.874
-4.615349e-006,-0.875667
-4.615099e-006,-0.875667
-4.614849e-006,-0.875667
-4.614599e-006,-0.874
-4.614349e-006,-0.875667
-4.614099e-006,-0.875667
-4.613849e-006,-0.875667
-4.613599e-006,-0.874
-4.613349e-006,-0.875667
-4.613099e-006,-0.875667
-4.612849e-006,-0.875667
-4.612599e-006,-0.874
-4.612349e-006,-0.875667
-4.612099e-006,-0.875667
-4.611849e-006,-0.875667
-4.611599e-006,-0.874
-4.611349e-006,-0.875667
-4.611099e-006,-0.875667
-4.610849e-006,-0.874
-4.610599e-006,-0.874
-4.610349e-006,-0.875667
-4.610099e-006,-0.875667
-4.609849e-006,-0.874
-4.609599e-006,-0.874
-4.609349e-006,-0.875667
-4.609099e-006,-0.875667
-4.608849e-006,-0.874
-4.608599e-006,-0.874
-4.608349e-006,-0.875667
-4.608099e-006,-0.875667
-4.607849e-006,-0.874
-4.607599e-006,-0.874
-4.607349e-006,-0.875667
-4.607099e-006,-0.875667
-4.606849e-006,-0.874
-4.606599e-006,-0.874
-4.606349e-006,-0.875667
-4.606099e-006,-0.875667
-4.605849e-006,-0.874
-4.605599e-006,-0.874
-4.605349e-006,-0.875667
-4.605099e-006,-0.875667
-4.604849e-006,-0.874
-4.604599e-006,-0.874
-4.604349e-006,-0.875667
-4.604099e-006,-0.875667
-4.603849e-006,-0.874
-4.603599e-006,-0.874
-4.603349e-006,-0.875667
-4.603099e-006,-0.875667
-4.602849e-006,-0.874
-4.602599e-006,-0.874
-4.602349e-006,-0.875667
-4.602099e-006,-0.875667
-4.601849e-006,-0.874
-4.601599e-006,-0.874
-4.601349e-006,-0.875667
-4.601099e-006,-0.875667
-4.600849e-006,-0.874
-4.600599e-006,-0.874
-4.600349e-006,-0.875667
-4.600099e-006,-0.875667
-4.599849e-006,-0.874
-4.599599e-006,-0.874
-4.599349e-006,-0.874
-4.599099e-006,-0.875667
-4.598849e-006,-0.874
-4.598599e-006,-0.874
-4.598349e-006,-0.875667
-4.598099e-006,-0.875667
-4.597849e-006,-0.874
-4.597599e-006,-0.874
-4.597349e-006,-0.875667
-4.597099e-006,-0.875667
-4.596849e-006,-0.874
-4.596599e-006,-0.874
-4.596349e-006,-0.875667
-4.596099e-006,-0.874
-4.595849e-006,-0.874
-4.595599e-006,-0.874
-4.595349e-006,-0.875667
-4.595099e-006,-0.874
-4.594849e-006,-0.874
-4.594599e-006,-0.874
-4.594349e-006,-0.875667
-4.594099e-006,-0.875667
-4.593849e-006,-0.874
-4.593599e-006,-0.874
-4.593349e-006,-0.875667
-4.593099e-006,-0.875667
-4.592849e-006,-0.874
-4.592599e-006,-0.874
-4.592349e-006,-0.875667
-4.592099e-006,-0.875667
-4.591849e-006,-0.874
-4.591599e-006,-0.874
-4.591349e-006,-0.875667
-4.591099e-006,-0.875667
-4.590849e-006,-0.874
-4.590599e-006,-0.874
-4.590349e-006,-0.875667
-4.590099e-006,-0.875667
-4.589849e-006,-0.874
-4.589599e-006,-0.874
-4.589349e-006,-0.875667
-4.589099e-006,-0.875667
-4.588849e-006,-0.874
-4.588599e-006,-0.874
-4.588349e-006,-0.875667
-4.588099e-006,-0.875667
-4.587849e-006,-0.874
-4.587599e-006,-0.874
-4.587349e-006,-0.875667
-4.587099e-006,-0.875667
-4.586849e-006,-0.874
-4.586599e-006,-0.874
-4.586349e-006,-0.875667
-4.586099e-006,-0.875667
-4.585849e-006,-0.874
-4.585599e-006,-0.874
-4.585349e-006,-0.875667
-4.585099e-006,-0.875667
-4.584849e-006,-0.874
-4.584599e-006,-0.874
-4.584349e-006,-0.875667
-4.584099e-006,-0.875667
-4.583849e-006,-0.874
-4.583599e-006,-0.874
-4.583349e-006,-0.875667
-4.583099e-006,-0.875667
-4.582849e-006,-0.874
-4.582599e-006,-0.874
-4.582349e-006,-0.875667
-4.582099e-006,-0.874
-4.581849e-006,-0.874
-4.581599e-006,-0.874
-4.581349e-006,-0.875667
-4.581099e-006,-0.874
-4.580849e-006,-0.874
-4.580599e-006,-0.874
-4.580349e-006,-0.875667
-4.580099e-006,-0.875667
-4.579849e-006,-0.874
-4.579599e-006,-0.874
-4.579349e-006,-0.874
-4.579099e-006,-0.875667
-4.578849e-006,-0.874
-4.578599e-006,-0.874
-4.578349e-006,-0.875667
-4.578099e-006,-0.875667
-4.577849e-006,-0.874
-4.577599e-006,-0.874
-4.577349e-006,-0.875667
-4.577099e-006,-0.875667
-4.576849e-006,-0.874
-4.576599e-006,-0.874
-4.576349e-006,-0.875667
-4.576099e-006,-0.875667
-4.575849e-006,-0.874
-4.575599e-006,-0.874
-4.575349e-006,-0.875667
-4.575099e-006,-0.875667
-4.574849e-006,-0.874
-4.574599e-006,-0.874
-4.574349e-006,-0.875667
-4.574099e-006,-0.875667
-4.573849e-006,-0.874
-4.573599e-006,-0.874
-4.573349e-006,-0.875667
-4.573099e-006,-0.875667
-4.572849e-006,-0.874
-4.572599e-006,-0.874
-4.572349e-006,-0.875667
-4.572099e-006,-0.875667
-4.571849e-006,-0.874
-4.571599e-006,-0.874
-4.571349e-006,-0.875667
-4.571099e-006,-0.875667
-4.570849e-006,-0.875667
-4.570599e-006,-0.874
-4.570349e-006,-0.875667
-4.570099e-006,-0.875667
-4.569849e-006,-0.875667
-4.569599e-006,-0.874
-4.569349e-006,-0.874
-4.569099e-006,-0.875667
-4.568849e-006,-0.874
-4.568599e-006,-0.874
-4.568349e-006,-0.874
-4.568099e-006,-0.875667
-4.567849e-006,-0.874
-4.567599e-006,-0.874
-4.567349e-006,-0.874
-4.567099e-006,-0.874
-4.566849e-006,-0.874
-4.566599e-006,-0.874
-4.566349e-006,-0.874
-4.566099e-006,-0.874
-4.565849e-006,-0.874
-4.565599e-006,-0.874
-4.565349e-006,-0.874
-4.565099e-006,-0.874
-4.564849e-006,-0.874
-4.564599e-006,-0.874
-4.564349e-006,-0.874
-4.564099e-006,-0.875667
-4.563849e-006,-0.874
-4.563599e-006,-0.874
-4.563349e-006,-0.874
-4.563099e-006,-0.875667
-4.562849e-006,-0.874
-4.562599e-006,-0.874
-4.562349e-006,-0.875667
-4.562099e-006,-0.875667
-4.561849e-006,-0.874
-4.561599e-006,-0.874
-4.561349e-006,-0.875667
-4.561099e-006,-0.875667
-4.560849e-006,-0.874
-4.560599e-006,-0.874
-4.560349e-006,-0.875667
-4.560099e-006,-0.875667
-4.559849e-006,-0.874
-4.559599e-006,-0.874
-4.559349e-006,-0.875667
-4.559099e-006,-0.875667
-4.558849e-006,-0.874
-4.558599e-006,-0.874
-4.558349e-006,-0.875667
-4.558099e-006,-0.875667
-4.557849e-006,-0.874
-4.557599e-006,-0.874
-4.557349e-006,-0.875667
-4.557099e-006,-0.875667
-4.556849e-006,-0.874
-4.556599e-006,-0.874
-4.556349e-006,-0.875667
-4.556099e-006,-0.875667
-4.555849e-006,-0.874
-4.555599e-006,-0.874
-4.555349e-006,-0.875667
-4.555099e-006,-0.875667
-4.554849e-006,-0.874
-4.554599e-006,-0.874
-4.554349e-006,-0.875667
-4.554099e-006,-0.875667
-4.553849e-006,-0.874
-4.553599e-006,-0.874
-4.553349e-006,-0.874
-4.553099e-006,-0.875667
-4.552849e-006,-0.874
-4.552599e-006,-0.874
-4.552349e-006,-0.875667
-4.552099e-006,-0.875667
-4.551849e-006,-0.874
-4.551599e-006,-0.874
-4.551349e-006,-0.875667
-4.551099e-006,-0.875667
-4.550849e-006,-0.874
-4.550599e-006,-0.874
-4.550349e-006,-0.875667
-4.550099e-006,-0.875667
-4.549849e-006,-0.874
-4.549599e-006,-0.874
-4.549349e-006,-0.875667
-4.549099e-006,-0.875667
-4.548849e-006,-0.874
-4.548599e-006,-0.874
-4.548349e-006,-0.875667
-4.548099e-006,-0.875667
-4.547849e-006,-0.874
-4.547599e-006,-0.874
-4.547349e-006,-0.875667
-4.547099e-006,-0.875667
-4.546849e-006,-0.874
-4.546599e-006,-0.874
-4.546349e-006,-0.875667
-4.546099e-006,-0.875667
-4.545849e-006,-0.874
-4.545599e-006,-0.874
-4.545349e-006,-0.875667
-4.545099e-006,-0.875667
-4.544849e-006,-0.874
-4.544599e-006,-0.874
-4.544349e-006,-0.875667
-4.544099e-006,-0.875667
-4.543849e-006,-0.874
-4.543599e-006,-0.874
-4.543349e-006,-0.875667
-4.543099e-006,-0.875667
-4.542849e-006,-0.874
-4.542599e-006,-0.874
-4.542349e-006,-0.875667
-4.542099e-006,-0.875667
-4.541849e-006,-0.874
-4.541599e-006,-0.874
-4.541349e-006,-0.875667
-4.541099e-006,-0.875667
-4.540849e-006,-0.874
-4.540599e-006,-0.874
-4.540349e-006,-0.875667
-4.540099e-006,-0.875667
-4.539849e-006,-0.874
-4.539599e-006,-0.874
-4.539349e-006,-0.875667
-4.539099e-006,-0.875667
-4.538849e-006,-0.874
-4.538599e-006,-0.874
-4.538349e-006,-0.875667
-4.538099e-006,-0.874
-4.537849e-006,-0.874
-4.537599e-006,-0.874
-4.537349e-006,-0.875667
-4.537099e-006,-0.874
-4.536849e-006,-0.874
-4.536599e-006,-0.874
-4.536349e-006,-0.875667
-4.536099e-006,-0.874
-4.535849e-006,-0.874
-4.535599e-006,-0.874
-4.535349e-006,-0.875667
-4.535099e-006,-0.874
-4.534849e-006,-0.874
-4.534599e-006,-0.874
-4.534349e-006,-0.875667
-4.534099e-006,-0.875667
-4.533849e-006,-0.874
-4.533599e-006,-0.874
-4.533349e-006,-0.874
-4.533099e-006,-0.875667
-4.532849e-006,-0.874
-4.532599e-006,-0.874
-4.532349e-006,-0.875667
-4.532099e-006,-0.875667
-4.531849e-006,-0.874
-4.531599e-006,-0.874
-4.531349e-006,-0.875667
-4.531099e-006,-0.875667
-4.530849e-006,-0.874
-4.530599e-006,-0.874
-4.530349e-006,-0.875667
-4.530099e-006,-0.875667
-4.529849e-006,-0.874
-4.529599e-006,-0.874
-4.529349e-006,-0.875667
-4.529099e-006,-0.875667
-4.528849e-006,-0.874
-4.528599e-006,-0.874
-4.528349e-006,-0.875667
-4.528099e-006,-0.875667
-4.527849e-006,-0.874
-4.527599e-006,-0.874
-4.527349e-006,-0.875667
-4.527099e-006,-0.875667
-4.526849e-006,-0.875667
-4.526599e-006,-0.874
-4.526349e-006,-0.875667
-4.526099e-006,-0.875667
-4.525849e-006,-0.875667
-4.525599e-006,-0.874
-4.525349e-006,-0.875667
-4.525099e-006,-0.875667
-4.524849e-006,-0.875667
-4.524599e-006,-0.874
-4.524349e-006,-0.875667
-4.524099e-006,-0.875667
-4.523849e-006,-0.874
-4.523599e-006,-0.874
-4.523349e-006,-0.875667
-4.523099e-006,-0.875667
-4.522849e-006,-0.874
-4.522599e-006,-0.874
-4.522349e-006,-0.875667
-4.522099e-006,-0.875667
-4.521849e-006,-0.874
-4.521599e-006,-0.874
-4.521349e-006,-0.875667
-4.521099e-006,-0.875667
-4.520849e-006,-0.874
-4.520599e-006,-0.874
-4.520349e-006,-0.875667
-4.520099e-006,-0.875667
-4.519849e-006,-0.875667
-4.519599e-006,-0.874
-4.519349e-006,-0.875667
-4.519099e-006,-0.875667
-4.518849e-006,-0.875667
-4.518599e-006,-0.874
-4.518349e-006,-0.875667
-4.518099e-006,-0.875667
-4.517849e-006,-0.875667
-4.517599e-006,-0.874
-4.517349e-006,-0.875667
-4.517099e-006,-0.875667
-4.516849e-006,-0.874
-4.516599e-006,-0.874
-4.516349e-006,-0.875667
-4.516099e-006,-0.875667
-4.515849e-006,-0.874
-4.515599e-006,-0.874
-4.515349e-006,-0.875667
-4.515099e-006,-0.875667
-4.514849e-006,-0.874
-4.514599e-006,-0.874
-4.514349e-006,-0.875667
-4.514099e-006,-0.875667
-4.513849e-006,-0.874
-4.513599e-006,-0.874
-4.513349e-006,-0.875667
-4.513099e-006,-0.874
-4.512849e-006,-0.874
-4.512599e-006,-0.874
-4.512349e-006,-0.875667
-4.512099e-006,-0.875667
-4.511849e-006,-0.874
-4.511599e-006,-0.874
-4.511349e-006,-0.875667
-4.511099e-006,-0.875667
-4.510849e-006,-0.875667
-4.510599e-006,-0.874
-4.510349e-006,-0.875667
-4.510099e-006,-0.875667
-4.509849e-006,-0.875667
-4.509599e-006,-0.874
-4.509349e-006,-0.875667
-4.509099e-006,-0.875667
-4.508849e-006,-0.875667
-4.508599e-006,-0.874
-4.508349e-006,-0.875667
-4.508099e-006,-0.875667
-4.507849e-006,-0.875667
-4.507599e-006,-0.874
-4.507349e-006,-0.875667
-4.507099e-006,-0.875667
-4.506849e-006,-0.875667
-4.506599e-006,-0.874
-4.506349e-006,-0.875667
-4.506099e-006,-0.875667
-4.505849e-006,-0.875667
-4.505599e-006,-0.874
-4.505349e-006,-0.875667
-4.505099e-006,-0.875667
-4.504849e-006,-0.875667
-4.504599e-006,-0.874
-4.504349e-006,-0.875667
-4.504099e-006,-0.875667
-4.503849e-006,-0.875667
-4.503599e-006,-0.874
-4.503349e-006,-0.875667
-4.503099e-006,-0.875667
-4.502849e-006,-0.875667
-4.502599e-006,-0.874
-4.502349e-006,-0.875667
-4.502099e-006,-0.874
-4.501849e-006,-0.874
-4.501599e-006,-0.874
-4.501349e-006,-0.875667
-4.501099e-006,-0.875667
-4.500849e-006,-0.874
-4.500599e-006,-0.874
-4.500349e-006,-0.875667
-4.500099e-006,-0.875667
-4.499849e-006,-0.874
-4.499599e-006,-0.874
-4.499349e-006,-0.875667
-4.499099e-006,-0.875667
-4.498849e-006,-0.874
-4.498599e-006,-0.874
-4.498349e-006,-0.875667
-4.498099e-006,-0.874
-4.497849e-006,-0.874
-4.497599e-006,-0.874
-4.497349e-006,-0.875667
-4.497099e-006,-0.874
-4.496849e-006,-0.874
-4.496599e-006,-0.874
-4.496349e-006,-0.875667
-4.496099e-006,-0.874
-4.495849e-006,-0.874
-4.495599e-006,-0.874
-4.495349e-006,-0.875667
-4.495099e-006,-0.875667
-4.494849e-006,-0.874
-4.494599e-006,-0.874
-4.494349e-006,-0.875667
-4.494099e-006,-0.875667
-4.493849e-006,-0.874
-4.493599e-006,-0.874
-4.493349e-006,-0.875667
-4.493099e-006,-0.875667
-4.492849e-006,-0.875667
-4.492599e-006,-0.874
-4.492349e-006,-0.875667
-4.492099e-006,-0.875667
-4.491849e-006,-0.874
-4.491599e-006,-0.874
-4.491349e-006,-0.875667
-4.491099e-006,-0.875667
-4.490849e-006,-0.874
-4.490599e-006,-0.874
-4.490349e-006,-0.875667
-4.490099e-006,-0.875667
-4.489849e-006,-0.874
-4.489599e-006,-0.874
-4.489349e-006,-0.875667
-4.489099e-006,-0.874
-4.488849e-006,-0.874
-4.488599e-006,-0.874
-4.488349e-006,-0.875667
-4.488099e-006,-0.874
-4.487849e-006,-0.874
-4.487599e-006,-0.874
-4.487349e-006,-0.875667
-4.487099e-006,-0.874
-4.486849e-006,-0.874
-4.486599e-006,-0.874
-4.486349e-006,-0.875667
-4.486099e-006,-0.875667
-4.485849e-006,-0.874
-4.485599e-006,-0.874
-4.485349e-006,-0.875667
-4.485099e-006,-0.875667
-4.484849e-006,-0.875667
-4.484599e-006,-0.874
-4.484349e-006,-0.875667
-4.484099e-006,-0.875667
-4.483849e-006,-0.875667
-4.483599e-006,-0.874
-4.483349e-006,-0.875667
-4.483099e-006,-0.875667
-4.482849e-006,-0.875667
-4.482599e-006,-0.874
-4.482349e-006,-0.875667
-4.482099e-006,-0.875667
-4.481849e-006,-0.875667
-4.481599e-006,-0.874
-4.481349e-006,-0.875667
-4.481099e-006,-0.875667
-4.480849e-006,-0.874
-4.480599e-006,-0.874
-4.480349e-006,-0.875667
-4.480099e-006,-0.875667
-4.479849e-006,-0.874
-4.479599e-006,-0.874
-4.479349e-006,-0.875667
-4.479099e-006,-0.875667
-4.478849e-006,-0.874
-4.478599e-006,-0.874
-4.478349e-006,-0.875667
-4.478099e-006,-0.875667
-4.477849e-006,-0.874
-4.477599e-006,-0.874
-4.477349e-006,-0.875667
-4.477099e-006,-0.875667
-4.476849e-006,-0.874
-4.476599e-006,-0.874
-4.476349e-006,-0.874
-4.476099e-006,-0.875667
-4.475849e-006,-0.874
-4.475599e-006,-0.874
-4.475349e-006,-0.874
-4.475099e-006,-0.875667
-4.474849e-006,-0.874
-4.474599e-006,-0.874
-4.474349e-006,-0.875667
-4.474099e-006,-0.875667
-4.473849e-006,-0.874
-4.473599e-006,-0.874
-4.473349e-006,-0.875667
-4.473099e-006,-0.875667
-4.472849e-006,-0.874
-4.472599e-006,-0.874
-4.472349e-006,-0.874
-4.472099e-006,-0.874
-4.471849e-006,-0.874
-4.471599e-006,-0.874
-4.471349e-006,-0.875667
-4.471099e-006,-0.874
-4.470849e-006,-0.874
-4.470599e-006,-0.874
-4.470349e-006,-0.875667
-4.470099e-006,-0.874
-4.469849e-006,-0.874
-4.469599e-006,-0.874
-4.469349e-006,-0.875667
-4.469099e-006,-0.874
-4.468849e-006,-0.874
-4.468599e-006,-0.874
-4.468349e-006,-0.875667
-4.468099e-006,-0.875667
-4.467849e-006,-0.874
-4.467599e-006,-0.874
-4.467349e-006,-0.875667
-4.467099e-006,-0.875667
-4.466849e-006,-0.874
-4.466599e-006,-0.874
-4.466349e-006,-0.875667
-4.466099e-006,-0.875667
-4.465849e-006,-0.874
-4.465599e-006,-0.874
-4.465349e-006,-0.875667
-4.465099e-006,-0.875667
-4.464849e-006,-0.874
-4.464599e-006,-0.874
-4.464349e-006,-0.875667
-4.464099e-006,-0.875667
-4.463849e-006,-0.874
-4.463599e-006,-0.874
-4.463349e-006,-0.875667
-4.463099e-006,-0.875667
-4.462849e-006,-0.874
-4.462599e-006,-0.874
-4.462349e-006,-0.875667
-4.462099e-006,-0.875667
-4.461849e-006,-0.874
-4.461599e-006,-0.874
-4.461349e-006,-0.874
-4.461099e-006,-0.874
-4.460849e-006,-0.874
-4.460599e-006,-0.874
-4.460349e-006,-0.874
-4.460099e-006,-0.874
-4.459849e-006,-0.874
-4.459599e-006,-0.874
-4.459349e-006,-0.874
-4.459099e-006,-0.874
-4.458849e-006,-0.874
-4.458599e-006,-0.874
-4.458349e-006,-0.874
-4.458099e-006,-0.874
-4.457849e-006,-0.874
-4.457599e-006,-0.874
-4.457349e-006,-0.874
-4.457099e-006,-0.875667
-4.456849e-006,-0.874
-4.456599e-006,-0.874
-4.456349e-006,-0.875667
-4.456099e-006,-0.875667
-4.455849e-006,-0.874
-4.455599e-006,-0.874
-4.455349e-006,-0.875667
-4.455099e-006,-0.875667
-4.454849e-006,-0.874
-4.454599e-006,-0.874
-4.454349e-006,-0.875667
-4.454099e-006,-0.875667
-4.453849e-006,-0.874
-4.453599e-006,-0.874
-4.453349e-006,-0.874
-4.453099e-006,-0.875667
-4.452849e-006,-0.874
-4.452599e-006,-0.874
-4.452349e-006,-0.874
-4.452099e-006,-0.875667
-4.451849e-006,-0.874
-4.451599e-006,-0.874
-4.451349e-006,-0.874
-4.451099e-006,-0.875667
-4.450849e-006,-0.874
-4.450599e-006,-0.874
-4.450349e-006,-0.874
-4.450099e-006,-0.874
-4.449849e-006,-0.874
-4.449599e-006,-0.874
-4.449349e-006,-0.874
-4.449099e-006,-0.874
-4.448849e-006,-0.874
-4.448599e-006,-0.874
-4.448349e-006,-0.874
-4.448099e-006,-0.874
-4.447849e-006,-0.874
-4.447599e-006,-0.874
-4.447349e-006,-0.874
-4.447099e-006,-0.874
-4.446849e-006,-0.874
-4.446599e-006,-0.874
-4.446349e-006,-0.874
-4.446099e-006,-0.874
-4.445849e-006,-0.874
-4.445599e-006,-0.874
-4.445349e-006,-0.875667
-4.445099e-006,-0.874
-4.444849e-006,-0.874
-4.444599e-006,-0.874
-4.444349e-006,-0.875667
-4.444099e-006,-0.874
-4.443849e-006,-0.874
-4.443599e-006,-0.874
-4.443349e-006,-0.875667
-4.443099e-006,-0.874
-4.442849e-006,-0.874
-4.442599e-006,-0.874
-4.442349e-006,-0.875667
-4.442099e-006,-0.874
-4.441849e-006,-0.874
-4.441599e-006,-0.874
-4.441349e-006,-0.874
-4.441099e-006,-0.874
-4.440849e-006,-0.874
-4.440599e-006,-0.874
-4.440349e-006,-0.874
-4.440099e-006,-0.875667
-4.439849e-006,-0.874
-4.439599e-006,-0.874
-4.439349e-006,-0.875667
-4.439099e-006,-0.875667
-4.438849e-006,-0.874
-4.438599e-006,-0.874
-4.438349e-006,-0.875667
-4.438099e-006,-0.875667
-4.437849e-006,-0.874
-4.437599e-006,-0.874
-4.437349e-006,-0.875667
-4.437099e-006,-0.875667
-4.436849e-006,-0.874
-4.436599e-006,-0.874
-4.436349e-006,-0.875667
-4.436099e-006,-0.875667
-4.435849e-006,-0.874
-4.435599e-006,-0.874
-4.435349e-006,-0.875667
-4.435099e-006,-0.875667
-4.434849e-006,-0.874
-4.434599e-006,-0.874
-4.434349e-006,-0.875667
-4.434099e-006,-0.875667
-4.433849e-006,-0.874
-4.433599e-006,-0.874
-4.433349e-006,-0.875667
-4.433099e-006,-0.875667
-4.432849e-006,-0.875667
-4.432599e-006,-0.874
-4.432349e-006,-0.874
-4.432099e-006,-0.875667
-4.431849e-006,-0.875667
-4.431599e-006,-0.874
-4.431349e-006,-0.875667
-4.431099e-006,-0.875667
-4.430849e-006,-0.875667
-4.430599e-006,-0.874
-4.430349e-006,-0.875667
-4.430099e-006,-0.875667
-4.429849e-006,-0.875667
-4.429599e-006,-0.874
-4.429349e-006,-0.875667
-4.429099e-006,-0.875667
-4.428849e-006,-0.874
-4.428599e-006,-0.874
-4.428349e-006,-0.875667
-4.428099e-006,-0.875667
-4.427849e-006,-0.874
-4.427599e-006,-0.874
-4.427349e-006,-0.875667
-4.427099e-006,-0.875667
-4.426849e-006,-0.874
-4.426599e-006,-0.874
-4.426349e-006,-0.875667
-4.426099e-006,-0.875667
-4.425849e-006,-0.874
-4.425599e-006,-0.874
-4.425349e-006,-0.875667
-4.425099e-006,-0.875667
-4.424849e-006,-0.874
-4.424599e-006,-0.874
-4.424349e-006,-0.875667
-4.424099e-006,-0.875667
-4.423849e-006,-0.874
-4.423599e-006,-0.874
-4.423349e-006,-0.875667
-4.423099e-006,-0.875667
-4.422849e-006,-0.874
-4.422599e-006,-0.874
-4.422349e-006,-0.875667
-4.422099e-006,-0.875667
-4.421849e-006,-0.874
-4.421599e-006,-0.874
-4.421349e-006,-0.874
-4.421099e-006,-0.875667
-4.420849e-006,-0.874
-4.420599e-006,-0.874
-4.420349e-006,-0.875667
-4.420099e-006,-0.875667
-4.419849e-006,-0.874
-4.419599e-006,-0.874
-4.419349e-006,-0.875667
-4.419099e-006,-0.875667
-4.418849e-006,-0.874
-4.418599e-006,-0.874
-4.418349e-006,-0.875667
-4.418099e-006,-0.875667
-4.417849e-006,-0.874
-4.417599e-006,-0.874
-4.417349e-006,-0.875667
-4.417099e-006,-0.875667
-4.416849e-006,-0.874
-4.416599e-006,-0.874
-4.416349e-006,-0.875667
-4.416099e-006,-0.875667
-4.415849e-006,-0.874
-4.415599e-006,-0.874
-4.415349e-006,-0.875667
-4.415099e-006,-0.875667
-4.414849e-006,-0.874
-4.414599e-006,-0.874
-4.414349e-006,-0.875667
-4.414099e-006,-0.875667
-4.413849e-006,-0.874
-4.413599e-006,-0.874
-4.413349e-006,-0.875667
-4.413099e-006,-0.875667
-4.412849e-006,-0.874
-4.412599e-006,-0.874
-4.412349e-006,-0.875667
-4.412099e-006,-0.875667
-4.411849e-006,-0.874
-4.411599e-006,-0.874
-4.411349e-006,-0.875667
-4.411099e-006,-0.875667
-4.410849e-006,-0.874
-4.410599e-006,-0.874
-4.410349e-006,-0.875667
-4.410099e-006,-0.875667
-4.409849e-006,-0.874
-4.409599e-006,-0.874
-4.409349e-006,-0.875667
-4.409099e-006,-0.875667
-4.408849e-006,-0.874
-4.408599e-006,-0.874
-4.408349e-006,-0.875667
-4.408099e-006,-0.874
-4.407849e-006,-0.874
-4.407599e-006,-0.874
-4.407349e-006,-0.875667
-4.407099e-006,-0.874
-4.406849e-006,-0.874
-4.406599e-006,-0.874
-4.406349e-006,-0.875667
-4.406099e-006,-0.875667
-4.405849e-006,-0.874
-4.405599e-006,-0.874
-4.405349e-006,-0.875667
-4.405099e-006,-0.875667
-4.404849e-006,-0.874
-4.404599e-006,-0.874
-4.404349e-006,-0.875667
-4.404099e-006,-0.875667
-4.403849e-006,-0.874
-4.403599e-006,-0.874
-4.403349e-006,-0.875667
-4.403099e-006,-0.875667
-4.402849e-006,-0.874
-4.402599e-006,-0.874
-4.402349e-006,-0.875667
-4.402099e-006,-0.875667
-4.401849e-006,-0.874
-4.401599e-006,-0.874
-4.401349e-006,-0.875667
-4.401099e-006,-0.875667
-4.400849e-006,-0.874
-4.400599e-006,-0.874
-4.400349e-006,-0.875667
-4.400099e-006,-0.875667
-4.399849e-006,-0.874
-4.399599e-006,-0.874
-4.399349e-006,-0.875667
-4.399099e-006,-0.875667
-4.398849e-006,-0.874
-4.398599e-006,-0.874
-4.398349e-006,-0.875667
-4.398099e-006,-0.875667
-4.397849e-006,-0.874
-4.397599e-006,-0.874
-4.397349e-006,-0.875667
-4.397099e-006,-0.875667
-4.396849e-006,-0.874
-4.396599e-006,-0.874
-4.396349e-006,-0.875667
-4.396099e-006,-0.875667
-4.395849e-006,-0.874
-4.395599e-006,-0.874
-4.395349e-006,-0.875667
-4.395099e-006,-0.875667
-4.394849e-006,-0.874
-4.394599e-006,-0.874
-4.394349e-006,-0.875667
-4.394099e-006,-0.875667
-4.393849e-006,-0.874
-4.393599e-006,-0.874
-4.393349e-006,-0.875667
-4.393099e-006,-0.875667
-4.392849e-006,-0.874
-4.392599e-006,-0.874
-4.392349e-006,-0.874
-4.392099e-006,-0.874
-4.391849e-006,-0.874
-4.391599e-006,-0.874
-4.391349e-006,-0.875667
-4.391099e-006,-0.875667
-4.390849e-006,-0.875667
-4.390599e-006,-0.874
-4.390349e-006,-0.875667
-4.390099e-006,-0.875667
-4.389849e-006,-0.874
-4.389599e-006,-0.874
-4.389349e-006,-0.875667
-4.389099e-006,-0.875667
-4.388849e-006,-0.874
-4.388599e-006,-0.874
-4.388349e-006,-0.874
-4.388099e-006,-0.875667
-4.387849e-006,-0.874
-4.387599e-006,-0.874
-4.387349e-006,-0.874
-4.387099e-006,-0.875667
-4.386849e-006,-0.874
-4.386599e-006,-0.874
-4.386349e-006,-0.874
-4.386099e-006,-0.875667
-4.385849e-006,-0.874
-4.385599e-006,-0.874
-4.385349e-006,-0.874
-4.385099e-006,-0.875667
-4.384849e-006,-0.874
-4.384599e-006,-0.874
-4.384349e-006,-0.874
-4.384099e-006,-0.875667
-4.383849e-006,-0.874
-4.383599e-006,-0.874
-4.383349e-006,-0.874
-4.383099e-006,-0.875667
-4.382849e-006,-0.874
-4.382599e-006,-0.874
-4.382349e-006,-0.874
-4.382099e-006,-0.875667
-4.381849e-006,-0.874
-4.381599e-006,-0.874
-4.381349e-006,-0.874
-4.381099e-006,-0.875667
-4.380849e-006,-0.874
-4.380599e-006,-0.874
-4.380349e-006,-0.874
-4.380099e-006,-0.875667
-4.379849e-006,-0.874
-4.379599e-006,-0.874
-4.379349e-006,-0.874
-4.379099e-006,-0.875667
-4.378849e-006,-0.874
-4.378599e-006,-0.874
-4.378349e-006,-0.874
-4.378099e-006,-0.875667
-4.377849e-006,-0.874
-4.377599e-006,-0.874
-4.377349e-006,-0.874
-4.377099e-006,-0.875667
-4.376849e-006,-0.874
-4.376599e-006,-0.874
-4.376349e-006,-0.874
-4.376099e-006,-0.875667
-4.375849e-006,-0.874
-4.375599e-006,-0.874
-4.375349e-006,-0.875667
-4.375099e-006,-0.875667
-4.374849e-006,-0.874
-4.374599e-006,-0.874
-4.374349e-006,-0.875667
-4.374099e-006,-0.875667
-4.373849e-006,-0.874
-4.373599e-006,-0.874
-4.373349e-006,-0.874
-4.373099e-006,-0.875667
-4.372849e-006,-0.874
-4.372599e-006,-0.874
-4.372349e-006,-0.874
-4.372099e-006,-0.874
-4.371849e-006,-0.874
-4.371599e-006,-0.874
-4.371349e-006,-0.875667
-4.371099e-006,-0.874
-4.370849e-006,-0.874
-4.370599e-006,-0.874
-4.370349e-006,-0.875667
-4.370099e-006,-0.874
-4.369849e-006,-0.874
-4.369599e-006,-0.874
-4.369349e-006,-0.875667
-4.369099e-006,-0.874
-4.368849e-006,-0.874
-4.368599e-006,-0.874
-4.368349e-006,-0.875667
-4.368099e-006,-0.874
-4.367849e-006,-0.874
-4.367599e-006,-0.874
-4.367349e-006,-0.875667
-4.367099e-006,-0.874
-4.366849e-006,-0.874
-4.366599e-006,-0.874
-4.366349e-006,-0.875667
-4.366099e-006,-0.875667
-4.365849e-006,-0.874
-4.365599e-006,-0.874
-4.365349e-006,-0.875667
-4.365099e-006,-0.875667
-4.364849e-006,-0.875667
-4.364599e-006,-0.874
-4.364349e-006,-0.875667
-4.364099e-006,-0.874
-4.363849e-006,-0.875667
-4.363599e-006,-0.874
-4.363349e-006,-0.875667
-4.363099e-006,-0.874
-4.362849e-006,-0.875667
-4.362599e-006,-0.874
-4.362349e-006,-0.875667
-4.362099e-006,-0.875667
-4.361849e-006,-0.875667
-4.361599e-006,-0.874
-4.361349e-006,-0.875667
-4.361099e-006,-0.875667
-4.360849e-006,-0.875667
-4.360599e-006,-0.874
-4.360349e-006,-0.875667
-4.360099e-006,-0.875667
-4.359849e-006,-0.875667
-4.359599e-006,-0.874
-4.359349e-006,-0.875667
-4.359099e-006,-0.875667
-4.358849e-006,-0.875667
-4.358599e-006,-0.874
-4.358349e-006,-0.875667
-4.358099e-006,-0.875667
-4.357849e-006,-0.875667
-4.357599e-006,-0.874
-4.357349e-006,-0.875667
-4.357099e-006,-0.875667
-4.356849e-006,-0.874
-4.356599e-006,-0.874
-4.356349e-006,-0.875667
-4.356099e-006,-0.875667
-4.355849e-006,-0.874
-4.355599e-006,-0.874
-4.355349e-006,-0.875667
-4.355099e-006,-0.875667
-4.354849e-006,-0.874
-4.354599e-006,-0.874
-4.354349e-006,-0.875667
-4.354099e-006,-0.875667
-4.353849e-006,-0.874
-4.353599e-006,-0.874
-4.353349e-006,-0.875667
-4.353099e-006,-0.875667
-4.352849e-006,-0.874
-4.352599e-006,-0.874
-4.352349e-006,-0.875667
-4.352099e-006,-0.875667
-4.351849e-006,-0.874
-4.351599e-006,-0.874
-4.351349e-006,-0.875667
-4.351099e-006,-0.875667
-4.350849e-006,-0.874
-4.350599e-006,-0.874
-4.350349e-006,-0.875667
-4.350099e-006,-0.875667
-4.349849e-006,-0.874
-4.349599e-006,-0.874
-4.349349e-006,-0.875667
-4.349099e-006,-0.875667
-4.348849e-006,-0.874
-4.348599e-006,-0.874
-4.348349e-006,-0.875667
-4.348099e-006,-0.875667
-4.347849e-006,-0.874
-4.347599e-006,-0.874
-4.347349e-006,-0.875667
-4.347099e-006,-0.875667
-4.346849e-006,-0.874
-4.346599e-006,-0.874
-4.346349e-006,-0.875667
-4.346099e-006,-0.875667
-4.345849e-006,-0.874
-4.345599e-006,-0.874
-4.345349e-006,-0.875667
-4.345099e-006,-0.875667
-4.344849e-006,-0.874
-4.344599e-006,-0.874
-4.344349e-006,-0.874
-4.344099e-006,-0.875667
-4.343849e-006,-0.874
-4.343599e-006,-0.874
-4.343349e-006,-0.874
-4.343099e-006,-0.875667
-4.342849e-006,-0.874
-4.342599e-006,-0.874
-4.342349e-006,-0.874
-4.342099e-006,-0.875667
-4.341849e-006,-0.874
-4.341599e-006,-0.874
-4.341349e-006,-0.874
-4.341099e-006,-0.875667
-4.340849e-006,-0.874
-4.340599e-006,-0.874
-4.340349e-006,-0.874
-4.340099e-006,-0.875667
-4.339849e-006,-0.874
-4.339599e-006,-0.874
-4.339349e-006,-0.874
-4.339099e-006,-0.875667
-4.338849e-006,-0.874
-4.338599e-006,-0.874
-4.338349e-006,-0.874
-4.338099e-006,-0.875667
-4.337849e-006,-0.874
-4.337599e-006,-0.874
-4.337349e-006,-0.874
-4.337099e-006,-0.875667
-4.336849e-006,-0.874
-4.336599e-006,-0.874
-4.336349e-006,-0.874
-4.336099e-006,-0.875667
-4.335849e-006,-0.874
-4.335599e-006,-0.874
-4.335349e-006,-0.874
-4.335099e-006,-0.875667
-4.334849e-006,-0.874
-4.334599e-006,-0.874
-4.334349e-006,-0.874
-4.334099e-006,-0.875667
-4.333849e-006,-0.874
-4.333599e-006,-0.874
-4.333349e-006,-0.874
-4.333099e-006,-0.874
-4.332849e-006,-0.874
-4.332599e-006,-0.872333
-4.332349e-006,-0.874
-4.332099e-006,-0.874
-4.331849e-006,-0.874
-4.331599e-006,-0.874
-4.331349e-006,-0.874
-4.331099e-006,-0.874
-4.330849e-006,-0.874
-4.330599e-006,-0.874
-4.330349e-006,-0.874
-4.330099e-006,-0.875667
-4.329849e-006,-0.874
-4.329599e-006,-0.874
-4.329349e-006,-0.874
-4.329099e-006,-0.875667
-4.328849e-006,-0.874
-4.328599e-006,-0.874
-4.328349e-006,-0.874
-4.328099e-006,-0.875667
-4.327849e-006,-0.874
-4.327599e-006,-0.874
-4.327349e-006,-0.874
-4.327099e-006,-0.875667
-4.326849e-006,-0.874
-4.326599e-006,-0.874
-4.326349e-006,-0.874
-4.326099e-006,-0.875667
-4.325849e-006,-0.874
-4.325599e-006,-0.874
-4.325349e-006,-0.874
-4.325099e-006,-0.875667
-4.324849e-006,-0.874
-4.324599e-006,-0.874
-4.324349e-006,-0.874
-4.324099e-006,-0.875667
-4.323849e-006,-0.874
-4.323599e-006,-0.874
-4.323349e-006,-0.874
-4.323099e-006,-0.875667
-4.322849e-006,-0.874
-4.322599e-006,-0.874
-4.322349e-006,-0.875667
-4.322099e-006,-0.875667
-4.321849e-006,-0.874
-4.321599e-006,-0.874
-4.321349e-006,-0.875667
-4.321099e-006,-0.875667
-4.320849e-006,-0.874
-4.320599e-006,-0.874
-4.320349e-006,-0.875667
-4.320099e-006,-0.875667
-4.319849e-006,-0.874
-4.319599e-006,-0.874
-4.319349e-006,-0.875667
-4.319099e-006,-0.875667
-4.318849e-006,-0.874
-4.318599e-006,-0.874
-4.318349e-006,-0.875667
-4.318099e-006,-0.875667
-4.317849e-006,-0.874
-4.317599e-006,-0.874
-4.317349e-006,-0.875667
-4.317099e-006,-0.875667
-4.316849e-006,-0.874
-4.316599e-006,-0.874
-4.316349e-006,-0.875667
-4.316099e-006,-0.875667
-4.315849e-006,-0.874
-4.315599e-006,-0.874
-4.315349e-006,-0.875667
-4.315099e-006,-0.875667
-4.314849e-006,-0.874
-4.314599e-006,-0.874
-4.314349e-006,-0.875667
-4.314099e-006,-0.875667
-4.313849e-006,-0.874
-4.313599e-006,-0.874
-4.313349e-006,-0.875667
-4.313099e-006,-0.875667
-4.312849e-006,-0.874
-4.312599e-006,-0.874
-4.312349e-006,-0.875667
-4.312099e-006,-0.875667
-4.311849e-006,-0.874
-4.311599e-006,-0.874
-4.311349e-006,-0.875667
-4.311099e-006,-0.875667
-4.310849e-006,-0.874
-4.310599e-006,-0.874
-4.310349e-006,-0.874
-4.310099e-006,-0.875667
-4.309849e-006,-0.874
-4.309599e-006,-0.874
-4.309349e-006,-0.874
-4.309099e-006,-0.875667
-4.308849e-006,-0.874
-4.308599e-006,-0.874
-4.308349e-006,-0.874
-4.308099e-006,-0.875667
-4.307849e-006,-0.874
-4.307599e-006,-0.874
-4.307349e-006,-0.874
-4.307099e-006,-0.875667
-4.306849e-006,-0.874
-4.306599e-006,-0.874
-4.306349e-006,-0.874
-4.306099e-006,-0.875667
-4.305849e-006,-0.874
-4.305599e-006,-0.874
-4.305349e-006,-0.874
-4.305099e-006,-0.874
-4.304849e-006,-0.874
-4.304599e-006,-0.874
-4.304349e-006,-0.874
-4.304099e-006,-0.874
-4.303849e-006,-0.874
-4.303599e-006,-0.874
-4.303349e-006,-0.874
-4.303099e-006,-0.874
-4.302849e-006,-0.874
-4.302599e-006,-0.874
-4.302349e-006,-0.874
-4.302099e-006,-0.875667
-4.301849e-006,-0.874
-4.301599e-006,-0.874
-4.301349e-006,-0.875667
-4.301099e-006,-0.875667
-4.300849e-006,-0.874
-4.300599e-006,-0.874
-4.300349e-006,-0.875667
-4.300099e-006,-0.875667
-4.299849e-006,-0.874
-4.299599e-006,-0.874
-4.299349e-006,-0.875667
-4.299099e-006,-0.875667
-4.298849e-006,-0.874
-4.298599e-006,-0.874
-4.298349e-006,-0.875667
-4.298099e-006,-0.875667
-4.297849e-006,-0.874
-4.297599e-006,-0.874
-4.297349e-006,-0.875667
-4.297099e-006,-0.875667
-4.296849e-006,-0.874
-4.296599e-006,-0.874
-4.296349e-006,-0.875667
-4.296099e-006,-0.875667
-4.295849e-006,-0.874
-4.295599e-006,-0.874
-4.295349e-006,-0.875667
-4.295099e-006,-0.875667
-4.294849e-006,-0.874
-4.294599e-006,-0.874
-4.294349e-006,-0.875667
-4.294099e-006,-0.875667
-4.293849e-006,-0.874
-4.293599e-006,-0.874
-4.293349e-006,-0.874
-4.293099e-006,-0.875667
-4.292849e-006,-0.874
-4.292599e-006,-0.874
-4.292349e-006,-0.875667
-4.292099e-006,-0.875667
-4.291849e-006,-0.874
-4.291599e-006,-0.874
-4.291349e-006,-0.875667
-4.291099e-006,-0.875667
-4.290849e-006,-0.874
-4.290599e-006,-0.874
-4.290349e-006,-0.875667
-4.290099e-006,-0.875667
-4.289849e-006,-0.874
-4.289599e-006,-0.874
-4.289349e-006,-0.874
-4.289099e-006,-0.875667
-4.288849e-006,-0.874
-4.288599e-006,-0.874
-4.288349e-006,-0.874
-4.288099e-006,-0.875667
-4.287849e-006,-0.874
-4.287599e-006,-0.874
-4.287349e-006,-0.875667
-4.287099e-006,-0.875667
-4.286849e-006,-0.874
-4.286599e-006,-0.874
-4.286349e-006,-0.875667
-4.286099e-006,-0.875667
-4.285849e-006,-0.874
-4.285599e-006,-0.874
-4.285349e-006,-0.875667
-4.285099e-006,-0.875667
-4.284849e-006,-0.874
-4.284599e-006,-0.874
-4.284349e-006,-0.875667
-4.284099e-006,-0.875667
-4.283849e-006,-0.874
-4.283599e-006,-0.874
-4.283349e-006,-0.875667
-4.283099e-006,-0.875667
-4.282849e-006,-0.874
-4.282599e-006,-0.874
-4.282349e-006,-0.875667
-4.282099e-006,-0.875667
-4.281849e-006,-0.874
-4.281599e-006,-0.874
-4.281349e-006,-0.875667
-4.281099e-006,-0.875667
-4.280849e-006,-0.874
-4.280599e-006,-0.874
-4.280349e-006,-0.875667
-4.280099e-006,-0.875667
-4.279849e-006,-0.874
-4.279599e-006,-0.874
-4.279349e-006,-0.875667
-4.279099e-006,-0.875667
-4.278849e-006,-0.874
-4.278599e-006,-0.874
-4.278349e-006,-0.875667
-4.278099e-006,-0.875667
-4.277849e-006,-0.874
-4.277599e-006,-0.874
-4.277349e-006,-0.875667
-4.277099e-006,-0.875667
-4.276849e-006,-0.874
-4.276599e-006,-0.874
-4.276349e-006,-0.875667
-4.276099e-006,-0.875667
-4.275849e-006,-0.874
-4.275599e-006,-0.874
-4.275349e-006,-0.875667
-4.275099e-006,-0.875667
-4.274849e-006,-0.874
-4.274599e-006,-0.874
-4.274349e-006,-0.875667
-4.274099e-006,-0.875667
-4.273849e-006,-0.874
-4.273599e-006,-0.874
-4.273349e-006,-0.875667
-4.273099e-006,-0.875667
-4.272849e-006,-0.874
-4.272599e-006,-0.874
-4.272349e-006,-0.875667
-4.272099e-006,-0.875667
-4.271849e-006,-0.874
-4.271599e-006,-0.874
-4.271349e-006,-0.875667
-4.271099e-006,-0.875667
-4.270849e-006,-0.874
-4.270599e-006,-0.874
-4.270349e-006,-0.875667
-4.270099e-006,-0.875667
-4.269849e-006,-0.874
-4.269599e-006,-0.874
-4.269349e-006,-0.875667
-4.269099e-006,-0.875667
-4.268849e-006,-0.874
-4.268599e-006,-0.874
-4.268349e-006,-0.875667
-4.268099e-006,-0.875667
-4.267849e-006,-0.874
-4.267599e-006,-0.874
-4.267349e-006,-0.875667
-4.267099e-006,-0.875667
-4.266849e-006,-0.874
-4.266599e-006,-0.874
-4.266349e-006,-0.875667
-4.266099e-006,-0.875667
-4.265849e-006,-0.874
-4.265599e-006,-0.874
-4.265349e-006,-0.875667
-4.265099e-006,-0.875667
-4.264849e-006,-0.874
-4.264599e-006,-0.874
-4.264349e-006,-0.875667
-4.264099e-006,-0.875667
-4.263849e-006,-0.874
-4.263599e-006,-0.874
-4.263349e-006,-0.875667
-4.263099e-006,-0.875667
-4.262849e-006,-0.874
-4.262599e-006,-0.874
-4.262349e-006,-0.875667
-4.262099e-006,-0.875667
-4.261849e-006,-0.874
-4.261599e-006,-0.874
-4.261349e-006,-0.875667
-4.261099e-006,-0.875667
-4.260849e-006,-0.874
-4.260599e-006,-0.874
-4.260349e-006,-0.875667
-4.260099e-006,-0.875667
-4.259849e-006,-0.874
-4.259599e-006,-0.874
-4.259349e-006,-0.875667
-4.259099e-006,-0.875667
-4.258849e-006,-0.874
-4.258599e-006,-0.874
-4.258349e-006,-0.875667
-4.258099e-006,-0.875667
-4.257849e-006,-0.874
-4.257599e-006,-0.874
-4.257349e-006,-0.875667
-4.257099e-006,-0.875667
-4.256849e-006,-0.874
-4.256599e-006,-0.874
-4.256349e-006,-0.875667
-4.256099e-006,-0.875667
-4.255849e-006,-0.874
-4.255599e-006,-0.874
-4.255349e-006,-0.875667
-4.255099e-006,-0.875667
-4.254849e-006,-0.874
-4.254599e-006,-0.874
-4.254349e-006,-0.875667
-4.254099e-006,-0.875667
-4.253849e-006,-0.874
-4.253599e-006,-0.874
-4.253349e-006,-0.875667
-4.253099e-006,-0.875667
-4.252849e-006,-0.874
-4.252599e-006,-0.874
-4.252349e-006,-0.875667
-4.252099e-006,-0.875667
-4.251849e-006,-0.874
-4.251599e-006,-0.874
-4.251349e-006,-0.875667
-4.251099e-006,-0.875667
-4.250849e-006,-0.874
-4.250599e-006,-0.874
-4.250349e-006,-0.875667
-4.250099e-006,-0.875667
-4.249849e-006,-0.874
-4.249599e-006,-0.874
-4.249349e-006,-0.875667
-4.249099e-006,-0.875667
-4.248849e-006,-0.874
-4.248599e-006,-0.874
-4.248349e-006,-0.874
-4.248099e-006,-0.875667
-4.247849e-006,-0.874
-4.247599e-006,-0.874
-4.247349e-006,-0.874
-4.247099e-006,-0.874
-4.246849e-006,-0.874
-4.246599e-006,-0.874
-4.246349e-006,-0.875667
-4.246099e-006,-0.874
-4.245849e-006,-0.874
-4.245599e-006,-0.874
-4.245349e-006,-0.875667
-4.245099e-006,-0.874
-4.244849e-006,-0.874
-4.244599e-006,-0.874
-4.244349e-006,-0.874
-4.244099e-006,-0.874
-4.243849e-006,-0.874
-4.243599e-006,-0.874
-4.243349e-006,-0.874
-4.243099e-006,-0.875667
-4.242849e-006,-0.874
-4.242599e-006,-0.874
-4.242349e-006,-0.875667
-4.242099e-006,-0.875667
-4.241849e-006,-0.874
-4.241599e-006,-0.874
-4.241349e-006,-0.875667
-4.241099e-006,-0.875667
-4.240849e-006,-0.874
-4.240599e-006,-0.874
-4.240349e-006,-0.875667
-4.240099e-006,-0.875667
-4.239849e-006,-0.874
-4.239599e-006,-0.874
-4.239349e-006,-0.875667
-4.239099e-006,-0.875667
-4.238849e-006,-0.874
-4.238599e-006,-0.874
-4.238349e-006,-0.875667
-4.238099e-006,-0.875667
-4.237849e-006,-0.874
-4.237599e-006,-0.874
-4.237349e-006,-0.875667
-4.237099e-006,-0.875667
-4.236849e-006,-0.874
-4.236599e-006,-0.874
-4.236349e-006,-0.875667
-4.236099e-006,-0.875667
-4.235849e-006,-0.874
-4.235599e-006,-0.874
-4.235349e-006,-0.875667
-4.235099e-006,-0.875667
-4.234849e-006,-0.874
-4.234599e-006,-0.874
-4.234349e-006,-0.875667
-4.234099e-006,-0.875667
-4.233849e-006,-0.874
-4.233599e-006,-0.874
-4.233349e-006,-0.875667
-4.233099e-006,-0.875667
-4.232849e-006,-0.874
-4.232599e-006,-0.874
-4.232349e-006,-0.875667
-4.232099e-006,-0.875667
-4.231849e-006,-0.874
-4.231599e-006,-0.874
-4.231349e-006,-0.875667
-4.231099e-006,-0.875667
-4.230849e-006,-0.874
-4.230599e-006,-0.874
-4.230349e-006,-0.875667
-4.230099e-006,-0.875667
-4.229849e-006,-0.874
-4.229599e-006,-0.874
-4.229349e-006,-0.875667
-4.229099e-006,-0.875667
-4.228849e-006,-0.874
-4.228599e-006,-0.874
-4.228349e-006,-0.875667
-4.228099e-006,-0.875667
-4.227849e-006,-0.874
-4.227599e-006,-0.874
-4.227349e-006,-0.875667
-4.227099e-006,-0.875667
-4.226849e-006,-0.874
-4.226599e-006,-0.874
-4.226349e-006,-0.875667
-4.226099e-006,-0.875667
-4.225849e-006,-0.874
-4.225599e-006,-0.874
-4.225349e-006,-0.875667
-4.225099e-006,-0.875667
-4.224849e-006,-0.874
-4.224599e-006,-0.874
-4.224349e-006,-0.875667
-4.224099e-006,-0.875667
-4.223849e-006,-0.874
-4.223599e-006,-0.874
-4.223349e-006,-0.875667
-4.223099e-006,-0.875667
-4.222849e-006,-0.874
-4.222599e-006,-0.874
-4.222349e-006,-0.874
-4.222099e-006,-0.875667
-4.221849e-006,-0.874
-4.221599e-006,-0.874
-4.221349e-006,-0.874
-4.221099e-006,-0.875667
-4.220849e-006,-0.874
-4.220599e-006,-0.874
-4.220349e-006,-0.874
-4.220099e-006,-0.875667
-4.219849e-006,-0.874
-4.219599e-006,-0.874
-4.219349e-006,-0.874
-4.219099e-006,-0.875667
-4.218849e-006,-0.874
-4.218599e-006,-0.874
-4.218349e-006,-0.874
-4.218099e-006,-0.874
-4.217849e-006,-0.874
-4.217599e-006,-0.874
-4.217349e-006,-0.875667
-4.217099e-006,-0.875667
-4.216849e-006,-0.874
-4.216599e-006,-0.874
-4.216349e-006,-0.875667
-4.216099e-006,-0.875667
-4.215849e-006,-0.874
-4.215599e-006,-0.874
-4.215349e-006,-0.875667
-4.215099e-006,-0.875667
-4.214849e-006,-0.874
-4.214599e-006,-0.874
-4.214349e-006,-0.875667
-4.214099e-006,-0.875667
-4.213849e-006,-0.874
-4.213599e-006,-0.874
-4.213349e-006,-0.875667
-4.213099e-006,-0.875667
-4.212849e-006,-0.874
-4.212599e-006,-0.874
-4.212349e-006,-0.875667
-4.212099e-006,-0.875667
-4.211849e-006,-0.874
-4.211599e-006,-0.874
-4.211349e-006,-0.875667
-4.211099e-006,-0.875667
-4.210849e-006,-0.874
-4.210599e-006,-0.874
-4.210349e-006,-0.875667
-4.210099e-006,-0.875667
-4.209849e-006,-0.874
-4.209599e-006,-0.874
-4.209349e-006,-0.874
-4.209099e-006,-0.875667
-4.208849e-006,-0.874
-4.208599e-006,-0.874
-4.208349e-006,-0.874
-4.208099e-006,-0.875667
-4.207849e-006,-0.874
-4.207599e-006,-0.874
-4.207349e-006,-0.874
-4.207099e-006,-0.875667
-4.206849e-006,-0.874
-4.206599e-006,-0.874
-4.206349e-006,-0.874
-4.206099e-006,-0.875667
-4.205849e-006,-0.874
-4.205599e-006,-0.874
-4.205349e-006,-0.874
-4.205099e-006,-0.875667
-4.204849e-006,-0.874
-4.204599e-006,-0.874
-4.204349e-006,-0.875667
-4.204099e-006,-0.875667
-4.203849e-006,-0.874
-4.203599e-006,-0.874
-4.203349e-006,-0.875667
-4.203099e-006,-0.875667
-4.202849e-006,-0.874
-4.202599e-006,-0.874
-4.202349e-006,-0.875667
-4.202099e-006,-0.875667
-4.201849e-006,-0.874
-4.201599e-006,-0.874
-4.201349e-006,-0.875667
-4.201099e-006,-0.875667
-4.200849e-006,-0.874
-4.200599e-006,-0.874
-4.200349e-006,-0.875667
-4.200099e-006,-0.875667
-4.199849e-006,-0.874
-4.199599e-006,-0.874
-4.199349e-006,-0.875667
-4.199099e-006,-0.875667
-4.198849e-006,-0.874
-4.198599e-006,-0.874
-4.198349e-006,-0.875667
-4.198099e-006,-0.875667
-4.197849e-006,-0.874
-4.197599e-006,-0.874
-4.197349e-006,-0.875667
-4.197099e-006,-0.875667
-4.196849e-006,-0.874
-4.196599e-006,-0.874
-4.196349e-006,-0.874
-4.196099e-006,-0.875667
-4.195849e-006,-0.874
-4.195599e-006,-0.874
-4.195349e-006,-0.874
-4.195099e-006,-0.875667
-4.194849e-006,-0.874
-4.194599e-006,-0.874
-4.194349e-006,-0.875667
-4.194099e-006,-0.875667
-4.193849e-006,-0.874
-4.193599e-006,-0.874
-4.193349e-006,-0.875667
-4.193099e-006,-0.875667
-4.192849e-006,-0.874
-4.192599e-006,-0.874
-4.192349e-006,-0.875667
-4.192099e-006,-0.875667
-4.191849e-006,-0.874
-4.191599e-006,-0.874
-4.191349e-006,-0.875667
-4.191099e-006,-0.875667
-4.190849e-006,-0.874
-4.190599e-006,-0.874
-4.190349e-006,-0.875667
-4.190099e-006,-0.875667
-4.189849e-006,-0.874
-4.189599e-006,-0.874
-4.189349e-006,-0.875667
-4.189099e-006,-0.875667
-4.188849e-006,-0.874
-4.188599e-006,-0.874
-4.188349e-006,-0.875667
-4.188099e-006,-0.875667
-4.187849e-006,-0.874
-4.187599e-006,-0.874
-4.187349e-006,-0.875667
-4.187099e-006,-0.875667
-4.186849e-006,-0.874
-4.186599e-006,-0.874
-4.186349e-006,-0.875667
-4.186099e-006,-0.875667
-4.185849e-006,-0.874
-4.185599e-006,-0.874
-4.185349e-006,-0.875667
-4.185099e-006,-0.875667
-4.184849e-006,-0.875667
-4.184599e-006,-0.874
-4.184349e-006,-0.875667
-4.184099e-006,-0.875667
-4.183849e-006,-0.874
-4.183599e-006,-0.874
-4.183349e-006,-0.875667
-4.183099e-006,-0.875667
-4.182849e-006,-0.874
-4.182599e-006,-0.874
-4.182349e-006,-0.875667
-4.182099e-006,-0.875667
-4.181849e-006,-0.874
-4.181599e-006,-0.874
-4.181349e-006,-0.875667
-4.181099e-006,-0.875667
-4.180849e-006,-0.874
-4.180599e-006,-0.874
-4.180349e-006,-0.875667
-4.180099e-006,-0.875667
-4.179849e-006,-0.874
-4.179599e-006,-0.874
-4.179349e-006,-0.875667
-4.179099e-006,-0.875667
-4.178849e-006,-0.874
-4.178599e-006,-0.874
-4.178349e-006,-0.875667
-4.178099e-006,-0.875667
-4.177849e-006,-0.874
-4.177599e-006,-0.874
-4.177349e-006,-0.875667
-4.177099e-006,-0.875667
-4.176849e-006,-0.874
-4.176599e-006,-0.874
-4.176349e-006,-0.875667
-4.176099e-006,-0.875667
-4.175849e-006,-0.874
-4.175599e-006,-0.874
-4.175349e-006,-0.875667
-4.175099e-006,-0.875667
-4.174849e-006,-0.874
-4.174599e-006,-0.874
-4.174349e-006,-0.875667
-4.174099e-006,-0.875667
-4.173849e-006,-0.874
-4.173599e-006,-0.874
-4.173349e-006,-0.875667
-4.173099e-006,-0.875667
-4.172849e-006,-0.874
-4.172599e-006,-0.874
-4.172349e-006,-0.875667
-4.172099e-006,-0.875667
-4.171849e-006,-0.874
-4.171599e-006,-0.874
-4.171349e-006,-0.875667
-4.171099e-006,-0.875667
-4.170849e-006,-0.874
-4.170599e-006,-0.874
-4.170349e-006,-0.875667
-4.170099e-006,-0.875667
-4.169849e-006,-0.874
-4.169599e-006,-0.874
-4.169349e-006,-0.875667
-4.169099e-006,-0.875667
-4.168849e-006,-0.874
-4.168599e-006,-0.874
-4.168349e-006,-0.875667
-4.168099e-006,-0.875667
-4.167849e-006,-0.874
-4.167599e-006,-0.874
-4.167349e-006,-0.875667
-4.167099e-006,-0.875667
-4.166849e-006,-0.874
-4.166599e-006,-0.874
-4.166349e-006,-0.874
-4.166099e-006,-0.875667
-4.165849e-006,-0.874
-4.165599e-006,-0.874
-4.165349e-006,-0.874
-4.165099e-006,-0.875667
-4.164849e-006,-0.874
-4.164599e-006,-0.874
-4.164349e-006,-0.874
-4.164099e-006,-0.875667
-4.163849e-006,-0.874
-4.163599e-006,-0.874
-4.163349e-006,-0.874
-4.163099e-006,-0.875667
-4.162849e-006,-0.874
-4.162599e-006,-0.874
-4.162349e-006,-0.875667
-4.162099e-006,-0.875667
-4.161849e-006,-0.874
-4.161599e-006,-0.874
-4.161349e-006,-0.875667
-4.161099e-006,-0.875667
-4.160849e-006,-0.874
-4.160599e-006,-0.874
-4.160349e-006,-0.875667
-4.160099e-006,-0.875667
-4.159849e-006,-0.874
-4.159599e-006,-0.874
-4.159349e-006,-0.875667
-4.159099e-006,-0.875667
-4.158849e-006,-0.874
-4.158599e-006,-0.874
-4.158349e-006,-0.875667
-4.158099e-006,-0.875667
-4.157849e-006,-0.874
-4.157599e-006,-0.874
-4.157349e-006,-0.875667
-4.157099e-006,-0.875667
-4.156849e-006,-0.874
-4.156599e-006,-0.874
-4.156349e-006,-0.875667
-4.156099e-006,-0.875667
-4.155849e-006,-0.874
-4.155599e-006,-0.874
-4.155349e-006,-0.875667
-4.155099e-006,-0.875667
-4.154849e-006,-0.874
-4.154599e-006,-0.874
-4.154349e-006,-0.875667
-4.154099e-006,-0.875667
-4.153849e-006,-0.874
-4.153599e-006,-0.874
-4.153349e-006,-0.875667
-4.153099e-006,-0.875667
-4.152849e-006,-0.874
-4.152599e-006,-0.874
-4.152349e-006,-0.875667
-4.152099e-006,-0.875667
-4.151849e-006,-0.874
-4.151599e-006,-0.874
-4.151349e-006,-0.875667
-4.151099e-006,-0.875667
-4.150849e-006,-0.874
-4.150599e-006,-0.874
-4.150349e-006,-0.875667
-4.150099e-006,-0.875667
-4.149849e-006,-0.874
-4.149599e-006,-0.874
-4.149349e-006,-0.875667
-4.149099e-006,-0.875667
-4.148849e-006,-0.874
-4.148599e-006,-0.874
-4.148349e-006,-0.875667
-4.148099e-006,-0.875667
-4.147849e-006,-0.874
-4.147599e-006,-0.874
-4.147349e-006,-0.875667
-4.147099e-006,-0.875667
-4.146849e-006,-0.874
-4.146599e-006,-0.874
-4.146349e-006,-0.874
-4.146099e-006,-0.874
-4.145849e-006,-0.874
-4.145599e-006,-0.874
-4.145349e-006,-0.874
-4.145099e-006,-0.874
-4.144849e-006,-0.874
-4.144599e-006,-0.874
-4.144349e-006,-0.874
-4.144099e-006,-0.874
-4.143849e-006,-0.874
-4.143599e-006,-0.874
-4.143349e-006,-0.874
-4.143099e-006,-0.874
-4.142849e-006,-0.874
-4.142599e-006,-0.874
-4.142349e-006,-0.874
-4.142099e-006,-0.874
-4.141849e-006,-0.874
-4.141599e-006,-0.874
-4.141349e-006,-0.874
-4.141099e-006,-0.875667
-4.140849e-006,-0.874
-4.140599e-006,-0.874
-4.140349e-006,-0.874
-4.140099e-006,-0.875667
-4.139849e-006,-0.874
-4.139599e-006,-0.874
-4.139349e-006,-0.875667
-4.139099e-006,-0.875667
-4.138849e-006,-0.874
-4.138599e-006,-0.874
-4.138349e-006,-0.875667
-4.138099e-006,-0.875667
-4.137849e-006,-0.874
-4.137599e-006,-0.874
-4.137349e-006,-0.875667
-4.137099e-006,-0.875667
-4.136849e-006,-0.874
-4.136599e-006,-0.874
-4.136349e-006,-0.875667
-4.136099e-006,-0.875667
-4.135849e-006,-0.874
-4.135599e-006,-0.874
-4.135349e-006,-0.875667
-4.135099e-006,-0.875667
-4.134849e-006,-0.874
-4.134599e-006,-0.872333
-4.134349e-006,-0.874
-4.134099e-006,-0.875667
-4.133849e-006,-0.874
-4.133599e-006,-0.874
-4.133349e-006,-0.875667
-4.133099e-006,-0.875667
-4.132849e-006,-0.874
-4.132599e-006,-0.874
-4.132349e-006,-0.875667
-4.132099e-006,-0.874
-4.131849e-006,-0.874
-4.131599e-006,-0.874
-4.131349e-006,-0.875667
-4.131099e-006,-0.874
-4.130849e-006,-0.874
-4.130599e-006,-0.874
-4.130349e-006,-0.875667
-4.130099e-006,-0.875667
-4.129849e-006,-0.874
-4.129599e-006,-0.874
-4.129349e-006,-0.874
-4.129099e-006,-0.875667
-4.128849e-006,-0.874
-4.128599e-006,-0.874
-4.128349e-006,-0.874
-4.128099e-006,-0.875667
-4.127849e-006,-0.874
-4.127599e-006,-0.874
-4.127349e-006,-0.874
-4.127099e-006,-0.875667
-4.126849e-006,-0.874
-4.126599e-006,-0.874
-4.126349e-006,-0.875667
-4.126099e-006,-0.875667
-4.125849e-006,-0.875667
-4.125599e-006,-0.874
-4.125349e-006,-0.875667
-4.125099e-006,-0.875667
-4.124849e-006,-0.875667
-4.124599e-006,-0.874
-4.124349e-006,-0.875667
-4.124099e-006,-0.874
-4.123849e-006,-0.874
-4.123599e-006,-0.874
-4.123349e-006,-0.875667
-4.123099e-006,-0.874
-4.122849e-006,-0.874
-4.122599e-006,-0.874
-4.122349e-006,-0.874
-4.122099e-006,-0.874
-4.121849e-006,-0.874
-4.121599e-006,-0.874
-4.121349e-006,-0.874
-4.121099e-006,-0.875667
-4.120849e-006,-0.874
-4.120599e-006,-0.874
-4.120349e-006,-0.875667
-4.120099e-006,-0.875667
-4.119849e-006,-0.874
-4.119599e-006,-0.874
-4.119349e-006,-0.875667
-4.119099e-006,-0.875667
-4.118849e-006,-0.874
-4.118599e-006,-0.874
-4.118349e-006,-0.875667
-4.118099e-006,-0.875667
-4.117849e-006,-0.874
-4.117599e-006,-0.874
-4.117349e-006,-0.875667
-4.117099e-006,-0.875667
-4.116849e-006,-0.874
-4.116599e-006,-0.874
-4.116349e-006,-0.875667
-4.116099e-006,-0.875667
-4.115849e-006,-0.874
-4.115599e-006,-0.874
-4.115349e-006,-0.875667
-4.115099e-006,-0.875667
-4.114849e-006,-0.874
-4.114599e-006,-0.874
-4.114349e-006,-0.875667
-4.114099e-006,-0.875667
-4.113849e-006,-0.874
-4.113599e-006,-0.874
-4.113349e-006,-0.875667
-4.113099e-006,-0.874
-4.112849e-006,-0.874
-4.112599e-006,-0.874
-4.112349e-006,-0.875667
-4.112099e-006,-0.874
-4.111849e-006,-0.874
-4.111599e-006,-0.874
-4.111349e-006,-0.875667
-4.111099e-006,-0.874
-4.110849e-006,-0.874
-4.110599e-006,-0.872333
-4.110349e-006,-0.875667
-4.110099e-006,-0.875667
-4.109849e-006,-0.874
-4.109599e-006,-0.874
-4.109349e-006,-0.875667
-4.109099e-006,-0.875667
-4.108849e-006,-0.874
-4.108599e-006,-0.874
-4.108349e-006,-0.875667
-4.108099e-006,-0.875667
-4.107849e-006,-0.874
-4.107599e-006,-0.874
-4.107349e-006,-0.875667
-4.107099e-006,-0.875667
-4.106849e-006,-0.874
-4.106599e-006,-0.874
-4.106349e-006,-0.875667
-4.106099e-006,-0.875667
-4.105849e-006,-0.874
-4.105599e-006,-0.874
-4.105349e-006,-0.875667
-4.105099e-006,-0.875667
-4.104849e-006,-0.874
-4.104599e-006,-0.874
-4.104349e-006,-0.875667
-4.104099e-006,-0.874
-4.103849e-006,-0.874
-4.103599e-006,-0.874
-4.103349e-006,-0.875667
-4.103099e-006,-0.874
-4.102849e-006,-0.874
-4.102599e-006,-0.874
-4.102349e-006,-0.874
-4.102099e-006,-0.874
-4.101849e-006,-0.874
-4.101599e-006,-0.874
-4.101349e-006,-0.874
-4.101099e-006,-0.874
-4.100849e-006,-0.874
-4.100599e-006,-0.874
-4.100349e-006,-0.875667
-4.100099e-006,-0.874
-4.099849e-006,-0.874
-4.099599e-006,-0.874
-4.099349e-006,-0.875667
-4.099099e-006,-0.875667
-4.098849e-006,-0.874
-4.098599e-006,-0.874
-4.098349e-006,-0.875667
-4.098099e-006,-0.875667
-4.097849e-006,-0.874
-4.097599e-006,-0.874
-4.097349e-006,-0.875667
-4.097099e-006,-0.875667
-4.096849e-006,-0.874
-4.096599e-006,-0.874
-4.096349e-006,-0.875667
-4.096099e-006,-0.875667
-4.095849e-006,-0.874
-4.095599e-006,-0.874
-4.095349e-006,-0.874
-4.095099e-006,-0.874
-4.094849e-006,-0.874
-4.094599e-006,-0.874
-4.094349e-006,-0.874
-4.094099e-006,-0.874
-4.093849e-006,-0.874
-4.093599e-006,-0.874
-4.093349e-006,-0.874
-4.093099e-006,-0.874
-4.092849e-006,-0.874
-4.092599e-006,-0.874
-4.092349e-006,-0.874
-4.092099e-006,-0.875667
-4.091849e-006,-0.874
-4.091599e-006,-0.874
-4.091349e-006,-0.875667
-4.091099e-006,-0.875667
-4.090849e-006,-0.874
-4.090599e-006,-0.874
-4.090349e-006,-0.875667
-4.090099e-006,-0.875667
-4.089849e-006,-0.874
-4.089599e-006,-0.874
-4.089349e-006,-0.875667
-4.089099e-006,-0.875667
-4.088849e-006,-0.874
-4.088599e-006,-0.874
-4.088349e-006,-0.875667
-4.088099e-006,-0.875667
-4.087849e-006,-0.874
-4.087599e-006,-0.874
-4.087349e-006,-0.875667
-4.087099e-006,-0.875667
-4.086849e-006,-0.874
-4.086599e-006,-0.874
-4.086349e-006,-0.875667
-4.086099e-006,-0.874
-4.085849e-006,-0.874
-4.085599e-006,-0.874
-4.085349e-006,-0.875667
-4.085099e-006,-0.874
-4.084849e-006,-0.874
-4.084599e-006,-0.874
-4.084349e-006,-0.874
-4.084099e-006,-0.874
-4.083849e-006,-0.874
-4.083599e-006,-0.874
-4.083349e-006,-0.875667
-4.083099e-006,-0.875667
-4.082849e-006,-0.874
-4.082599e-006,-0.874
-4.082349e-006,-0.875667
-4.082099e-006,-0.875667
-4.081849e-006,-0.874
-4.081599e-006,-0.874
-4.081349e-006,-0.875667
-4.081099e-006,-0.875667
-4.080849e-006,-0.874
-4.080599e-006,-0.874
-4.080349e-006,-0.875667
-4.080099e-006,-0.875667
-4.079849e-006,-0.874
-4.079599e-006,-0.874
-4.079349e-006,-0.875667
-4.079099e-006,-0.875667
-4.078849e-006,-0.875667
-4.078599e-006,-0.874
-4.078349e-006,-0.875667
-4.078099e-006,-0.875667
-4.077849e-006,-0.874
-4.077599e-006,-0.874
-4.077349e-006,-0.875667
-4.077099e-006,-0.875667
-4.076849e-006,-0.874
-4.076599e-006,-0.874
-4.076349e-006,-0.875667
-4.076099e-006,-0.875667
-4.075849e-006,-0.874
-4.075599e-006,-0.874
-4.075349e-006,-0.875667
-4.075099e-006,-0.875667
-4.074849e-006,-0.874
-4.074599e-006,-0.874
-4.074349e-006,-0.875667
-4.074099e-006,-0.875667
-4.073849e-006,-0.874
-4.073599e-006,-0.874
-4.073349e-006,-0.875667
-4.073099e-006,-0.875667
-4.072849e-006,-0.874
-4.072599e-006,-0.874
-4.072349e-006,-0.875667
-4.072099e-006,-0.875667
-4.071849e-006,-0.874
-4.071599e-006,-0.874
-4.071349e-006,-0.875667
-4.071099e-006,-0.875667
-4.070849e-006,-0.874
-4.070599e-006,-0.874
-4.070349e-006,-0.875667
-4.070099e-006,-0.875667
-4.069849e-006,-0.874
-4.069599e-006,-0.874
-4.069349e-006,-0.874
-4.069099e-006,-0.875667
-4.068849e-006,-0.874
-4.068599e-006,-0.874
-4.068349e-006,-0.874
-4.068099e-006,-0.875667
-4.067849e-006,-0.874
-4.067599e-006,-0.874
-4.067349e-006,-0.875667
-4.067099e-006,-0.875667
-4.066849e-006,-0.874
-4.066599e-006,-0.874
-4.066349e-006,-0.875667
-4.066099e-006,-0.875667
-4.065849e-006,-0.874
-4.065599e-006,-0.874
-4.065349e-006,-0.875667
-4.065099e-006,-0.875667
-4.064849e-006,-0.874
-4.064599e-006,-0.874
-4.064349e-006,-0.875667
-4.064099e-006,-0.875667
-4.063849e-006,-0.874
-4.063599e-006,-0.874
-4.063349e-006,-0.875667
-4.063099e-006,-0.875667
-4.062849e-006,-0.874
-4.062599e-006,-0.874
-4.062349e-006,-0.875667
-4.062099e-006,-0.875667
-4.061849e-006,-0.874
-4.061599e-006,-0.874
-4.061349e-006,-0.875667
-4.061099e-006,-0.875667
-4.060849e-006,-0.874
-4.060599e-006,-0.874
-4.060349e-006,-0.875667
-4.060099e-006,-0.875667
-4.059849e-006,-0.874
-4.059599e-006,-0.874
-4.059349e-006,-0.875667
-4.059099e-006,-0.875667
-4.058849e-006,-0.874
-4.058599e-006,-0.874
-4.058349e-006,-0.874
-4.058099e-006,-0.875667
-4.057849e-006,-0.874
-4.057599e-006,-0.874
-4.057349e-006,-0.874
-4.057099e-006,-0.874
-4.056849e-006,-0.874
-4.056599e-006,-0.874
-4.056349e-006,-0.875667
-4.056099e-006,-0.874
-4.055849e-006,-0.874
-4.055599e-006,-0.874
-4.055349e-006,-0.875667
-4.055099e-006,-0.875667
-4.054849e-006,-0.874
-4.054599e-006,-0.874
-4.054349e-006,-0.875667
-4.054099e-006,-0.875667
-4.053849e-006,-0.874
-4.053599e-006,-0.874
-4.053349e-006,-0.875667
-4.053099e-006,-0.875667
-4.052849e-006,-0.874
-4.052599e-006,-0.874
-4.052349e-006,-0.874
-4.052099e-006,-0.875667
-4.051849e-006,-0.874
-4.051599e-006,-0.874
-4.051349e-006,-0.875667
-4.051099e-006,-0.875667
-4.050849e-006,-0.874
-4.050599e-006,-0.874
-4.050349e-006,-0.875667
-4.050099e-006,-0.875667
-4.049849e-006,-0.874
-4.049599e-006,-0.874
-4.049349e-006,-0.875667
-4.049099e-006,-0.875667
-4.048849e-006,-0.874
-4.048599e-006,-0.874
-4.048349e-006,-0.875667
-4.048099e-006,-0.875667
-4.047849e-006,-0.874
-4.047599e-006,-0.874
-4.047349e-006,-0.875667
-4.047099e-006,-0.875667
-4.046849e-006,-0.875667
-4.046599e-006,-0.874
-4.046349e-006,-0.875667
-4.046099e-006,-0.875667
-4.045849e-006,-0.875667
-4.045599e-006,-0.874
-4.045349e-006,-0.875667
-4.045099e-006,-0.875667
-4.044849e-006,-0.874
-4.044599e-006,-0.874
-4.044349e-006,-0.875667
-4.044099e-006,-0.875667
-4.043849e-006,-0.874
-4.043599e-006,-0.874
-4.043349e-006,-0.875667
-4.043099e-006,-0.875667
-4.042849e-006,-0.874
-4.042599e-006,-0.874
-4.042349e-006,-0.875667
-4.042099e-006,-0.875667
-4.041849e-006,-0.874
-4.041599e-006,-0.874
-4.041349e-006,-0.875667
-4.041099e-006,-0.875667
-4.040849e-006,-0.874
-4.040599e-006,-0.874
-4.040349e-006,-0.875667
-4.040099e-006,-0.875667
-4.039849e-006,-0.874
-4.039599e-006,-0.874
-4.039349e-006,-0.875667
-4.039099e-006,-0.875667
-4.038849e-006,-0.874
-4.038599e-006,-0.874
-4.038349e-006,-0.875667
-4.038099e-006,-0.875667
-4.037849e-006,-0.874
-4.037599e-006,-0.874
-4.037349e-006,-0.875667
-4.037099e-006,-0.875667
-4.036849e-006,-0.874
-4.036599e-006,-0.874
-4.036349e-006,-0.875667
-4.036099e-006,-0.875667
-4.035849e-006,-0.874
-4.035599e-006,-0.874
-4.035349e-006,-0.875667
-4.035099e-006,-0.875667
-4.034849e-006,-0.875667
-4.034599e-006,-0.874
-4.034349e-006,-0.875667
-4.034099e-006,-0.875667
-4.033849e-006,-0.875667
-4.033599e-006,-0.874
-4.033349e-006,-0.875667
-4.033099e-006,-0.875667
-4.032849e-006,-0.874
-4.032599e-006,-0.874
-4.032349e-006,-0.875667
-4.032099e-006,-0.875667
-4.031849e-006,-0.874
-4.031599e-006,-0.874
-4.031349e-006,-0.875667
-4.031099e-006,-0.875667
-4.030849e-006,-0.874
-4.030599e-006,-0.874
-4.030349e-006,-0.875667
-4.030099e-006,-0.875667
-4.029849e-006,-0.874
-4.029599e-006,-0.874
-4.029349e-006,-0.874
-4.029099e-006,-0.875667
-4.028849e-006,-0.874
-4.028599e-006,-0.874
-4.028349e-006,-0.875667
-4.028099e-006,-0.875667
-4.027849e-006,-0.874
-4.027599e-006,-0.874
-4.027349e-006,-0.875667
-4.027099e-006,-0.875667
-4.026849e-006,-0.874
-4.026599e-006,-0.874
-4.026349e-006,-0.875667
-4.026099e-006,-0.875667
-4.025849e-006,-0.874
-4.025599e-006,-0.874
-4.025349e-006,-0.875667
-4.025099e-006,-0.875667
-4.024849e-006,-0.874
-4.024599e-006,-0.874
-4.024349e-006,-0.875667
-4.024099e-006,-0.875667
-4.023849e-006,-0.874
-4.023599e-006,-0.874
-4.023349e-006,-0.875667
-4.023099e-006,-0.875667
-4.022849e-006,-0.874
-4.022599e-006,-0.874
-4.022349e-006,-0.875667
-4.022099e-006,-0.875667
-4.021849e-006,-0.874
-4.021599e-006,-0.874
-4.021349e-006,-0.875667
-4.021099e-006,-0.875667
-4.020849e-006,-0.874
-4.020599e-006,-0.874
-4.020349e-006,-0.875667
-4.020099e-006,-0.875667
-4.019849e-006,-0.874
-4.019599e-006,-0.874
-4.019349e-006,-0.874
-4.019099e-006,-0.875667
-4.018849e-006,-0.874
-4.018599e-006,-0.874
-4.018349e-006,-0.875667
-4.018099e-006,-0.875667
-4.017849e-006,-0.874
-4.017599e-006,-0.874
-4.017349e-006,-0.875667
-4.017099e-006,-0.875667
-4.016849e-006,-0.874
-4.016599e-006,-0.874
-4.016349e-006,-0.875667
-4.016099e-006,-0.875667
-4.015849e-006,-0.874
-4.015599e-006,-0.874
-4.015349e-006,-0.875667
-4.015099e-006,-0.875667
-4.014849e-006,-0.874
-4.014599e-006,-0.874
-4.014349e-006,-0.875667
-4.014099e-006,-0.875667
-4.013849e-006,-0.874
-4.013599e-006,-0.874
-4.013349e-006,-0.875667
-4.013099e-006,-0.875667
-4.012849e-006,-0.874
-4.012599e-006,-0.874
-4.012349e-006,-0.875667
-4.012099e-006,-0.874
-4.011849e-006,-0.874
-4.011599e-006,-0.874
-4.011349e-006,-0.875667
-4.011099e-006,-0.875667
-4.010849e-006,-0.874
-4.010599e-006,-0.874
-4.010349e-006,-0.875667
-4.010099e-006,-0.875667
-4.009849e-006,-0.874
-4.009599e-006,-0.874
-4.009349e-006,-0.875667
-4.009099e-006,-0.875667
-4.008849e-006,-0.874
-4.008599e-006,-0.874
-4.008349e-006,-0.875667
-4.008099e-006,-0.875667
-4.007849e-006,-0.874
-4.007599e-006,-0.874
-4.007349e-006,-0.875667
-4.007099e-006,-0.875667
-4.006849e-006,-0.874
-4.006599e-006,-0.874
-4.006349e-006,-0.875667
-4.006099e-006,-0.875667
-4.005849e-006,-0.874
-4.005599e-006,-0.874
-4.005349e-006,-0.875667
-4.005099e-006,-0.875667
-4.004849e-006,-0.874
-4.004599e-006,-0.874
-4.004349e-006,-0.875667
-4.004099e-006,-0.875667
-4.003849e-006,-0.874
-4.003599e-006,-0.874
-4.003349e-006,-0.875667
-4.003099e-006,-0.875667
-4.002849e-006,-0.874
-4.002599e-006,-0.874
-4.002349e-006,-0.875667
-4.002099e-006,-0.875667
-4.001849e-006,-0.874
-4.001599e-006,-0.874
-4.001349e-006,-0.875667
-4.001099e-006,-0.875667
-4.000849e-006,-0.874
-4.000599e-006,-0.874
-4.000349e-006,-0.875667
-4.000099e-006,-0.875667
-3.999849e-006,-0.874
-3.999599e-006,-0.874
-3.999349e-006,-0.875667
-3.999099e-006,-0.875667
-3.998849e-006,-0.874
-3.998599e-006,-0.874
-3.998349e-006,-0.875667
-3.998099e-006,-0.875667
-3.997849e-006,-0.874
-3.997599e-006,-0.874
-3.997349e-006,-0.875667
-3.997099e-006,-0.875667
-3.996849e-006,-0.874
-3.996599e-006,-0.874
-3.996349e-006,-0.874
-3.996099e-006,-0.875667
-3.995849e-006,-0.874
-3.995599e-006,-0.874
-3.995349e-006,-0.874
-3.995099e-006,-0.875667
-3.994849e-006,-0.874
-3.994599e-006,-0.874
-3.994349e-006,-0.874
-3.994099e-006,-0.875667
-3.993849e-006,-0.874
-3.993599e-006,-0.874
-3.993349e-006,-0.874
-3.993099e-006,-0.875667
-3.992849e-006,-0.874
-3.992599e-006,-0.874
-3.992349e-006,-0.874
-3.992099e-006,-0.874
-3.991849e-006,-0.874
-3.991599e-006,-0.874
-3.991349e-006,-0.875667
-3.991099e-006,-0.875667
-3.990849e-006,-0.874
-3.990599e-006,-0.874
-3.990349e-006,-0.875667
-3.990099e-006,-0.875667
-3.989849e-006,-0.874
-3.989599e-006,-0.874
-3.989349e-006,-0.875667
-3.989099e-006,-0.875667
-3.988849e-006,-0.874
-3.988599e-006,-0.874
-3.988349e-006,-0.875667
-3.988099e-006,-0.875667
-3.987849e-006,-0.874
-3.987599e-006,-0.874
-3.987349e-006,-0.875667
-3.987099e-006,-0.875667
-3.986849e-006,-0.874
-3.986599e-006,-0.874
-3.986349e-006,-0.875667
-3.986099e-006,-0.875667
-3.985849e-006,-0.874
-3.985599e-006,-0.874
-3.985349e-006,-0.875667
-3.985099e-006,-0.875667
-3.984849e-006,-0.874
-3.984599e-006,-0.874
-3.984349e-006,-0.874
-3.984099e-006,-0.874
-3.983849e-006,-0.874
-3.983599e-006,-0.874
-3.983349e-006,-0.874
-3.983099e-006,-0.874
-3.982849e-006,-0.874
-3.982599e-006,-0.874
-3.982349e-006,-0.874
-3.982099e-006,-0.874
-3.981849e-006,-0.874
-3.981599e-006,-0.874
-3.981349e-006,-0.875667
-3.981099e-006,-0.874
-3.980849e-006,-0.874
-3.980599e-006,-0.874
-3.980349e-006,-0.875667
-3.980099e-006,-0.875667
-3.979849e-006,-0.874
-3.979599e-006,-0.874
-3.979349e-006,-0.875667
-3.979099e-006,-0.875667
-3.978849e-006,-0.874
-3.978599e-006,-0.874
-3.978349e-006,-0.875667
-3.978099e-006,-0.875667
-3.977849e-006,-0.874
-3.977599e-006,-0.874
-3.977349e-006,-0.875667
-3.977099e-006,-0.875667
-3.976849e-006,-0.874
-3.976599e-006,-0.874
-3.976349e-006,-0.875667
-3.976099e-006,-0.875667
-3.975849e-006,-0.874
-3.975599e-006,-0.874
-3.975349e-006,-0.875667
-3.975099e-006,-0.875667
-3.974849e-006,-0.874
-3.974599e-006,-0.874
-3.974349e-006,-0.875667
-3.974099e-006,-0.875667
-3.973849e-006,-0.874
-3.973599e-006,-0.874
-3.973349e-006,-0.875667
-3.973099e-006,-0.875667
-3.972849e-006,-0.874
-3.972599e-006,-0.874
-3.972349e-006,-0.875667
-3.972099e-006,-0.875667
-3.971849e-006,-0.874
-3.971599e-006,-0.874
-3.971349e-006,-0.875667
-3.971099e-006,-0.875667
-3.970849e-006,-0.874
-3.970599e-006,-0.874
-3.970349e-006,-0.875667
-3.970099e-006,-0.875667
-3.969849e-006,-0.874
-3.969599e-006,-0.874
-3.969349e-006,-0.875667
-3.969099e-006,-0.875667
-3.968849e-006,-0.874
-3.968599e-006,-0.874
-3.968349e-006,-0.875667
-3.968099e-006,-0.875667
-3.967849e-006,-0.874
-3.967599e-006,-0.874
-3.967349e-006,-0.875667
-3.967099e-006,-0.875667
-3.966849e-006,-0.874
-3.966599e-006,-0.874
-3.966349e-006,-0.875667
-3.966099e-006,-0.875667
-3.965849e-006,-0.874
-3.965599e-006,-0.874
-3.965349e-006,-0.875667
-3.965099e-006,-0.875667
-3.964849e-006,-0.874
-3.964599e-006,-0.874
-3.964349e-006,-0.875667
-3.964099e-006,-0.875667
-3.963849e-006,-0.874
-3.963599e-006,-0.874
-3.963349e-006,-0.875667
-3.963099e-006,-0.875667
-3.962849e-006,-0.874
-3.962599e-006,-0.874
-3.962349e-006,-0.875667
-3.962099e-006,-0.875667
-3.961849e-006,-0.874
-3.961599e-006,-0.874
-3.961349e-006,-0.875667
-3.961099e-006,-0.875667
-3.960849e-006,-0.874
-3.960599e-006,-0.874
-3.960349e-006,-0.875667
-3.960099e-006,-0.875667
-3.959849e-006,-0.874
-3.959599e-006,-0.874
-3.959349e-006,-0.875667
-3.959099e-006,-0.875667
-3.958849e-006,-0.874
-3.958599e-006,-0.874
-3.958349e-006,-0.874
-3.958099e-006,-0.875667
-3.957849e-006,-0.874
-3.957599e-006,-0.874
-3.957349e-006,-0.874
-3.957099e-006,-0.875667
-3.956849e-006,-0.874
-3.956599e-006,-0.874
-3.956349e-006,-0.874
-3.956099e-006,-0.875667
-3.955849e-006,-0.874
-3.955599e-006,-0.874
-3.955349e-006,-0.875667
-3.955099e-006,-0.875667
-3.954849e-006,-0.874
-3.954599e-006,-0.874
-3.954349e-006,-0.875667
-3.954099e-006,-0.875667
-3.953849e-006,-0.874
-3.953599e-006,-0.874
-3.953349e-006,-0.875667
-3.953099e-006,-0.875667
-3.952849e-006,-0.874
-3.952599e-006,-0.874
-3.952349e-006,-0.875667
-3.952099e-006,-0.875667
-3.951849e-006,-0.874
-3.951599e-006,-0.874
-3.951349e-006,-0.875667
-3.951099e-006,-0.875667
-3.950849e-006,-0.874
-3.950599e-006,-0.874
-3.950349e-006,-0.875667
-3.950099e-006,-0.875667
-3.949849e-006,-0.874
-3.949599e-006,-0.874
-3.949349e-006,-0.875667
-3.949099e-006,-0.875667
-3.948849e-006,-0.874
-3.948599e-006,-0.874
-3.948349e-006,-0.875667
-3.948099e-006,-0.875667
-3.947849e-006,-0.874
-3.947599e-006,-0.874
-3.947349e-006,-0.874
-3.947099e-006,-0.875667
-3.946849e-006,-0.874
-3.946599e-006,-0.874
-3.946349e-006,-0.874
-3.946099e-006,-0.875667
-3.945849e-006,-0.874
-3.945599e-006,-0.874
-3.945349e-006,-0.874
-3.945099e-006,-0.875667
-3.944849e-006,-0.874
-3.944599e-006,-0.874
-3.944349e-006,-0.874
-3.944099e-006,-0.875667
-3.943849e-006,-0.874
-3.943599e-006,-0.874
-3.943349e-006,-0.874
-3.943099e-006,-0.875667
-3.942849e-006,-0.874
-3.942599e-006,-0.874
-3.942349e-006,-0.874
-3.942099e-006,-0.875667
-3.941849e-006,-0.874
-3.941599e-006,-0.874
-3.941349e-006,-0.874
-3.941099e-006,-0.874
-3.940849e-006,-0.874
-3.940599e-006,-0.874
-3.940349e-006,-0.874
-3.940099e-006,-0.874
-3.939849e-006,-0.874
-3.939599e-006,-0.874
-3.939349e-006,-0.874
-3.939099e-006,-0.875667
-3.938849e-006,-0.874
-3.938599e-006,-0.874
-3.938349e-006,-0.874
-3.938099e-006,-0.875667
-3.937849e-006,-0.874
-3.937599e-006,-0.874
-3.937349e-006,-0.874
-3.937099e-006,-0.875667
-3.936849e-006,-0.874
-3.936599e-006,-0.874
-3.936349e-006,-0.874
-3.936099e-006,-0.875667
-3.935849e-006,-0.874
-3.935599e-006,-0.874
-3.935349e-006,-0.874
-3.935099e-006,-0.875667
-3.934849e-006,-0.874
-3.934599e-006,-0.874
-3.934349e-006,-0.874
-3.934099e-006,-0.875667
-3.933849e-006,-0.874
-3.933599e-006,-0.874
-3.933349e-006,-0.874
-3.933099e-006,-0.875667
-3.932849e-006,-0.874
-3.932599e-006,-0.874
-3.932349e-006,-0.875667
-3.932099e-006,-0.875667
-3.931849e-006,-0.874
-3.931599e-006,-0.874
-3.931349e-006,-0.875667
-3.931099e-006,-0.875667
-3.930849e-006,-0.874
-3.930599e-006,-0.874
-3.930349e-006,-0.875667
-3.930099e-006,-0.875667
-3.929849e-006,-0.874
-3.929599e-006,-0.874
-3.929349e-006,-0.875667
-3.929099e-006,-0.875667
-3.928849e-006,-0.874
-3.928599e-006,-0.874
-3.928349e-006,-0.874
-3.928099e-006,-0.875667
-3.927849e-006,-0.874
-3.927599e-006,-0.874
-3.927349e-006,-0.875667
-3.927099e-006,-0.875667
-3.926849e-006,-0.874
-3.926599e-006,-0.874
-3.926349e-006,-0.875667
-3.926099e-006,-0.875667
-3.925849e-006,-0.874
-3.925599e-006,-0.874
-3.925349e-006,-0.875667
-3.925099e-006,-0.875667
-3.924849e-006,-0.874
-3.924599e-006,-0.874
-3.924349e-006,-0.875667
-3.924099e-006,-0.875667
-3.923849e-006,-0.874
-3.923599e-006,-0.874
-3.923349e-006,-0.875667
-3.923099e-006,-0.875667
-3.922849e-006,-0.874
-3.922599e-006,-0.874
-3.922349e-006,-0.875667
-3.922099e-006,-0.875667
-3.921849e-006,-0.874
-3.921599e-006,-0.874
-3.921349e-006,-0.875667
-3.921099e-006,-0.875667
-3.920849e-006,-0.874
-3.920599e-006,-0.874
-3.920349e-006,-0.874
-3.920099e-006,-0.874
-3.919849e-006,-0.874
-3.919599e-006,-0.874
-3.919349e-006,-0.874
-3.919099e-006,-0.874
-3.918849e-006,-0.874
-3.918599e-006,-0.874
-3.918349e-006,-0.875667
-3.918099e-006,-0.875667
-3.917849e-006,-0.874
-3.917599e-006,-0.874
-3.917349e-006,-0.875667
-3.917099e-006,-0.875667
-3.916849e-006,-0.874
-3.916599e-006,-0.874
-3.916349e-006,-0.874
-3.916099e-006,-0.874
-3.915849e-006,-0.874
-3.915599e-006,-0.874
-3.915349e-006,-0.875667
-3.915099e-006,-0.875667
-3.914849e-006,-0.874
-3.914599e-006,-0.874
-3.914349e-006,-0.875667
-3.914099e-006,-0.875667
-3.913849e-006,-0.874
-3.913599e-006,-0.874
-3.913349e-006,-0.875667
-3.913099e-006,-0.875667
-3.912849e-006,-0.874
-3.912599e-006,-0.874
-3.912349e-006,-0.875667
-3.912099e-006,-0.875667
-3.911849e-006,-0.874
-3.911599e-006,-0.874
-3.911349e-006,-0.875667
-3.911099e-006,-0.875667
-3.910849e-006,-0.874
-3.910599e-006,-0.874
-3.910349e-006,-0.875667
-3.910099e-006,-0.875667
-3.909849e-006,-0.874
-3.909599e-006,-0.874
-3.909349e-006,-0.875667
-3.909099e-006,-0.875667
-3.908849e-006,-0.874
-3.908599e-006,-0.874
-3.908349e-006,-0.875667
-3.908099e-006,-0.875667
-3.907849e-006,-0.874
-3.907599e-006,-0.874
-3.907349e-006,-0.875667
-3.907099e-006,-0.875667
-3.906849e-006,-0.874
-3.906599e-006,-0.874
-3.906349e-006,-0.875667
-3.906099e-006,-0.875667
-3.905849e-006,-0.874
-3.905599e-006,-0.874
-3.905349e-006,-0.875667
-3.905099e-006,-0.875667
-3.904849e-006,-0.874
-3.904599e-006,-0.874
-3.904349e-006,-0.875667
-3.904099e-006,-0.875667
-3.903849e-006,-0.874
-3.903599e-006,-0.874
-3.903349e-006,-0.875667
-3.903099e-006,-0.875667
-3.902849e-006,-0.874
-3.902599e-006,-0.874
-3.902349e-006,-0.875667
-3.902099e-006,-0.875667
-3.901849e-006,-0.874
-3.901599e-006,-0.874
-3.901349e-006,-0.875667
-3.901099e-006,-0.875667
-3.900849e-006,-0.874
-3.900599e-006,-0.874
-3.900349e-006,-0.875667
-3.900099e-006,-0.875667
-3.899849e-006,-0.874
-3.899599e-006,-0.874
-3.899349e-006,-0.875667
-3.899099e-006,-0.875667
-3.898849e-006,-0.874
-3.898599e-006,-0.874
-3.898349e-006,-0.875667
-3.898099e-006,-0.875667
-3.897849e-006,-0.875667
-3.897599e-006,-0.874
-3.897349e-006,-0.875667
-3.897099e-006,-0.875667
-3.896849e-006,-0.875667
-3.896599e-006,-0.874
-3.896349e-006,-0.875667
-3.896099e-006,-0.875667
-3.895849e-006,-0.875667
-3.895599e-006,-0.874
-3.895349e-006,-0.875667
-3.895099e-006,-0.875667
-3.894849e-006,-0.875667
-3.894599e-006,-0.874
-3.894349e-006,-0.875667
-3.894099e-006,-0.875667
-3.893849e-006,-0.874
-3.893599e-006,-0.874
-3.893349e-006,-0.875667
-3.893099e-006,-0.875667
-3.892849e-006,-0.874
-3.892599e-006,-0.874
-3.892349e-006,-0.875667
-3.892099e-006,-0.875667
-3.891849e-006,-0.874
-3.891599e-006,-0.874
-3.891349e-006,-0.875667
-3.891099e-006,-0.875667
-3.890849e-006,-0.874
-3.890599e-006,-0.874
-3.890349e-006,-0.874
-3.890099e-006,-0.875667
-3.889849e-006,-0.874
-3.889599e-006,-0.874
-3.889349e-006,-0.874
-3.889099e-006,-0.875667
-3.888849e-006,-0.874
-3.888599e-006,-0.874
-3.888349e-006,-0.874
-3.888099e-006,-0.875667
-3.887849e-006,-0.874
-3.887599e-006,-0.874
-3.887349e-006,-0.874
-3.887099e-006,-0.875667
-3.886849e-006,-0.874
-3.886599e-006,-0.874
-3.886349e-006,-0.874
-3.886099e-006,-0.875667
-3.885849e-006,-0.874
-3.885599e-006,-0.874
-3.885349e-006,-0.874
-3.885099e-006,-0.875667
-3.884849e-006,-0.874
-3.884599e-006,-0.874
-3.884349e-006,-0.875667
-3.884099e-006,-0.875667
-3.883849e-006,-0.874
-3.883599e-006,-0.874
-3.883349e-006,-0.875667
-3.883099e-006,-0.875667
-3.882849e-006,-0.874
-3.882599e-006,-0.874
-3.882349e-006,-0.875667
-3.882099e-006,-0.875667
-3.881849e-006,-0.874
-3.881599e-006,-0.874
-3.881349e-006,-0.875667
-3.881099e-006,-0.875667
-3.880849e-006,-0.874
-3.880599e-006,-0.874
-3.880349e-006,-0.874
-3.880099e-006,-0.875667
-3.879849e-006,-0.874
-3.879599e-006,-0.874
-3.879349e-006,-0.874
-3.879099e-006,-0.875667
-3.878849e-006,-0.874
-3.878599e-006,-0.874
-3.878349e-006,-0.874
-3.878099e-006,-0.875667
-3.877849e-006,-0.874
-3.877599e-006,-0.874
-3.877349e-006,-0.874
-3.877099e-006,-0.875667
-3.876849e-006,-0.874
-3.876599e-006,-0.874
-3.876349e-006,-0.874
-3.876099e-006,-0.875667
-3.875849e-006,-0.874
-3.875599e-006,-0.874
-3.875349e-006,-0.874
-3.875099e-006,-0.875667
-3.874849e-006,-0.874
-3.874599e-006,-0.874
-3.874349e-006,-0.874
-3.874099e-006,-0.875667
-3.873849e-006,-0.874
-3.873599e-006,-0.874
-3.873349e-006,-0.875667
-3.873099e-006,-0.875667
-3.872849e-006,-0.874
-3.872599e-006,-0.874
-3.872349e-006,-0.874
-3.872099e-006,-0.875667
-3.871849e-006,-0.874
-3.871599e-006,-0.874
-3.871349e-006,-0.874
-3.871099e-006,-0.875667
-3.870849e-006,-0.874
-3.870599e-006,-0.874
-3.870349e-006,-0.874
-3.870099e-006,-0.875667
-3.869849e-006,-0.874
-3.869599e-006,-0.874
-3.869349e-006,-0.874
-3.869099e-006,-0.875667
-3.868849e-006,-0.874
-3.868599e-006,-0.874
-3.868349e-006,-0.874
-3.868099e-006,-0.875667
-3.867849e-006,-0.874
-3.867599e-006,-0.874
-3.867349e-006,-0.875667
-3.867099e-006,-0.875667
-3.866849e-006,-0.874
-3.866599e-006,-0.874
-3.866349e-006,-0.875667
-3.866099e-006,-0.875667
-3.865849e-006,-0.874
-3.865599e-006,-0.874
-3.865349e-006,-0.874
-3.865099e-006,-0.875667
-3.864849e-006,-0.874
-3.864599e-006,-0.874
-3.864349e-006,-0.874
-3.864099e-006,-0.875667
-3.863849e-006,-0.874
-3.863599e-006,-0.874
-3.863349e-006,-0.874
-3.863099e-006,-0.875667
-3.862849e-006,-0.874
-3.862599e-006,-0.874
-3.862349e-006,-0.874
-3.862099e-006,-0.875667
-3.861849e-006,-0.874
-3.861599e-006,-0.874
-3.861349e-006,-0.874
-3.861099e-006,-0.875667
-3.860849e-006,-0.874
-3.860599e-006,-0.874
-3.860349e-006,-0.874
-3.860099e-006,-0.875667
-3.859849e-006,-0.875667
-3.859599e-006,-0.874
-3.859349e-006,-0.874
-3.859099e-006,-0.875667
-3.858849e-006,-0.875667
-3.858599e-006,-0.874
-3.858349e-006,-0.874
-3.858099e-006,-0.875667
-3.857849e-006,-0.874
-3.857599e-006,-0.874
-3.857349e-006,-0.874
-3.857099e-006,-0.875667
-3.856849e-006,-0.874
-3.856599e-006,-0.874
-3.856349e-006,-0.874
-3.856099e-006,-0.875667
-3.855849e-006,-0.874
-3.855599e-006,-0.874
-3.855349e-006,-0.874
-3.855099e-006,-0.875667
-3.854849e-006,-0.874
-3.854599e-006,-0.874
-3.854349e-006,-0.874
-3.854099e-006,-0.875667
-3.853849e-006,-0.874
-3.853599e-006,-0.874
-3.853349e-006,-0.874
-3.853099e-006,-0.875667
-3.852849e-006,-0.874
-3.852599e-006,-0.874
-3.852349e-006,-0.874
-3.852099e-006,-0.875667
-3.851849e-006,-0.874
-3.851599e-006,-0.874
-3.851349e-006,-0.874
-3.851099e-006,-0.875667
-3.850849e-006,-0.874
-3.850599e-006,-0.874
-3.850349e-006,-0.875667
-3.850099e-006,-0.875667
-3.849849e-006,-0.874
-3.849599e-006,-0.874
-3.849349e-006,-0.875667
-3.849099e-006,-0.875667
-3.848849e-006,-0.874
-3.848599e-006,-0.874
-3.848349e-006,-0.875667
-3.848099e-006,-0.875667
-3.847849e-006,-0.874
-3.847599e-006,-0.874
-3.847349e-006,-0.875667
-3.847099e-006,-0.875667
-3.846849e-006,-0.874
-3.846599e-006,-0.874
-3.846349e-006,-0.875667
-3.846099e-006,-0.875667
-3.845849e-006,-0.874
-3.845599e-006,-0.874
-3.845349e-006,-0.875667
-3.845099e-006,-0.875667
-3.844849e-006,-0.874
-3.844599e-006,-0.874
-3.844349e-006,-0.875667
-3.844099e-006,-0.875667
-3.843849e-006,-0.874
-3.843599e-006,-0.874
-3.843349e-006,-0.875667
-3.843099e-006,-0.875667
-3.842849e-006,-0.874
-3.842599e-006,-0.874
-3.842349e-006,-0.874
-3.842099e-006,-0.875667
-3.841849e-006,-0.874
-3.841599e-006,-0.874
-3.841349e-006,-0.875667
-3.841099e-006,-0.875667
-3.840849e-006,-0.874
-3.840599e-006,-0.874
-3.840349e-006,-0.875667
-3.840099e-006,-0.875667
-3.839849e-006,-0.874
-3.839599e-006,-0.874
-3.839349e-006,-0.875667
-3.839099e-006,-0.875667
-3.838849e-006,-0.874
-3.838599e-006,-0.874
-3.838349e-006,-0.875667
-3.838099e-006,-0.875667
-3.837849e-006,-0.874
-3.837599e-006,-0.874
-3.837349e-006,-0.875667
-3.837099e-006,-0.875667
-3.836849e-006,-0.874
-3.836599e-006,-0.874
-3.836349e-006,-0.875667
-3.836099e-006,-0.875667
-3.835849e-006,-0.874
-3.835599e-006,-0.874
-3.835349e-006,-0.875667
-3.835099e-006,-0.875667
-3.834849e-006,-0.874
-3.834599e-006,-0.874
-3.834349e-006,-0.875667
-3.834099e-006,-0.875667
-3.833849e-006,-0.875667
-3.833599e-006,-0.874
-3.833349e-006,-0.875667
-3.833099e-006,-0.875667
-3.832849e-006,-0.875667
-3.832599e-006,-0.874
-3.832349e-006,-0.874
-3.832099e-006,-0.874
-3.831849e-006,-0.874
-3.831599e-006,-0.874
-3.831349e-006,-0.874
-3.831099e-006,-0.874
-3.830849e-006,-0.874
-3.830599e-006,-0.874
-3.830349e-006,-0.874
-3.830099e-006,-0.874
-3.829849e-006,-0.874
-3.829599e-006,-0.874
-3.829349e-006,-0.874
-3.829099e-006,-0.874
-3.828849e-006,-0.874
-3.828599e-006,-0.874
-3.828349e-006,-0.874
-3.828099e-006,-0.874
-3.827849e-006,-0.874
-3.827599e-006,-0.874
-3.827349e-006,-0.874
-3.827099e-006,-0.874
-3.826849e-006,-0.874
-3.826599e-006,-0.874
-3.826349e-006,-0.874
-3.826099e-006,-0.874
-3.825849e-006,-0.874
-3.825599e-006,-0.874
-3.825349e-006,-0.874
-3.825099e-006,-0.875667
-3.824849e-006,-0.874
-3.824599e-006,-0.874
-3.824349e-006,-0.874
-3.824099e-006,-0.874
-3.823849e-006,-0.874
-3.823599e-006,-0.872333
-3.823349e-006,-0.874
-3.823099e-006,-0.875667
-3.822849e-006,-0.874
-3.822599e-006,-0.874
-3.822349e-006,-0.874
-3.822099e-006,-0.875667
-3.821849e-006,-0.874
-3.821599e-006,-0.874
-3.821349e-006,-0.874
-3.821099e-006,-0.875667
-3.820849e-006,-0.874
-3.820599e-006,-0.874
-3.820349e-006,-0.874
-3.820099e-006,-0.875667
-3.819849e-006,-0.874
-3.819599e-006,-0.874
-3.819349e-006,-0.874
-3.819099e-006,-0.875667
-3.818849e-006,-0.874
-3.818599e-006,-0.874
-3.818349e-006,-0.874
-3.818099e-006,-0.875667
-3.817849e-006,-0.874
-3.817599e-006,-0.874
-3.817349e-006,-0.874
-3.817099e-006,-0.874
-3.816849e-006,-0.874
-3.816599e-006,-0.874
-3.816349e-006,-0.874
-3.816099e-006,-0.875667
-3.815849e-006,-0.874
-3.815599e-006,-0.874
-3.815349e-006,-0.874
-3.815099e-006,-0.875667
-3.814849e-006,-0.874
-3.814599e-006,-0.874
-3.814349e-006,-0.874
-3.814099e-006,-0.874
-3.813849e-006,-0.874
-3.813599e-006,-0.874
-3.813349e-006,-0.874
-3.813099e-006,-0.874
-3.812849e-006,-0.874
-3.812599e-006,-0.874
-3.812349e-006,-0.874
-3.812099e-006,-0.874
-3.811849e-006,-0.874
-3.811599e-006,-0.874
-3.811349e-006,-0.874
-3.811099e-006,-0.875667
-3.810849e-006,-0.874
-3.810599e-006,-0.874
-3.810349e-006,-0.874
-3.810099e-006,-0.875667
-3.809849e-006,-0.874
-3.809599e-006,-0.874
-3.809349e-006,-0.874
-3.809099e-006,-0.875667
-3.808849e-006,-0.874
-3.808599e-006,-0.874
-3.808349e-006,-0.874
-3.808099e-006,-0.874
-3.807849e-006,-0.874
-3.807599e-006,-0.874
-3.807349e-006,-0.874
-3.807099e-006,-0.874
-3.806849e-006,-0.874
-3.806599e-006,-0.874
-3.806349e-006,-0.874
-3.806099e-006,-0.875667
-3.805849e-006,-0.874
-3.805599e-006,-0.874
-3.805349e-006,-0.875667
-3.805099e-006,-0.875667
-3.804849e-006,-0.874
-3.804599e-006,-0.874
-3.804349e-006,-0.875667
-3.804099e-006,-0.874
-3.803849e-006,-0.874
-3.803599e-006,-0.874
-3.803349e-006,-0.875667
-3.803099e-006,-0.874
-3.802849e-006,-0.874
-3.802599e-006,-0.874
-3.802349e-006,-0.875667
-3.802099e-006,-0.874
-3.801849e-006,-0.874
-3.801599e-006,-0.874
-3.801349e-006,-0.875667
-3.801099e-006,-0.874
-3.800849e-006,-0.874
-3.800599e-006,-0.874
-3.800349e-006,-0.875667
-3.800099e-006,-0.874
-3.799849e-006,-0.874
-3.799599e-006,-0.874
-3.799349e-006,-0.875667
-3.799099e-006,-0.874
-3.798849e-006,-0.874
-3.798599e-006,-0.874
-3.798349e-006,-0.875667
-3.798099e-006,-0.875667
-3.797849e-006,-0.874
-3.797599e-006,-0.874
-3.797349e-006,-0.875667
-3.797099e-006,-0.875667
-3.796849e-006,-0.874
-3.796599e-006,-0.874
-3.796349e-006,-0.875667
-3.796099e-006,-0.875667
-3.795849e-006,-0.874
-3.795599e-006,-0.874
-3.795349e-006,-0.874
-3.795099e-006,-0.874
-3.794849e-006,-0.874
-3.794599e-006,-0.874
-3.794349e-006,-0.874
-3.794099e-006,-0.874
-3.793849e-006,-0.874
-3.793599e-006,-0.874
-3.793349e-006,-0.874
-3.793099e-006,-0.875667
-3.792849e-006,-0.874
-3.792599e-006,-0.874
-3.792349e-006,-0.874
-3.792099e-006,-0.875667
-3.791849e-006,-0.874
-3.791599e-006,-0.874
-3.791349e-006,-0.875667
-3.791099e-006,-0.875667
-3.790849e-006,-0.874
-3.790599e-006,-0.874
-3.790349e-006,-0.874
-3.790099e-006,-0.875667
-3.789849e-006,-0.874
-3.789599e-006,-0.874
-3.789349e-006,-0.875667
-3.789099e-006,-0.875667
-3.788849e-006,-0.874
-3.788599e-006,-0.874
-3.788349e-006,-0.875667
-3.788099e-006,-0.875667
-3.787849e-006,-0.874
-3.787599e-006,-0.874
-3.787349e-006,-0.875667
-3.787099e-006,-0.875667
-3.786849e-006,-0.874
-3.786599e-006,-0.874
-3.786349e-006,-0.875667
-3.786099e-006,-0.875667
-3.785849e-006,-0.874
-3.785599e-006,-0.874
-3.785349e-006,-0.874
-3.785099e-006,-0.875667
-3.784849e-006,-0.874
-3.784599e-006,-0.874
-3.784349e-006,-0.874
-3.784099e-006,-0.875667
-3.783849e-006,-0.874
-3.783599e-006,-0.874
-3.783349e-006,-0.874
-3.783099e-006,-0.875667
-3.782849e-006,-0.874
-3.782599e-006,-0.874
-3.782349e-006,-0.874
-3.782099e-006,-0.875667
-3.781849e-006,-0.874
-3.781599e-006,-0.874
-3.781349e-006,-0.874
-3.781099e-006,-0.875667
-3.780849e-006,-0.874
-3.780599e-006,-0.874
-3.780349e-006,-0.874
-3.780099e-006,-0.875667
-3.779849e-006,-0.874
-3.779599e-006,-0.874
-3.779349e-006,-0.874
-3.779099e-006,-0.875667
-3.778849e-006,-0.874
-3.778599e-006,-0.874
-3.778349e-006,-0.874
-3.778099e-006,-0.875667
-3.777849e-006,-0.874
-3.777599e-006,-0.874
-3.777349e-006,-0.874
-3.777099e-006,-0.875667
-3.776849e-006,-0.874
-3.776599e-006,-0.874
-3.776349e-006,-0.875667
-3.776099e-006,-0.875667
-3.775849e-006,-0.874
-3.775599e-006,-0.874
-3.775349e-006,-0.875667
-3.775099e-006,-0.875667
-3.774849e-006,-0.874
-3.774599e-006,-0.874
-3.774349e-006,-0.875667
-3.774099e-006,-0.875667
-3.773849e-006,-0.874
-3.773599e-006,-0.874
-3.773349e-006,-0.874
-3.773099e-006,-0.875667
-3.772849e-006,-0.874
-3.772599e-006,-0.874
-3.772349e-006,-0.875667
-3.772099e-006,-0.875667
-3.771849e-006,-0.874
-3.771599e-006,-0.874
-3.771349e-006,-0.875667
-3.771099e-006,-0.875667
-3.770849e-006,-0.874
-3.770599e-006,-0.874
-3.770349e-006,-0.875667
-3.770099e-006,-0.875667
-3.769849e-006,-0.874
-3.769599e-006,-0.874
-3.769349e-006,-0.875667
-3.769099e-006,-0.875667
-3.768849e-006,-0.874
-3.768599e-006,-0.874
-3.768349e-006,-0.875667
-3.768099e-006,-0.875667
-3.767849e-006,-0.874
-3.767599e-006,-0.874
-3.767349e-006,-0.875667
-3.767099e-006,-0.875667
-3.766849e-006,-0.874
-3.766599e-006,-0.874
-3.766349e-006,-0.875667
-3.766099e-006,-0.875667
-3.765849e-006,-0.874
-3.765599e-006,-0.874
-3.765349e-006,-0.875667
-3.765099e-006,-0.875667
-3.764849e-006,-0.874
-3.764599e-006,-0.874
-3.764349e-006,-0.875667
-3.764099e-006,-0.875667
-3.763849e-006,-0.874
-3.763599e-006,-0.874
-3.763349e-006,-0.875667
-3.763099e-006,-0.875667
-3.762849e-006,-0.874
-3.762599e-006,-0.874
-3.762349e-006,-0.875667
-3.762099e-006,-0.875667
-3.761849e-006,-0.874
-3.761599e-006,-0.874
-3.761349e-006,-0.875667
-3.761099e-006,-0.875667
-3.760849e-006,-0.874
-3.760599e-006,-0.874
-3.760349e-006,-0.875667
-3.760099e-006,-0.875667
-3.759849e-006,-0.874
-3.759599e-006,-0.874
-3.759349e-006,-0.875667
-3.759099e-006,-0.875667
-3.758849e-006,-0.875667
-3.758599e-006,-0.874
-3.758349e-006,-0.875667
-3.758099e-006,-0.875667
-3.757849e-006,-0.874
-3.757599e-006,-0.874
-3.757349e-006,-0.875667
-3.757099e-006,-0.875667
-3.756849e-006,-0.874
-3.756599e-006,-0.874
-3.756349e-006,-0.875667
-3.756099e-006,-0.875667
-3.755849e-006,-0.874
-3.755599e-006,-0.874
-3.755349e-006,-0.874
-3.755099e-006,-0.874
-3.754849e-006,-0.874
-3.754599e-006,-0.874
-3.754349e-006,-0.874
-3.754099e-006,-0.874
-3.753849e-006,-0.874
-3.753599e-006,-0.874
-3.753349e-006,-0.874
-3.753099e-006,-0.875667
-3.752849e-006,-0.874
-3.752599e-006,-0.874
-3.752349e-006,-0.874
-3.752099e-006,-0.875667
-3.751849e-006,-0.874
-3.751599e-006,-0.874
-3.751349e-006,-0.875667
-3.751099e-006,-0.875667
-3.750849e-006,-0.874
-3.750599e-006,-0.874
-3.750349e-006,-0.875667
-3.750099e-006,-0.875667
-3.749849e-006,-0.874
-3.749599e-006,-0.874
-3.749349e-006,-0.875667
-3.749099e-006,-0.875667
-3.748849e-006,-0.874
-3.748599e-006,-0.874
-3.748349e-006,-0.875667
-3.748099e-006,-0.875667
-3.747849e-006,-0.874
-3.747599e-006,-0.874
-3.747349e-006,-0.875667
-3.747099e-006,-0.875667
-3.746849e-006,-0.874
-3.746599e-006,-0.874
-3.746349e-006,-0.875667
-3.746099e-006,-0.875667
-3.745849e-006,-0.874
-3.745599e-006,-0.874
-3.745349e-006,-0.875667
-3.745099e-006,-0.874
-3.744849e-006,-0.874
-3.744599e-006,-0.874
-3.744349e-006,-0.875667
-3.744099e-006,-0.874
-3.743849e-006,-0.874
-3.743599e-006,-0.874
-3.743349e-006,-0.875667
-3.743099e-006,-0.874
-3.742849e-006,-0.874
-3.742599e-006,-0.874
-3.742349e-006,-0.875667
-3.742099e-006,-0.875667
-3.741849e-006,-0.874
-3.741599e-006,-0.874
-3.741349e-006,-0.874
-3.741099e-006,-0.875667
-3.740849e-006,-0.874
-3.740599e-006,-0.874
-3.740349e-006,-0.875667
-3.740099e-006,-0.875667
-3.739849e-006,-0.874
-3.739599e-006,-0.874
-3.739349e-006,-0.875667
-3.739099e-006,-0.875667
-3.738849e-006,-0.874
-3.738599e-006,-0.874
-3.738349e-006,-0.875667
-3.738099e-006,-0.875667
-3.737849e-006,-0.874
-3.737599e-006,-0.874
-3.737349e-006,-0.875667
-3.737099e-006,-0.875667
-3.736849e-006,-0.874
-3.736599e-006,-0.874
-3.736349e-006,-0.874
-3.736099e-006,-0.875667
-3.735849e-006,-0.874
-3.735599e-006,-0.874
-3.735349e-006,-0.874
-3.735099e-006,-0.875667
-3.734849e-006,-0.874
-3.734599e-006,-0.874
-3.734349e-006,-0.874
-3.734099e-006,-0.875667
-3.733849e-006,-0.874
-3.733599e-006,-0.874
-3.733349e-006,-0.875667
-3.733099e-006,-0.875667
-3.732849e-006,-0.874
-3.732599e-006,-0.874
-3.732349e-006,-0.875667
-3.732099e-006,-0.875667
-3.731849e-006,-0.874
-3.731599e-006,-0.874
-3.731349e-006,-0.875667
-3.731099e-006,-0.875667
-3.730849e-006,-0.874
-3.730599e-006,-0.874
-3.730349e-006,-0.875667
-3.730099e-006,-0.875667
-3.729849e-006,-0.874
-3.729599e-006,-0.874
-3.729349e-006,-0.875667
-3.729099e-006,-0.875667
-3.728849e-006,-0.874
-3.728599e-006,-0.874
-3.728349e-006,-0.875667
-3.728099e-006,-0.875667
-3.727849e-006,-0.874
-3.727599e-006,-0.874
-3.727349e-006,-0.875667
-3.727099e-006,-0.875667
-3.726849e-006,-0.874
-3.726599e-006,-0.874
-3.726349e-006,-0.875667
-3.726099e-006,-0.874
-3.725849e-006,-0.874
-3.725599e-006,-0.874
-3.725349e-006,-0.875667
-3.725099e-006,-0.875667
-3.724849e-006,-0.874
-3.724599e-006,-0.874
-3.724349e-006,-0.875667
-3.724099e-006,-0.875667
-3.723849e-006,-0.874
-3.723599e-006,-0.874
-3.723349e-006,-0.875667
-3.723099e-006,-0.875667
-3.722849e-006,-0.874
-3.722599e-006,-0.874
-3.722349e-006,-0.875667
-3.722099e-006,-0.875667
-3.721849e-006,-0.874
-3.721599e-006,-0.874
-3.721349e-006,-0.875667
-3.721099e-006,-0.874
-3.720849e-006,-0.874
-3.720599e-006,-0.874
-3.720349e-006,-0.875667
-3.720099e-006,-0.875667
-3.719849e-006,-0.874
-3.719599e-006,-0.874
-3.719349e-006,-0.875667
-3.719099e-006,-0.875667
-3.718849e-006,-0.874
-3.718599e-006,-0.874
-3.718349e-006,-0.875667
-3.718099e-006,-0.875667
-3.717849e-006,-0.874
-3.717599e-006,-0.874
-3.717349e-006,-0.875667
-3.717099e-006,-0.875667
-3.716849e-006,-0.874
-3.716599e-006,-0.874
-3.716349e-006,-0.875667
-3.716099e-006,-0.875667
-3.715849e-006,-0.874
-3.715599e-006,-0.874
-3.715349e-006,-0.875667
-3.715099e-006,-0.875667
-3.714849e-006,-0.875667
-3.714599e-006,-0.874
-3.714349e-006,-0.875667
-3.714099e-006,-0.875667
-3.713849e-006,-0.875667
-3.713599e-006,-0.874
-3.713349e-006,-0.875667
-3.713099e-006,-0.875667
-3.712849e-006,-0.875667
-3.712599e-006,-0.874
-3.712349e-006,-0.874
-3.712099e-006,-0.875667
-3.711849e-006,-0.875667
-3.711599e-006,-0.874
-3.711349e-006,-0.875667
-3.711099e-006,-0.875667
-3.710849e-006,-0.874
-3.710599e-006,-0.874
-3.710349e-006,-0.875667
-3.710099e-006,-0.875667
-3.709849e-006,-0.874
-3.709599e-006,-0.874
-3.709349e-006,-0.874
-3.709099e-006,-0.875667
-3.708849e-006,-0.874
-3.708599e-006,-0.874
-3.708349e-006,-0.875667
-3.708099e-006,-0.875667
-3.707849e-006,-0.874
-3.707599e-006,-0.874
-3.707349e-006,-0.875667
-3.707099e-006,-0.875667
-3.706849e-006,-0.874
-3.706599e-006,-0.874
-3.706349e-006,-0.874
-3.706099e-006,-0.875667
-3.705849e-006,-0.874
-3.705599e-006,-0.874
-3.705349e-006,-0.874
-3.705099e-006,-0.875667
-3.704849e-006,-0.874
-3.704599e-006,-0.874
-3.704349e-006,-0.874
-3.704099e-006,-0.875667
-3.703849e-006,-0.874
-3.703599e-006,-0.874
-3.703349e-006,-0.875667
-3.703099e-006,-0.875667
-3.702849e-006,-0.874
-3.702599e-006,-0.874
-3.702349e-006,-0.875667
-3.702099e-006,-0.875667
-3.701849e-006,-0.875667
-3.701599e-006,-0.874
-3.701349e-006,-0.875667
-3.701099e-006,-0.875667
-3.700849e-006,-0.874
-3.700599e-006,-0.874
-3.700349e-006,-0.874
-3.700099e-006,-0.875667
-3.699849e-006,-0.874
-3.699599e-006,-0.874
-3.699349e-006,-0.874
-3.699099e-006,-0.875667
-3.698849e-006,-0.874
-3.698599e-006,-0.874
-3.698349e-006,-0.875667
-3.698099e-006,-0.875667
-3.697849e-006,-0.874
-3.697599e-006,-0.874
-3.697349e-006,-0.875667
-3.697099e-006,-0.875667
-3.696849e-006,-0.874
-3.696599e-006,-0.874
-3.696349e-006,-0.875667
-3.696099e-006,-0.875667
-3.695849e-006,-0.874
-3.695599e-006,-0.874
-3.695349e-006,-0.875667
-3.695099e-006,-0.875667
-3.694849e-006,-0.874
-3.694599e-006,-0.874
-3.694349e-006,-0.875667
-3.694099e-006,-0.875667
-3.693849e-006,-0.874
-3.693599e-006,-0.874
-3.693349e-006,-0.875667
-3.693099e-006,-0.875667
-3.692849e-006,-0.874
-3.692599e-006,-0.874
-3.692349e-006,-0.875667
-3.692099e-006,-0.875667
-3.691849e-006,-0.874
-3.691599e-006,-0.874
-3.691349e-006,-0.875667
-3.691099e-006,-0.875667
-3.690849e-006,-0.874
-3.690599e-006,-0.874
-3.690349e-006,-0.875667
-3.690099e-006,-0.875667
-3.689849e-006,-0.874
-3.689599e-006,-0.874
-3.689349e-006,-0.875667
-3.689099e-006,-0.875667
-3.688849e-006,-0.874
-3.688599e-006,-0.874
-3.688349e-006,-0.874
-3.688099e-006,-0.875667
-3.687849e-006,-0.874
-3.687599e-006,-0.874
-3.687349e-006,-0.874
-3.687099e-006,-0.875667
-3.686849e-006,-0.874
-3.686599e-006,-0.874
-3.686349e-006,-0.874
-3.686099e-006,-0.875667
-3.685849e-006,-0.874
-3.685599e-006,-0.874
-3.685349e-006,-0.874
-3.685099e-006,-0.875667
-3.684849e-006,-0.874
-3.684599e-006,-0.874
-3.684349e-006,-0.874
-3.684099e-006,-0.875667
-3.683849e-006,-0.874
-3.683599e-006,-0.874
-3.683349e-006,-0.874
-3.683099e-006,-0.875667
-3.682849e-006,-0.874
-3.682599e-006,-0.874
-3.682349e-006,-0.874
-3.682099e-006,-0.875667
-3.681849e-006,-0.874
-3.681599e-006,-0.874
-3.681349e-006,-0.874
-3.681099e-006,-0.875667
-3.680849e-006,-0.874
-3.680599e-006,-0.874
-3.680349e-006,-0.874
-3.680099e-006,-0.875667
-3.679849e-006,-0.874
-3.679599e-006,-0.874
-3.679349e-006,-0.874
-3.679099e-006,-0.875667
-3.678849e-006,-0.874
-3.678599e-006,-0.874
-3.678349e-006,-0.874
-3.678099e-006,-0.875667
-3.677849e-006,-0.874
-3.677599e-006,-0.874
-3.677349e-006,-0.875667
-3.677099e-006,-0.875667
-3.676849e-006,-0.874
-3.676599e-006,-0.874
-3.676349e-006,-0.875667
-3.676099e-006,-0.875667
-3.675849e-006,-0.874
-3.675599e-006,-0.874
-3.675349e-006,-0.875667
-3.675099e-006,-0.875667
-3.674849e-006,-0.874
-3.674599e-006,-0.874
-3.674349e-006,-0.875667
-3.674099e-006,-0.875667
-3.673849e-006,-0.874
-3.673599e-006,-0.874
-3.673349e-006,-0.875667
-3.673099e-006,-0.875667
-3.672849e-006,-0.874
-3.672599e-006,-0.874
-3.672349e-006,-0.875667
-3.672099e-006,-0.875667
-3.671849e-006,-0.874
-3.671599e-006,-0.874
-3.671349e-006,-0.875667
-3.671099e-006,-0.875667
-3.670849e-006,-0.874
-3.670599e-006,-0.874
-3.670349e-006,-0.875667
-3.670099e-006,-0.875667
-3.669849e-006,-0.874
-3.669599e-006,-0.874
-3.669349e-006,-0.875667
-3.669099e-006,-0.875667
-3.668849e-006,-0.874
-3.668599e-006,-0.874
-3.668349e-006,-0.875667
-3.668099e-006,-0.875667
-3.667849e-006,-0.874
-3.667599e-006,-0.874
-3.667349e-006,-0.875667
-3.667099e-006,-0.875667
-3.666849e-006,-0.874
-3.666599e-006,-0.874
-3.666349e-006,-0.875667
-3.666099e-006,-0.875667
-3.665849e-006,-0.874
-3.665599e-006,-0.874
-3.665349e-006,-0.875667
-3.665099e-006,-0.875667
-3.664849e-006,-0.874
-3.664599e-006,-0.874
-3.664349e-006,-0.875667
-3.664099e-006,-0.875667
-3.663849e-006,-0.874
-3.663599e-006,-0.874
-3.663349e-006,-0.874
-3.663099e-006,-0.875667
-3.662849e-006,-0.874
-3.662599e-006,-0.874
-3.662349e-006,-0.874
-3.662099e-006,-0.875667
-3.661849e-006,-0.874
-3.661599e-006,-0.874
-3.661349e-006,-0.874
-3.661099e-006,-0.875667
-3.660849e-006,-0.874
-3.660599e-006,-0.874
-3.660349e-006,-0.874
-3.660099e-006,-0.875667
-3.659849e-006,-0.874
-3.659599e-006,-0.874
-3.659349e-006,-0.875667
-3.659099e-006,-0.875667
-3.658849e-006,-0.874
-3.658599e-006,-0.874
-3.658349e-006,-0.875667
-3.658099e-006,-0.875667
-3.657849e-006,-0.874
-3.657599e-006,-0.874
-3.657349e-006,-0.874
-3.657099e-006,-0.875667
-3.656849e-006,-0.874
-3.656599e-006,-0.874
-3.656349e-006,-0.874
-3.656099e-006,-0.875667
-3.655849e-006,-0.874
-3.655599e-006,-0.874
-3.655349e-006,-0.874
-3.655099e-006,-0.874
-3.654849e-006,-0.874
-3.654599e-006,-0.874
-3.654349e-006,-0.874
-3.654099e-006,-0.874
-3.653849e-006,-0.874
-3.653599e-006,-0.874
-3.653349e-006,-0.874
-3.653099e-006,-0.874
-3.652849e-006,-0.874
-3.652599e-006,-0.874
-3.652349e-006,-0.875667
-3.652099e-006,-0.874
-3.651849e-006,-0.874
-3.651599e-006,-0.874
-3.651349e-006,-0.875667
-3.651099e-006,-0.874
-3.650849e-006,-0.874
-3.650599e-006,-0.874
-3.650349e-006,-0.875667
-3.650099e-006,-0.875667
-3.649849e-006,-0.874
-3.649599e-006,-0.874
-3.649349e-006,-0.875667
-3.649099e-006,-0.875667
-3.648849e-006,-0.874
-3.648599e-006,-0.874
-3.648349e-006,-0.874
-3.648099e-006,-0.875667
-3.647849e-006,-0.874
-3.647599e-006,-0.874
-3.647349e-006,-0.875667
-3.647099e-006,-0.875667
-3.646849e-006,-0.874
-3.646599e-006,-0.874
-3.646349e-006,-0.875667
-3.646099e-006,-0.875667
-3.645849e-006,-0.874
-3.645599e-006,-0.874
-3.645349e-006,-0.875667
-3.645099e-006,-0.875667
-3.644849e-006,-0.874
-3.644599e-006,-0.874
-3.644349e-006,-0.875667
-3.644099e-006,-0.875667
-3.643849e-006,-0.874
-3.643599e-006,-0.874
-3.643349e-006,-0.874
-3.643099e-006,-0.875667
-3.642849e-006,-0.874
-3.642599e-006,-0.874
-3.642349e-006,-0.875667
-3.642099e-006,-0.875667
-3.641849e-006,-0.874
-3.641599e-006,-0.874
-3.641349e-006,-0.875667
-3.641099e-006,-0.875667
-3.640849e-006,-0.874
-3.640599e-006,-0.874
-3.640349e-006,-0.875667
-3.640099e-006,-0.875667
-3.639849e-006,-0.874
-3.639599e-006,-0.874
-3.639349e-006,-0.875667
-3.639099e-006,-0.875667
-3.638849e-006,-0.874
-3.638599e-006,-0.874
-3.638349e-006,-0.875667
-3.638099e-006,-0.875667
-3.637849e-006,-0.874
-3.637599e-006,-0.874
-3.637349e-006,-0.875667
-3.637099e-006,-0.875667
-3.636849e-006,-0.874
-3.636599e-006,-0.874
-3.636349e-006,-0.875667
-3.636099e-006,-0.875667
-3.635849e-006,-0.874
-3.635599e-006,-0.874
-3.635349e-006,-0.875667
-3.635099e-006,-0.875667
-3.634849e-006,-0.874
-3.634599e-006,-0.874
-3.634349e-006,-0.875667
-3.634099e-006,-0.875667
-3.633849e-006,-0.874
-3.633599e-006,-0.874
-3.633349e-006,-0.875667
-3.633099e-006,-0.875667
-3.632849e-006,-0.874
-3.632599e-006,-0.874
-3.632349e-006,-0.875667
-3.632099e-006,-0.875667
-3.631849e-006,-0.874
-3.631599e-006,-0.874
-3.631349e-006,-0.874
-3.631099e-006,-0.875667
-3.630849e-006,-0.874
-3.630599e-006,-0.874
-3.630349e-006,-0.874
-3.630099e-006,-0.875667
-3.629849e-006,-0.874
-3.629599e-006,-0.874
-3.629349e-006,-0.874
-3.629099e-006,-0.875667
-3.628849e-006,-0.874
-3.628599e-006,-0.874
-3.628349e-006,-0.874
-3.628099e-006,-0.875667
-3.627849e-006,-0.874
-3.627599e-006,-0.874
-3.627349e-006,-0.874
-3.627099e-006,-0.875667
-3.626849e-006,-0.874
-3.626599e-006,-0.874
-3.626349e-006,-0.874
-3.626099e-006,-0.875667
-3.625849e-006,-0.874
-3.625599e-006,-0.874
-3.625349e-006,-0.874
-3.625099e-006,-0.874
-3.624849e-006,-0.874
-3.624599e-006,-0.874
-3.624349e-006,-0.875667
-3.624099e-006,-0.875667
-3.623849e-006,-0.874
-3.623599e-006,-0.874
-3.623349e-006,-0.875667
-3.623099e-006,-0.875667
-3.622849e-006,-0.874
-3.622599e-006,-0.874
-3.622349e-006,-0.875667
-3.622099e-006,-0.875667
-3.621849e-006,-0.874
-3.621599e-006,-0.874
-3.621349e-006,-0.874
-3.621099e-006,-0.875667
-3.620849e-006,-0.874
-3.620599e-006,-0.874
-3.620349e-006,-0.874
-3.620099e-006,-0.875667
-3.619849e-006,-0.874
-3.619599e-006,-0.874
-3.619349e-006,-0.875667
-3.619099e-006,-0.875667
-3.618849e-006,-0.874
-3.618599e-006,-0.874
-3.618349e-006,-0.875667
-3.618099e-006,-0.875667
-3.617849e-006,-0.874
-3.617599e-006,-0.874
-3.617349e-006,-0.874
-3.617099e-006,-0.875667
-3.616849e-006,-0.874
-3.616599e-006,-0.874
-3.616349e-006,-0.874
-3.616099e-006,-0.874
-3.615849e-006,-0.874
-3.615599e-006,-0.874
-3.615349e-006,-0.874
-3.615099e-006,-0.875667
-3.614849e-006,-0.874
-3.614599e-006,-0.874
-3.614349e-006,-0.874
-3.614099e-006,-0.875667
-3.613849e-006,-0.874
-3.613599e-006,-0.874
-3.613349e-006,-0.875667
-3.613099e-006,-0.875667
-3.612849e-006,-0.874
-3.612599e-006,-0.874
-3.612349e-006,-0.875667
-3.612099e-006,-0.875667
-3.611849e-006,-0.874
-3.611599e-006,-0.874
-3.611349e-006,-0.875667
-3.611099e-006,-0.875667
-3.610849e-006,-0.874
-3.610599e-006,-0.874
-3.610349e-006,-0.875667
-3.610099e-006,-0.875667
-3.609849e-006,-0.874
-3.609599e-006,-0.874
-3.609349e-006,-0.875667
-3.609099e-006,-0.875667
-3.608849e-006,-0.874
-3.608599e-006,-0.874
-3.608349e-006,-0.875667
-3.608099e-006,-0.874
-3.607849e-006,-0.874
-3.607599e-006,-0.874
-3.607349e-006,-0.875667
-3.607099e-006,-0.875667
-3.606849e-006,-0.874
-3.606599e-006,-0.874
-3.606349e-006,-0.875667
-3.606099e-006,-0.875667
-3.605849e-006,-0.874
-3.605599e-006,-0.874
-3.605349e-006,-0.875667
-3.605099e-006,-0.875667
-3.604849e-006,-0.874
-3.604599e-006,-0.874
-3.604349e-006,-0.875667
-3.604099e-006,-0.875667
-3.603849e-006,-0.874
-3.603599e-006,-0.874
-3.603349e-006,-0.875667
-3.603099e-006,-0.875667
-3.602849e-006,-0.874
-3.602599e-006,-0.874
-3.602349e-006,-0.875667
-3.602099e-006,-0.875667
-3.601849e-006,-0.874
-3.601599e-006,-0.874
-3.601349e-006,-0.875667
-3.601099e-006,-0.875667
-3.600849e-006,-0.874
-3.600599e-006,-0.874
-3.600349e-006,-0.875667
-3.600099e-006,-0.875667
-3.599849e-006,-0.874
-3.599599e-006,-0.874
-3.599349e-006,-0.875667
-3.599099e-006,-0.875667
-3.598849e-006,-0.874
-3.598599e-006,-0.874
-3.598349e-006,-0.875667
-3.598099e-006,-0.875667
-3.597849e-006,-0.874
-3.597599e-006,-0.874
-3.597349e-006,-0.875667
-3.597099e-006,-0.875667
-3.596849e-006,-0.874
-3.596599e-006,-0.874
-3.596349e-006,-0.875667
-3.596099e-006,-0.875667
-3.595849e-006,-0.874
-3.595599e-006,-0.874
-3.595349e-006,-0.874
-3.595099e-006,-0.875667
-3.594849e-006,-0.874
-3.594599e-006,-0.874
-3.594349e-006,-0.874
-3.594099e-006,-0.875667
-3.593849e-006,-0.874
-3.593599e-006,-0.874
-3.593349e-006,-0.874
-3.593099e-006,-0.874
-3.592849e-006,-0.874
-3.592599e-006,-0.874
-3.592349e-006,-0.874
-3.592099e-006,-0.874
-3.591849e-006,-0.874
-3.591599e-006,-0.874
-3.591349e-006,-0.875667
-3.591099e-006,-0.875667
-3.590849e-006,-0.874
-3.590599e-006,-0.874
-3.590349e-006,-0.875667
-3.590099e-006,-0.875667
-3.589849e-006,-0.874
-3.589599e-006,-0.874
-3.589349e-006,-0.874
-3.589099e-006,-0.875667
-3.588849e-006,-0.874
-3.588599e-006,-0.874
-3.588349e-006,-0.874
-3.588099e-006,-0.875667
-3.587849e-006,-0.874
-3.587599e-006,-0.874
-3.587349e-006,-0.874
-3.587099e-006,-0.875667
-3.586849e-006,-0.874
-3.586599e-006,-0.874
-3.586349e-006,-0.875667
-3.586099e-006,-0.875667
-3.585849e-006,-0.874
-3.585599e-006,-0.874
-3.585349e-006,-0.875667
-3.585099e-006,-0.875667
-3.584849e-006,-0.874
-3.584599e-006,-0.874
-3.584349e-006,-0.875667
-3.584099e-006,-0.875667
-3.583849e-006,-0.874
-3.583599e-006,-0.874
-3.583349e-006,-0.875667
-3.583099e-006,-0.875667
-3.582849e-006,-0.874
-3.582599e-006,-0.874
-3.582349e-006,-0.875667
-3.582099e-006,-0.875667
-3.581849e-006,-0.874
-3.581599e-006,-0.874
-3.581349e-006,-0.875667
-3.581099e-006,-0.875667
-3.580849e-006,-0.874
-3.580599e-006,-0.874
-3.580349e-006,-0.874
-3.580099e-006,-0.875667
-3.579849e-006,-0.874
-3.579599e-006,-0.874
-3.579349e-006,-0.874
-3.579099e-006,-0.875667
-3.578849e-006,-0.874
-3.578599e-006,-0.874
-3.578349e-006,-0.875667
-3.578099e-006,-0.875667
-3.577849e-006,-0.874
-3.577599e-006,-0.874
-3.577349e-006,-0.874
-3.577099e-006,-0.874
-3.576849e-006,-0.874
-3.576599e-006,-0.874
-3.576349e-006,-0.874
-3.576099e-006,-0.874
-3.575849e-006,-0.874
-3.575599e-006,-0.874
-3.575349e-006,-0.874
-3.575099e-006,-0.875667
-3.574849e-006,-0.874
-3.574599e-006,-0.874
-3.574349e-006,-0.875667
-3.574099e-006,-0.875667
-3.573849e-006,-0.874
-3.573599e-006,-0.874
-3.573349e-006,-0.875667
-3.573099e-006,-0.875667
-3.572849e-006,-0.874
-3.572599e-006,-0.874
-3.572349e-006,-0.875667
-3.572099e-006,-0.875667
-3.571849e-006,-0.874
-3.571599e-006,-0.874
-3.571349e-006,-0.875667
-3.571099e-006,-0.874
-3.570849e-006,-0.874
-3.570599e-006,-0.874
-3.570349e-006,-0.875667
-3.570099e-006,-0.874
-3.569849e-006,-0.874
-3.569599e-006,-0.874
-3.569349e-006,-0.875667
-3.569099e-006,-0.874
-3.568849e-006,-0.874
-3.568599e-006,-0.874
-3.568349e-006,-0.875667
-3.568099e-006,-0.875667
-3.567849e-006,-0.874
-3.567599e-006,-0.874
-3.567349e-006,-0.875667
-3.567099e-006,-0.875667
-3.566849e-006,-0.874
-3.566599e-006,-0.874
-3.566349e-006,-0.875667
-3.566099e-006,-0.875667
-3.565849e-006,-0.874
-3.565599e-006,-0.874
-3.565349e-006,-0.875667
-3.565099e-006,-0.875667
-3.564849e-006,-0.874
-3.564599e-006,-0.874
-3.564349e-006,-0.875667
-3.564099e-006,-0.875667
-3.563849e-006,-0.874
-3.563599e-006,-0.874
-3.563349e-006,-0.874
-3.563099e-006,-0.875667
-3.562849e-006,-0.874
-3.562599e-006,-0.874
-3.562349e-006,-0.874
-3.562099e-006,-0.875667
-3.561849e-006,-0.874
-3.561599e-006,-0.874
-3.561349e-006,-0.874
-3.561099e-006,-0.875667
-3.560849e-006,-0.874
-3.560599e-006,-0.874
-3.560349e-006,-0.874
-3.560099e-006,-0.875667
-3.559849e-006,-0.874
-3.559599e-006,-0.874
-3.559349e-006,-0.875667
-3.559099e-006,-0.875667
-3.558849e-006,-0.874
-3.558599e-006,-0.874
-3.558349e-006,-0.875667
-3.558099e-006,-0.874
-3.557849e-006,-0.874
-3.557599e-006,-0.874
-3.557349e-006,-0.875667
-3.557099e-006,-0.874
-3.556849e-006,-0.874
-3.556599e-006,-0.874
-3.556349e-006,-0.875667
-3.556099e-006,-0.875667
-3.555849e-006,-0.874
-3.555599e-006,-0.874
-3.555349e-006,-0.875667
-3.555099e-006,-0.875667
-3.554849e-006,-0.874
-3.554599e-006,-0.874
-3.554349e-006,-0.874
-3.554099e-006,-0.875667
-3.553849e-006,-0.874
-3.553599e-006,-0.874
-3.553349e-006,-0.874
-3.553099e-006,-0.875667
-3.552849e-006,-0.874
-3.552599e-006,-0.874
-3.552349e-006,-0.874
-3.552099e-006,-0.875667
-3.551849e-006,-0.874
-3.551599e-006,-0.874
-3.551349e-006,-0.874
-3.551099e-006,-0.875667
-3.550849e-006,-0.874
-3.550599e-006,-0.874
-3.550349e-006,-0.875667
-3.550099e-006,-0.875667
-3.549849e-006,-0.874
-3.549599e-006,-0.874
-3.549349e-006,-0.875667
-3.549099e-006,-0.875667
-3.548849e-006,-0.874
-3.548599e-006,-0.874
-3.548349e-006,-0.874
-3.548099e-006,-0.875667
-3.547849e-006,-0.874
-3.547599e-006,-0.874
-3.547349e-006,-0.874
-3.547099e-006,-0.875667
-3.546849e-006,-0.874
-3.546599e-006,-0.874
-3.546349e-006,-0.874
-3.546099e-006,-0.875667
-3.545849e-006,-0.874
-3.545599e-006,-0.874
-3.545349e-006,-0.874
-3.545099e-006,-0.875667
-3.544849e-006,-0.874
-3.544599e-006,-0.874
-3.544349e-006,-0.874
-3.544099e-006,-0.875667
-3.543849e-006,-0.874
-3.543599e-006,-0.874
-3.543349e-006,-0.874
-3.543099e-006,-0.875667
-3.542849e-006,-0.874
-3.542599e-006,-0.874
-3.542349e-006,-0.874
-3.542099e-006,-0.875667
-3.541849e-006,-0.874
-3.541599e-006,-0.874
-3.541349e-006,-0.874
-3.541099e-006,-0.874
-3.540849e-006,-0.874
-3.540599e-006,-0.874
-3.540349e-006,-0.874
-3.540099e-006,-0.874
-3.539849e-006,-0.874
-3.539599e-006,-0.874
-3.539349e-006,-0.874
-3.539099e-006,-0.874
-3.538849e-006,-0.874
-3.538599e-006,-0.874
-3.538349e-006,-0.874
-3.538099e-006,-0.875667
-3.537849e-006,-0.874
-3.537599e-006,-0.874
-3.537349e-006,-0.874
-3.537099e-006,-0.875667
-3.536849e-006,-0.874
-3.536599e-006,-0.874
-3.536349e-006,-0.874
-3.536099e-006,-0.875667
-3.535849e-006,-0.874
-3.535599e-006,-0.874
-3.535349e-006,-0.874
-3.535099e-006,-0.875667
-3.534849e-006,-0.874
-3.534599e-006,-0.874
-3.534349e-006,-0.875667
-3.534099e-006,-0.875667
-3.533849e-006,-0.875667
-3.533599e-006,-0.874
-3.533349e-006,-0.875667
-3.533099e-006,-0.875667
-3.532849e-006,-0.875667
-3.532599e-006,-0.874
-3.532349e-006,-0.875667
-3.532099e-006,-0.875667
-3.531849e-006,-0.875667
-3.531599e-006,-0.874
-3.531349e-006,-0.874
-3.531099e-006,-0.875667
-3.530849e-006,-0.875667
-3.530599e-006,-0.874
-3.530349e-006,-0.874
-3.530099e-006,-0.875667
-3.529849e-006,-0.874
-3.529599e-006,-0.874
-3.529349e-006,-0.874
-3.529099e-006,-0.875667
-3.528849e-006,-0.874
-3.528599e-006,-0.874
-3.528349e-006,-0.874
-3.528099e-006,-0.875667
-3.527849e-006,-0.874
-3.527599e-006,-0.874
-3.527349e-006,-0.874
-3.527099e-006,-0.875667
-3.526849e-006,-0.874
-3.526599e-006,-0.874
-3.526349e-006,-0.874
-3.526099e-006,-0.874
-3.525849e-006,-0.874
-3.525599e-006,-0.874
-3.525349e-006,-0.874
-3.525099e-006,-0.874
-3.524849e-006,-0.874
-3.524599e-006,-0.874
-3.524349e-006,-0.874
-3.524099e-006,-0.874
-3.523849e-006,-0.874
-3.523599e-006,-0.874
-3.523349e-006,-0.874
-3.523099e-006,-0.875667
-3.522849e-006,-0.874
-3.522599e-006,-0.874
-3.522349e-006,-0.874
-3.522099e-006,-0.875667
-3.521849e-006,-0.874
-3.521599e-006,-0.874
-3.521349e-006,-0.874
-3.521099e-006,-0.875667
-3.520849e-006,-0.874
-3.520599e-006,-0.874
-3.520349e-006,-0.875667
-3.520099e-006,-0.875667
-3.519849e-006,-0.874
-3.519599e-006,-0.874
-3.519349e-006,-0.875667
-3.519099e-006,-0.875667
-3.518849e-006,-0.874
-3.518599e-006,-0.874
-3.518349e-006,-0.875667
-3.518099e-006,-0.875667
-3.517849e-006,-0.874
-3.517599e-006,-0.874
-3.517349e-006,-0.875667
-3.517099e-006,-0.875667
-3.516849e-006,-0.874
-3.516599e-006,-0.874
-3.516349e-006,-0.875667
-3.516099e-006,-0.875667
-3.515849e-006,-0.874
-3.515599e-006,-0.874
-3.515349e-006,-0.875667
-3.515099e-006,-0.875667
-3.514849e-006,-0.874
-3.514599e-006,-0.874
-3.514349e-006,-0.875667
-3.514099e-006,-0.875667
-3.513849e-006,-0.874
-3.513599e-006,-0.874
-3.513349e-006,-0.875667
-3.513099e-006,-0.875667
-3.512849e-006,-0.875667
-3.512599e-006,-0.874
-3.512349e-006,-0.875667
-3.512099e-006,-0.875667
-3.511849e-006,-0.875667
-3.511599e-006,-0.874
-3.511349e-006,-0.875667
-3.511099e-006,-0.875667
-3.510849e-006,-0.875667
-3.510599e-006,-0.874
-3.510349e-006,-0.875667
-3.510099e-006,-0.875667
-3.509849e-006,-0.875667
-3.509599e-006,-0.874
-3.509349e-006,-0.875667
-3.509099e-006,-0.875667
-3.508849e-006,-0.874
-3.508599e-006,-0.874
-3.508349e-006,-0.875667
-3.508099e-006,-0.875667
-3.507849e-006,-0.874
-3.507599e-006,-0.874
-3.507349e-006,-0.875667
-3.507099e-006,-0.875667
-3.506849e-006,-0.874
-3.506599e-006,-0.874
-3.506349e-006,-0.875667
-3.506099e-006,-0.875667
-3.505849e-006,-0.874
-3.505599e-006,-0.874
-3.505349e-006,-0.875667
-3.505099e-006,-0.874
-3.504849e-006,-0.874
-3.504599e-006,-0.874
-3.504349e-006,-0.875667
-3.504099e-006,-0.874
-3.503849e-006,-0.874
-3.503599e-006,-0.874
-3.503349e-006,-0.875667
-3.503099e-006,-0.875667
-3.502849e-006,-0.874
-3.502599e-006,-0.874
-3.502349e-006,-0.875667
-3.502099e-006,-0.875667
-3.501849e-006,-0.874
-3.501599e-006,-0.874
-3.501349e-006,-0.874
-3.501099e-006,-0.875667
-3.500849e-006,-0.874
-3.500599e-006,-0.874
-3.500349e-006,-0.874
-3.500099e-006,-0.875667
-3.499849e-006,-0.874
-3.499599e-006,-0.874
-3.499349e-006,-0.874
-3.499099e-006,-0.875667
-3.498849e-006,-0.874
-3.498599e-006,-0.874
-3.498349e-006,-0.874
-3.498099e-006,-0.875667
-3.497849e-006,-0.874
-3.497599e-006,-0.874
-3.497349e-006,-0.875667
-3.497099e-006,-0.875667
-3.496849e-006,-0.874
-3.496599e-006,-0.874
-3.496349e-006,-0.875667
-3.496099e-006,-0.875667
-3.495849e-006,-0.874
-3.495599e-006,-0.874
-3.495349e-006,-0.875667
-3.495099e-006,-0.875667
-3.494849e-006,-0.874
-3.494599e-006,-0.874
-3.494349e-006,-0.874
-3.494099e-006,-0.874
-3.493849e-006,-0.874
-3.493599e-006,-0.874
-3.493349e-006,-0.875667
-3.493099e-006,-0.874
-3.492849e-006,-0.874
-3.492599e-006,-0.874
-3.492349e-006,-0.875667
-3.492099e-006,-0.875667
-3.491849e-006,-0.874
-3.491599e-006,-0.874
-3.491349e-006,-0.875667
-3.491099e-006,-0.875667
-3.490849e-006,-0.874
-3.490599e-006,-0.874
-3.490349e-006,-0.875667
-3.490099e-006,-0.875667
-3.489849e-006,-0.874
-3.489599e-006,-0.874
-3.489349e-006,-0.875667
-3.489099e-006,-0.875667
-3.488849e-006,-0.874
-3.488599e-006,-0.874
-3.488349e-006,-0.875667
-3.488099e-006,-0.875667
-3.487849e-006,-0.874
-3.487599e-006,-0.874
-3.487349e-006,-0.875667
-3.487099e-006,-0.875667
-3.486849e-006,-0.874
-3.486599e-006,-0.874
-3.486349e-006,-0.875667
-3.486099e-006,-0.875667
-3.485849e-006,-0.874
-3.485599e-006,-0.874
-3.485349e-006,-0.875667
-3.485099e-006,-0.875667
-3.484849e-006,-0.874
-3.484599e-006,-0.874
-3.484349e-006,-0.875667
-3.484099e-006,-0.875667
-3.483849e-006,-0.874
-3.483599e-006,-0.874
-3.483349e-006,-0.875667
-3.483099e-006,-0.875667
-3.482849e-006,-0.874
-3.482599e-006,-0.874
-3.482349e-006,-0.874
-3.482099e-006,-0.874
-3.481849e-006,-0.874
-3.481599e-006,-0.874
-3.481349e-006,-0.874
-3.481099e-006,-0.874
-3.480849e-006,-0.874
-3.480599e-006,-0.874
-3.480349e-006,-0.875667
-3.480099e-006,-0.875667
-3.479849e-006,-0.874
-3.479599e-006,-0.874
-3.479349e-006,-0.875667
-3.479099e-006,-0.875667
-3.478849e-006,-0.874
-3.478599e-006,-0.874
-3.478349e-006,-0.875667
-3.478099e-006,-0.875667
-3.477849e-006,-0.874
-3.477599e-006,-0.874
-3.477349e-006,-0.875667
-3.477099e-006,-0.875667
-3.476849e-006,-0.874
-3.476599e-006,-0.874
-3.476349e-006,-0.875667
-3.476099e-006,-0.875667
-3.475849e-006,-0.874
-3.475599e-006,-0.874
-3.475349e-006,-0.875667
-3.475099e-006,-0.875667
-3.474849e-006,-0.874
-3.474599e-006,-0.874
-3.474349e-006,-0.874
-3.474099e-006,-0.875667
-3.473849e-006,-0.874
-3.473599e-006,-0.874
-3.473349e-006,-0.874
-3.473099e-006,-0.875667
-3.472849e-006,-0.874
-3.472599e-006,-0.874
-3.472349e-006,-0.874
-3.472099e-006,-0.875667
-3.471849e-006,-0.874
-3.471599e-006,-0.874
-3.471349e-006,-0.875667
-3.471099e-006,-0.875667
-3.470849e-006,-0.874
-3.470599e-006,-0.874
-3.470349e-006,-0.875667
-3.470099e-006,-0.875667
-3.469849e-006,-0.874
-3.469599e-006,-0.874
-3.469349e-006,-0.874
-3.469099e-006,-0.875667
-3.468849e-006,-0.874
-3.468599e-006,-0.874
-3.468349e-006,-0.874
-3.468099e-006,-0.875667
-3.467849e-006,-0.874
-3.467599e-006,-0.874
-3.467349e-006,-0.874
-3.467099e-006,-0.875667
-3.466849e-006,-0.874
-3.466599e-006,-0.874
-3.466349e-006,-0.874
-3.466099e-006,-0.875667
-3.465849e-006,-0.874
-3.465599e-006,-0.874
-3.465349e-006,-0.874
-3.465099e-006,-0.875667
-3.464849e-006,-0.874
-3.464599e-006,-0.874
-3.464349e-006,-0.874
-3.464099e-006,-0.875667
-3.463849e-006,-0.874
-3.463599e-006,-0.874
-3.463349e-006,-0.874
-3.463099e-006,-0.875667
-3.462849e-006,-0.874
-3.462599e-006,-0.874
-3.462349e-006,-0.874
-3.462099e-006,-0.875667
-3.461849e-006,-0.874
-3.461599e-006,-0.874
-3.461349e-006,-0.874
-3.461099e-006,-0.875667
-3.460849e-006,-0.874
-3.460599e-006,-0.874
-3.460349e-006,-0.874
-3.460099e-006,-0.875667
-3.459849e-006,-0.874
-3.459599e-006,-0.874
-3.459349e-006,-0.874
-3.459099e-006,-0.875667
-3.458849e-006,-0.874
-3.458599e-006,-0.874
-3.458349e-006,-0.874
-3.458099e-006,-0.875667
-3.457849e-006,-0.874
-3.457599e-006,-0.874
-3.457349e-006,-0.874
-3.457099e-006,-0.875667
-3.456849e-006,-0.874
-3.456599e-006,-0.874
-3.456349e-006,-0.874
-3.456099e-006,-0.875667
-3.455849e-006,-0.874
-3.455599e-006,-0.874
-3.455349e-006,-0.874
-3.455099e-006,-0.875667
-3.454849e-006,-0.874
-3.454599e-006,-0.874
-3.454349e-006,-0.874
-3.454099e-006,-0.875667
-3.453849e-006,-0.874
-3.453599e-006,-0.874
-3.453349e-006,-0.874
-3.453099e-006,-0.875667
-3.452849e-006,-0.874
-3.452599e-006,-0.874
-3.452349e-006,-0.874
-3.452099e-006,-0.875667
-3.451849e-006,-0.874
-3.451599e-006,-0.874
-3.451349e-006,-0.875667
-3.451099e-006,-0.875667
-3.450849e-006,-0.874
-3.450599e-006,-0.874
-3.450349e-006,-0.874
-3.450099e-006,-0.875667
-3.449849e-006,-0.874
-3.449599e-006,-0.874
-3.449349e-006,-0.874
-3.449099e-006,-0.875667
-3.448849e-006,-0.874
-3.448599e-006,-0.874
-3.448349e-006,-0.874
-3.448099e-006,-0.875667
-3.447849e-006,-0.874
-3.447599e-006,-0.874
-3.447349e-006,-0.875667
-3.447099e-006,-0.875667
-3.446849e-006,-0.874
-3.446599e-006,-0.874
-3.446349e-006,-0.875667
-3.446099e-006,-0.875667
-3.445849e-006,-0.874
-3.445599e-006,-0.874
-3.445349e-006,-0.875667
-3.445099e-006,-0.875667
-3.444849e-006,-0.874
-3.444599e-006,-0.874
-3.444349e-006,-0.874
-3.444099e-006,-0.875667
-3.443849e-006,-0.874
-3.443599e-006,-0.874
-3.443349e-006,-0.874
-3.443099e-006,-0.875667
-3.442849e-006,-0.874
-3.442599e-006,-0.874
-3.442349e-006,-0.874
-3.442099e-006,-0.875667
-3.441849e-006,-0.874
-3.441599e-006,-0.874
-3.441349e-006,-0.875667
-3.441099e-006,-0.875667
-3.440849e-006,-0.874
-3.440599e-006,-0.874
-3.440349e-006,-0.875667
-3.440099e-006,-0.875667
-3.439849e-006,-0.874
-3.439599e-006,-0.874
-3.439349e-006,-0.875667
-3.439099e-006,-0.875667
-3.438849e-006,-0.874
-3.438599e-006,-0.874
-3.438349e-006,-0.875667
-3.438099e-006,-0.875667
-3.437849e-006,-0.874
-3.437599e-006,-0.874
-3.437349e-006,-0.875667
-3.437099e-006,-0.875667
-3.436849e-006,-0.874
-3.436599e-006,-0.874
-3.436349e-006,-0.875667
-3.436099e-006,-0.875667
-3.435849e-006,-0.874
-3.435599e-006,-0.874
-3.435349e-006,-0.875667
-3.435099e-006,-0.875667
-3.434849e-006,-0.874
-3.434599e-006,-0.874
-3.434349e-006,-0.875667
-3.434099e-006,-0.875667
-3.433849e-006,-0.874
-3.433599e-006,-0.874
-3.433349e-006,-0.875667
-3.433099e-006,-0.875667
-3.432849e-006,-0.874
-3.432599e-006,-0.874
-3.432349e-006,-0.875667
-3.432099e-006,-0.875667
-3.431849e-006,-0.874
-3.431599e-006,-0.874
-3.431349e-006,-0.875667
-3.431099e-006,-0.875667
-3.430849e-006,-0.874
-3.430599e-006,-0.874
-3.430349e-006,-0.875667
-3.430099e-006,-0.875667
-3.429849e-006,-0.874
-3.429599e-006,-0.874
-3.429349e-006,-0.875667
-3.429099e-006,-0.874
-3.428849e-006,-0.874
-3.428599e-006,-0.874
-3.428349e-006,-0.874
-3.428099e-006,-0.874
-3.427849e-006,-0.874
-3.427599e-006,-0.874
-3.427349e-006,-0.874
-3.427099e-006,-0.875667
-3.426849e-006,-0.874
-3.426599e-006,-0.874
-3.426349e-006,-0.874
-3.426099e-006,-0.875667
-3.425849e-006,-0.874
-3.425599e-006,-0.874
-3.425349e-006,-0.874
-3.425099e-006,-0.875667
-3.424849e-006,-0.874
-3.424599e-006,-0.874
-3.424349e-006,-0.874
-3.424099e-006,-0.875667
-3.423849e-006,-0.874
-3.423599e-006,-0.874
-3.423349e-006,-0.874
-3.423099e-006,-0.875667
-3.422849e-006,-0.874
-3.422599e-006,-0.874
-3.422349e-006,-0.874
-3.422099e-006,-0.875667
-3.421849e-006,-0.874
-3.421599e-006,-0.874
-3.421349e-006,-0.874
-3.421099e-006,-0.875667
-3.420849e-006,-0.874
-3.420599e-006,-0.874
-3.420349e-006,-0.874
-3.420099e-006,-0.875667
-3.419849e-006,-0.874
-3.419599e-006,-0.874
-3.419349e-006,-0.875667
-3.419099e-006,-0.875667
-3.418849e-006,-0.874
-3.418599e-006,-0.874
-3.418349e-006,-0.875667
-3.418099e-006,-0.875667
-3.417849e-006,-0.874
-3.417599e-006,-0.874
-3.417349e-006,-0.875667
-3.417099e-006,-0.875667
-3.416849e-006,-0.874
-3.416599e-006,-0.874
-3.416349e-006,-0.874
-3.416099e-006,-0.875667
-3.415849e-006,-0.874
-3.415599e-006,-0.874
-3.415349e-006,-0.874
-3.415099e-006,-0.875667
-3.414849e-006,-0.874
-3.414599e-006,-0.874
-3.414349e-006,-0.874
-3.414099e-006,-0.875667
-3.413849e-006,-0.874
-3.413599e-006,-0.874
-3.413349e-006,-0.874
-3.413099e-006,-0.875667
-3.412849e-006,-0.874
-3.412599e-006,-0.874
-3.412349e-006,-0.875667
-3.412099e-006,-0.875667
-3.411849e-006,-0.874
-3.411599e-006,-0.874
-3.411349e-006,-0.874
-3.411099e-006,-0.875667
-3.410849e-006,-0.874
-3.410599e-006,-0.874
-3.410349e-006,-0.874
-3.410099e-006,-0.874
-3.409849e-006,-0.874
-3.409599e-006,-0.874
-3.409349e-006,-0.874
-3.409099e-006,-0.874
-3.408849e-006,-0.874
-3.408599e-006,-0.874
-3.408349e-006,-0.874
-3.408099e-006,-0.875667
-3.407849e-006,-0.874
-3.407599e-006,-0.874
-3.407349e-006,-0.874
-3.407099e-006,-0.875667
-3.406849e-006,-0.874
-3.406599e-006,-0.874
-3.406349e-006,-0.874
-3.406099e-006,-0.875667
-3.405849e-006,-0.874
-3.405599e-006,-0.874
-3.405349e-006,-0.874
-3.405099e-006,-0.875667
-3.404849e-006,-0.874
-3.404599e-006,-0.874
-3.404349e-006,-0.874
-3.404099e-006,-0.875667
-3.403849e-006,-0.874
-3.403599e-006,-0.874
-3.403349e-006,-0.874
-3.403099e-006,-0.875667
-3.402849e-006,-0.874
-3.402599e-006,-0.874
-3.402349e-006,-0.874
-3.402099e-006,-0.875667
-3.401849e-006,-0.874
-3.401599e-006,-0.874
-3.401349e-006,-0.874
-3.401099e-006,-0.874
-3.400849e-006,-0.874
-3.400599e-006,-0.874
-3.400349e-006,-0.874
-3.400099e-006,-0.875667
-3.399849e-006,-0.874
-3.399599e-006,-0.874
-3.399349e-006,-0.874
-3.399099e-006,-0.875667
-3.398849e-006,-0.874
-3.398599e-006,-0.874
-3.398349e-006,-0.874
-3.398099e-006,-0.875667
-3.397849e-006,-0.874
-3.397599e-006,-0.874
-3.397349e-006,-0.874
-3.397099e-006,-0.875667
-3.396849e-006,-0.874
-3.396599e-006,-0.874
-3.396349e-006,-0.874
-3.396099e-006,-0.875667
-3.395849e-006,-0.874
-3.395599e-006,-0.874
-3.395349e-006,-0.874
-3.395099e-006,-0.875667
-3.394849e-006,-0.874
-3.394599e-006,-0.874
-3.394349e-006,-0.874
-3.394099e-006,-0.875667
-3.393849e-006,-0.874
-3.393599e-006,-0.874
-3.393349e-006,-0.875667
-3.393099e-006,-0.875667
-3.392849e-006,-0.874
-3.392599e-006,-0.874
-3.392349e-006,-0.875667
-3.392099e-006,-0.875667
-3.391849e-006,-0.874
-3.391599e-006,-0.874
-3.391349e-006,-0.875667
-3.391099e-006,-0.875667
-3.390849e-006,-0.874
-3.390599e-006,-0.874
-3.390349e-006,-0.874
-3.390099e-006,-0.875667
-3.389849e-006,-0.874
-3.389599e-006,-0.874
-3.389349e-006,-0.874
-3.389099e-006,-0.875667
-3.388849e-006,-0.874
-3.388599e-006,-0.874
-3.388349e-006,-0.875667
-3.388099e-006,-0.875667
-3.387849e-006,-0.874
-3.387599e-006,-0.874
-3.387349e-006,-0.874
-3.387099e-006,-0.875667
-3.386849e-006,-0.874
-3.386599e-006,-0.874
-3.386349e-006,-0.874
-3.386099e-006,-0.875667
-3.385849e-006,-0.874
-3.385599e-006,-0.874
-3.385349e-006,-0.874
-3.385099e-006,-0.875667
-3.384849e-006,-0.874
-3.384599e-006,-0.874
-3.384349e-006,-0.874
-3.384099e-006,-0.875667
-3.383849e-006,-0.874
-3.383599e-006,-0.874
-3.383349e-006,-0.875667
-3.383099e-006,-0.875667
-3.382849e-006,-0.874
-3.382599e-006,-0.874
-3.382349e-006,-0.874
-3.382099e-006,-0.875667
-3.381849e-006,-0.874
-3.381599e-006,-0.874
-3.381349e-006,-0.875667
-3.381099e-006,-0.875667
-3.380849e-006,-0.874
-3.380599e-006,-0.874
-3.380349e-006,-0.875667
-3.380099e-006,-0.875667
-3.379849e-006,-0.874
-3.379599e-006,-0.874
-3.379349e-006,-0.874
-3.379099e-006,-0.875667
-3.378849e-006,-0.874
-3.378599e-006,-0.874
-3.378349e-006,-0.874
-3.378099e-006,-0.875667
-3.377849e-006,-0.874
-3.377599e-006,-0.874
-3.377349e-006,-0.874
-3.377099e-006,-0.875667
-3.376849e-006,-0.874
-3.376599e-006,-0.874
-3.376349e-006,-0.874
-3.376099e-006,-0.875667
-3.375849e-006,-0.874
-3.375599e-006,-0.874
-3.375349e-006,-0.875667
-3.375099e-006,-0.875667
-3.374849e-006,-0.874
-3.374599e-006,-0.874
-3.374349e-006,-0.875667
-3.374099e-006,-0.875667
-3.373849e-006,-0.874
-3.373599e-006,-0.874
-3.373349e-006,-0.875667
-3.373099e-006,-0.875667
-3.372849e-006,-0.874
-3.372599e-006,-0.874
-3.372349e-006,-0.875667
-3.372099e-006,-0.875667
-3.371849e-006,-0.874
-3.371599e-006,-0.874
-3.371349e-006,-0.875667
-3.371099e-006,-0.875667
-3.370849e-006,-0.874
-3.370599e-006,-0.874
-3.370349e-006,-0.875667
-3.370099e-006,-0.875667
-3.369849e-006,-0.874
-3.369599e-006,-0.874
-3.369349e-006,-0.875667
-3.369099e-006,-0.875667
-3.368849e-006,-0.874
-3.368599e-006,-0.874
-3.368349e-006,-0.875667
-3.368099e-006,-0.875667
-3.367849e-006,-0.874
-3.367599e-006,-0.874
-3.367349e-006,-0.875667
-3.367099e-006,-0.875667
-3.366849e-006,-0.874
-3.366599e-006,-0.874
-3.366349e-006,-0.875667
-3.366099e-006,-0.875667
-3.365849e-006,-0.874
-3.365599e-006,-0.874
-3.365349e-006,-0.875667
-3.365099e-006,-0.875667
-3.364849e-006,-0.874
-3.364599e-006,-0.874
-3.364349e-006,-0.875667
-3.364099e-006,-0.875667
-3.363849e-006,-0.874
-3.363599e-006,-0.874
-3.363349e-006,-0.875667
-3.363099e-006,-0.875667
-3.362849e-006,-0.874
-3.362599e-006,-0.874
-3.362349e-006,-0.875667
-3.362099e-006,-0.875667
-3.361849e-006,-0.874
-3.361599e-006,-0.874
-3.361349e-006,-0.875667
-3.361099e-006,-0.875667
-3.360849e-006,-0.874
-3.360599e-006,-0.874
-3.360349e-006,-0.875667
-3.360099e-006,-0.875667
-3.359849e-006,-0.874
-3.359599e-006,-0.874
-3.359349e-006,-0.875667
-3.359099e-006,-0.875667
-3.358849e-006,-0.874
-3.358599e-006,-0.874
-3.358349e-006,-0.875667
-3.358099e-006,-0.875667
-3.357849e-006,-0.874
-3.357599e-006,-0.874
-3.357349e-006,-0.875667
-3.357099e-006,-0.875667
-3.356849e-006,-0.874
-3.356599e-006,-0.874
-3.356349e-006,-0.875667
-3.356099e-006,-0.875667
-3.355849e-006,-0.874
-3.355599e-006,-0.874
-3.355349e-006,-0.875667
-3.355099e-006,-0.875667
-3.354849e-006,-0.874
-3.354599e-006,-0.874
-3.354349e-006,-0.874
-3.354099e-006,-0.875667
-3.353849e-006,-0.874
-3.353599e-006,-0.874
-3.353349e-006,-0.875667
-3.353099e-006,-0.875667
-3.352849e-006,-0.874
-3.352599e-006,-0.874
-3.352349e-006,-0.875667
-3.352099e-006,-0.874
-3.351849e-006,-0.874
-3.351599e-006,-0.874
-3.351349e-006,-0.875667
-3.351099e-006,-0.875667
-3.350849e-006,-0.874
-3.350599e-006,-0.874
-3.350349e-006,-0.875667
-3.350099e-006,-0.875667
-3.349849e-006,-0.874
-3.349599e-006,-0.874
-3.349349e-006,-0.875667
-3.349099e-006,-0.875667
-3.348849e-006,-0.874
-3.348599e-006,-0.874
-3.348349e-006,-0.875667
-3.348099e-006,-0.875667
-3.347849e-006,-0.874
-3.347599e-006,-0.874
-3.347349e-006,-0.875667
-3.347099e-006,-0.875667
-3.346849e-006,-0.874
-3.346599e-006,-0.874
-3.346349e-006,-0.875667
-3.346099e-006,-0.875667
-3.345849e-006,-0.874
-3.345599e-006,-0.874
-3.345349e-006,-0.875667
-3.345099e-006,-0.875667
-3.344849e-006,-0.874
-3.344599e-006,-0.874
-3.344349e-006,-0.875667
-3.344099e-006,-0.875667
-3.343849e-006,-0.874
-3.343599e-006,-0.874
-3.343349e-006,-0.875667
-3.343099e-006,-0.875667
-3.342849e-006,-0.874
-3.342599e-006,-0.874
-3.342349e-006,-0.875667
-3.342099e-006,-0.875667
-3.341849e-006,-0.874
-3.341599e-006,-0.874
-3.341349e-006,-0.875667
-3.341099e-006,-0.875667
-3.340849e-006,-0.874
-3.340599e-006,-0.874
-3.340349e-006,-0.875667
-3.340099e-006,-0.875667
-3.339849e-006,-0.874
-3.339599e-006,-0.874
-3.339349e-006,-0.875667
-3.339099e-006,-0.875667
-3.338849e-006,-0.874
-3.338599e-006,-0.874
-3.338349e-006,-0.875667
-3.338099e-006,-0.875667
-3.337849e-006,-0.874
-3.337599e-006,-0.874
-3.337349e-006,-0.875667
-3.337099e-006,-0.875667
-3.336849e-006,-0.874
-3.336599e-006,-0.874
-3.336349e-006,-0.875667
-3.336099e-006,-0.875667
-3.335849e-006,-0.874
-3.335599e-006,-0.874
-3.335349e-006,-0.875667
-3.335099e-006,-0.875667
-3.334849e-006,-0.874
-3.334599e-006,-0.874
-3.334349e-006,-0.875667
-3.334099e-006,-0.875667
-3.333849e-006,-0.874
-3.333599e-006,-0.874
-3.333349e-006,-0.875667
-3.333099e-006,-0.875667
-3.332849e-006,-0.874
-3.332599e-006,-0.874
-3.332349e-006,-0.875667
-3.332099e-006,-0.875667
-3.331849e-006,-0.874
-3.331599e-006,-0.874
-3.331349e-006,-0.875667
-3.331099e-006,-0.875667
-3.330849e-006,-0.874
-3.330599e-006,-0.874
-3.330349e-006,-0.875667
-3.330099e-006,-0.875667
-3.329849e-006,-0.874
-3.329599e-006,-0.874
-3.329349e-006,-0.874
-3.329099e-006,-0.875667
-3.328849e-006,-0.874
-3.328599e-006,-0.874
-3.328349e-006,-0.874
-3.328099e-006,-0.875667
-3.327849e-006,-0.874
-3.327599e-006,-0.874
-3.327349e-006,-0.874
-3.327099e-006,-0.875667
-3.326849e-006,-0.874
-3.326599e-006,-0.874
-3.326349e-006,-0.875667
-3.326099e-006,-0.875667
-3.325849e-006,-0.874
-3.325599e-006,-0.874
-3.325349e-006,-0.875667
-3.325099e-006,-0.875667
-3.324849e-006,-0.874
-3.324599e-006,-0.874
-3.324349e-006,-0.875667
-3.324099e-006,-0.875667
-3.323849e-006,-0.874
-3.323599e-006,-0.874
-3.323349e-006,-0.875667
-3.323099e-006,-0.875667
-3.322849e-006,-0.874
-3.322599e-006,-0.874
-3.322349e-006,-0.875667
-3.322099e-006,-0.875667
-3.321849e-006,-0.874
-3.321599e-006,-0.874
-3.321349e-006,-0.875667
-3.321099e-006,-0.875667
-3.320849e-006,-0.874
-3.320599e-006,-0.874
-3.320349e-006,-0.875667
-3.320099e-006,-0.875667
-3.319849e-006,-0.874
-3.319599e-006,-0.874
-3.319349e-006,-0.875667
-3.319099e-006,-0.875667
-3.318849e-006,-0.874
-3.318599e-006,-0.874
-3.318349e-006,-0.875667
-3.318099e-006,-0.875667
-3.317849e-006,-0.874
-3.317599e-006,-0.874
-3.317349e-006,-0.875667
-3.317099e-006,-0.874
-3.316849e-006,-0.874
-3.316599e-006,-0.874
-3.316349e-006,-0.875667
-3.316099e-006,-0.874
-3.315849e-006,-0.874
-3.315599e-006,-0.874
-3.315349e-006,-0.875667
-3.315099e-006,-0.875667
-3.314849e-006,-0.874
-3.314599e-006,-0.874
-3.314349e-006,-0.875667
-3.314099e-006,-0.875667
-3.313849e-006,-0.874
-3.313599e-006,-0.874
-3.313349e-006,-0.875667
-3.313099e-006,-0.875667
-3.312849e-006,-0.874
-3.312599e-006,-0.874
-3.312349e-006,-0.875667
-3.312099e-006,-0.875667
-3.311849e-006,-0.874
-3.311599e-006,-0.874
-3.311349e-006,-0.875667
-3.311099e-006,-0.875667
-3.310849e-006,-0.874
-3.310599e-006,-0.874
-3.310349e-006,-0.875667
-3.310099e-006,-0.875667
-3.309849e-006,-0.874
-3.309599e-006,-0.874
-3.309349e-006,-0.875667
-3.309099e-006,-0.875667
-3.308849e-006,-0.874
-3.308599e-006,-0.874
-3.308349e-006,-0.875667
-3.308099e-006,-0.875667
-3.307849e-006,-0.874
-3.307599e-006,-0.874
-3.307349e-006,-0.875667
-3.307099e-006,-0.875667
-3.306849e-006,-0.874
-3.306599e-006,-0.874
-3.306349e-006,-0.875667
-3.306099e-006,-0.875667
-3.305849e-006,-0.874
-3.305599e-006,-0.874
-3.305349e-006,-0.874
-3.305099e-006,-0.875667
-3.304849e-006,-0.874
-3.304599e-006,-0.874
-3.304349e-006,-0.874
-3.304099e-006,-0.875667
-3.303849e-006,-0.874
-3.303599e-006,-0.874
-3.303349e-006,-0.874
-3.303099e-006,-0.875667
-3.302849e-006,-0.874
-3.302599e-006,-0.874
-3.302349e-006,-0.874
-3.302099e-006,-0.875667
-3.301849e-006,-0.874
-3.301599e-006,-0.874
-3.301349e-006,-0.874
-3.301099e-006,-0.875667
-3.300849e-006,-0.874
-3.300599e-006,-0.874
-3.300349e-006,-0.874
-3.300099e-006,-0.875667
-3.299849e-006,-0.874
-3.299599e-006,-0.874
-3.299349e-006,-0.875667
-3.299099e-006,-0.875667
-3.298849e-006,-0.874
-3.298599e-006,-0.874
-3.298349e-006,-0.875667
-3.298099e-006,-0.875667
-3.297849e-006,-0.874
-3.297599e-006,-0.874
-3.297349e-006,-0.875667
-3.297099e-006,-0.875667
-3.296849e-006,-0.874
-3.296599e-006,-0.874
-3.296349e-006,-0.875667
-3.296099e-006,-0.875667
-3.295849e-006,-0.874
-3.295599e-006,-0.874
-3.295349e-006,-0.875667
-3.295099e-006,-0.874
-3.294849e-006,-0.874
-3.294599e-006,-0.874
-3.294349e-006,-0.875667
-3.294099e-006,-0.875667
-3.293849e-006,-0.874
-3.293599e-006,-0.874
-3.293349e-006,-0.875667
-3.293099e-006,-0.875667
-3.292849e-006,-0.874
-3.292599e-006,-0.874
-3.292349e-006,-0.874
-3.292099e-006,-0.875667
-3.291849e-006,-0.874
-3.291599e-006,-0.874
-3.291349e-006,-0.874
-3.291099e-006,-0.875667
-3.290849e-006,-0.874
-3.290599e-006,-0.874
-3.290349e-006,-0.875667
-3.290099e-006,-0.875667
-3.289849e-006,-0.874
-3.289599e-006,-0.874
-3.289349e-006,-0.875667
-3.289099e-006,-0.875667
-3.288849e-006,-0.874
-3.288599e-006,-0.874
-3.288349e-006,-0.875667
-3.288099e-006,-0.875667
-3.287849e-006,-0.874
-3.287599e-006,-0.874
-3.287349e-006,-0.875667
-3.287099e-006,-0.875667
-3.286849e-006,-0.874
-3.286599e-006,-0.874
-3.286349e-006,-0.875667
-3.286099e-006,-0.875667
-3.285849e-006,-0.874
-3.285599e-006,-0.874
-3.285349e-006,-0.875667
-3.285099e-006,-0.875667
-3.284849e-006,-0.874
-3.284599e-006,-0.874
-3.284349e-006,-0.874
-3.284099e-006,-0.875667
-3.283849e-006,-0.874
-3.283599e-006,-0.874
-3.283349e-006,-0.875667
-3.283099e-006,-0.875667
-3.282849e-006,-0.874
-3.282599e-006,-0.874
-3.282349e-006,-0.875667
-3.282099e-006,-0.875667
-3.281849e-006,-0.874
-3.281599e-006,-0.874
-3.281349e-006,-0.875667
-3.281099e-006,-0.875667
-3.280849e-006,-0.874
-3.280599e-006,-0.874
-3.280349e-006,-0.875667
-3.280099e-006,-0.875667
-3.279849e-006,-0.874
-3.279599e-006,-0.874
-3.279349e-006,-0.875667
-3.279099e-006,-0.875667
-3.278849e-006,-0.874
-3.278599e-006,-0.874
-3.278349e-006,-0.875667
-3.278099e-006,-0.875667
-3.277849e-006,-0.874
-3.277599e-006,-0.874
-3.277349e-006,-0.875667
-3.277099e-006,-0.875667
-3.276849e-006,-0.874
-3.276599e-006,-0.874
-3.276349e-006,-0.874
-3.276099e-006,-0.875667
-3.275849e-006,-0.874
-3.275599e-006,-0.874
-3.275349e-006,-0.874
-3.275099e-006,-0.875667
-3.274849e-006,-0.874
-3.274599e-006,-0.874
-3.274349e-006,-0.875667
-3.274099e-006,-0.875667
-3.273849e-006,-0.874
-3.273599e-006,-0.874
-3.273349e-006,-0.875667
-3.273099e-006,-0.875667
-3.272849e-006,-0.874
-3.272599e-006,-0.874
-3.272349e-006,-0.875667
-3.272099e-006,-0.875667
-3.271849e-006,-0.874
-3.271599e-006,-0.874
-3.271349e-006,-0.875667
-3.271099e-006,-0.875667
-3.270849e-006,-0.874
-3.270599e-006,-0.874
-3.270349e-006,-0.875667
-3.270099e-006,-0.875667
-3.269849e-006,-0.874
-3.269599e-006,-0.874
-3.269349e-006,-0.875667
-3.269099e-006,-0.875667
-3.268849e-006,-0.874
-3.268599e-006,-0.874
-3.268349e-006,-0.874
-3.268099e-006,-0.875667
-3.267849e-006,-0.874
-3.267599e-006,-0.874
-3.267349e-006,-0.874
-3.267099e-006,-0.875667
-3.266849e-006,-0.874
-3.266599e-006,-0.874
-3.266349e-006,-0.874
-3.266099e-006,-0.874
-3.265849e-006,-0.874
-3.265599e-006,-0.874
-3.265349e-006,-0.874
-3.265099e-006,-0.874
-3.264849e-006,-0.874
-3.264599e-006,-0.874
-3.264349e-006,-0.874
-3.264099e-006,-0.874
-3.263849e-006,-0.874
-3.263599e-006,-0.874
-3.263349e-006,-0.874
-3.263099e-006,-0.874
-3.262849e-006,-0.874
-3.262599e-006,-0.874
-3.262349e-006,-0.875667
-3.262099e-006,-0.875667
-3.261849e-006,-0.874
-3.261599e-006,-0.874
-3.261349e-006,-0.875667
-3.261099e-006,-0.875667
-3.260849e-006,-0.874
-3.260599e-006,-0.874
-3.260349e-006,-0.875667
-3.260099e-006,-0.875667
-3.259849e-006,-0.874
-3.259599e-006,-0.874
-3.259349e-006,-0.875667
-3.259099e-006,-0.875667
-3.258849e-006,-0.874
-3.258599e-006,-0.874
-3.258349e-006,-0.875667
-3.258099e-006,-0.875667
-3.257849e-006,-0.874
-3.257599e-006,-0.874
-3.257349e-006,-0.874
-3.257099e-006,-0.875667
-3.256849e-006,-0.874
-3.256599e-006,-0.874
-3.256349e-006,-0.874
-3.256099e-006,-0.875667
-3.255849e-006,-0.874
-3.255599e-006,-0.874
-3.255349e-006,-0.874
-3.255099e-006,-0.875667
-3.254849e-006,-0.874
-3.254599e-006,-0.874
-3.254349e-006,-0.874
-3.254099e-006,-0.875667
-3.253849e-006,-0.874
-3.253599e-006,-0.874
-3.253349e-006,-0.874
-3.253099e-006,-0.875667
-3.252849e-006,-0.874
-3.252599e-006,-0.874
-3.252349e-006,-0.874
-3.252099e-006,-0.875667
-3.251849e-006,-0.874
-3.251599e-006,-0.874
-3.251349e-006,-0.874
-3.251099e-006,-0.874
-3.250849e-006,-0.874
-3.250599e-006,-0.874
-3.250349e-006,-0.874
-3.250099e-006,-0.874
-3.249849e-006,-0.874
-3.249599e-006,-0.874
-3.249349e-006,-0.874
-3.249099e-006,-0.875667
-3.248849e-006,-0.874
-3.248599e-006,-0.874
-3.248349e-006,-0.874
-3.248099e-006,-0.875667
-3.247849e-006,-0.874
-3.247599e-006,-0.874
-3.247349e-006,-0.874
-3.247099e-006,-0.875667
-3.246849e-006,-0.874
-3.246599e-006,-0.874
-3.246349e-006,-0.874
-3.246099e-006,-0.875667
-3.245849e-006,-0.874
-3.245599e-006,-0.874
-3.245349e-006,-0.874
-3.245099e-006,-0.874
-3.244849e-006,-0.874
-3.244599e-006,-0.874
-3.244349e-006,-0.874
-3.244099e-006,-0.874
-3.243849e-006,-0.874
-3.243599e-006,-0.874
-3.243349e-006,-0.874
-3.243099e-006,-0.874
-3.242849e-006,-0.874
-3.242599e-006,-0.874
-3.242349e-006,-0.874
-3.242099e-006,-0.874
-3.241849e-006,-0.874
-3.241599e-006,-0.874
-3.241349e-006,-0.874
-3.241099e-006,-0.874
-3.240849e-006,-0.874
-3.240599e-006,-0.874
-3.240349e-006,-0.874
-3.240099e-006,-0.874
-3.239849e-006,-0.874
-3.239599e-006,-0.874
-3.239349e-006,-0.874
-3.239099e-006,-0.874
-3.238849e-006,-0.874
-3.238599e-006,-0.874
-3.238349e-006,-0.874
-3.238099e-006,-0.874
-3.237849e-006,-0.874
-3.237599e-006,-0.874
-3.237349e-006,-0.874
-3.237099e-006,-0.874
-3.236849e-006,-0.874
-3.236599e-006,-0.874
-3.236349e-006,-0.875667
-3.236099e-006,-0.874
-3.235849e-006,-0.874
-3.235599e-006,-0.874
-3.235349e-006,-0.875667
-3.235099e-006,-0.875667
-3.234849e-006,-0.874
-3.234599e-006,-0.874
-3.234349e-006,-0.875667
-3.234099e-006,-0.875667
-3.233849e-006,-0.874
-3.233599e-006,-0.874
-3.233349e-006,-0.874
-3.233099e-006,-0.875667
-3.232849e-006,-0.874
-3.232599e-006,-0.874
-3.232349e-006,-0.874
-3.232099e-006,-0.875667
-3.231849e-006,-0.874
-3.231599e-006,-0.874
-3.231349e-006,-0.874
-3.231099e-006,-0.875667
-3.230849e-006,-0.874
-3.230599e-006,-0.874
-3.230349e-006,-0.874
-3.230099e-006,-0.874
-3.229849e-006,-0.874
-3.229599e-006,-0.874
-3.229349e-006,-0.874
-3.229099e-006,-0.874
-3.228849e-006,-0.874
-3.228599e-006,-0.874
-3.228349e-006,-0.874
-3.228099e-006,-0.875667
-3.227849e-006,-0.874
-3.227599e-006,-0.874
-3.227349e-006,-0.874
-3.227099e-006,-0.875667
-3.226849e-006,-0.874
-3.226599e-006,-0.874
-3.226349e-006,-0.874
-3.226099e-006,-0.875667
-3.225849e-006,-0.874
-3.225599e-006,-0.874
-3.225349e-006,-0.874
-3.225099e-006,-0.875667
-3.224849e-006,-0.874
-3.224599e-006,-0.874
-3.224349e-006,-0.875667
-3.224099e-006,-0.875667
-3.223849e-006,-0.874
-3.223599e-006,-0.874
-3.223349e-006,-0.875667
-3.223099e-006,-0.875667
-3.222849e-006,-0.874
-3.222599e-006,-0.874
-3.222349e-006,-0.874
-3.222099e-006,-0.875667
-3.221849e-006,-0.874
-3.221599e-006,-0.874
-3.221349e-006,-0.874
-3.221099e-006,-0.874
-3.220849e-006,-0.874
-3.220599e-006,-0.874
-3.220349e-006,-0.875667
-3.220099e-006,-0.874
-3.219849e-006,-0.874
-3.219599e-006,-0.874
-3.219349e-006,-0.875667
-3.219099e-006,-0.875667
-3.218849e-006,-0.874
-3.218599e-006,-0.874
-3.218349e-006,-0.875667
-3.218099e-006,-0.875667
-3.217849e-006,-0.874
-3.217599e-006,-0.874
-3.217349e-006,-0.875667
-3.217099e-006,-0.875667
-3.216849e-006,-0.874
-3.216599e-006,-0.874
-3.216349e-006,-0.875667
-3.216099e-006,-0.875667
-3.215849e-006,-0.874
-3.215599e-006,-0.874
-3.215349e-006,-0.875667
-3.215099e-006,-0.875667
-3.214849e-006,-0.874
-3.214599e-006,-0.874
-3.214349e-006,-0.875667
-3.214099e-006,-0.875667
-3.213849e-006,-0.874
-3.213599e-006,-0.874
-3.213349e-006,-0.875667
-3.213099e-006,-0.875667
-3.212849e-006,-0.874
-3.212599e-006,-0.874
-3.212349e-006,-0.875667
-3.212099e-006,-0.875667
-3.211849e-006,-0.874
-3.211599e-006,-0.874
-3.211349e-006,-0.874
-3.211099e-006,-0.875667
-3.210849e-006,-0.874
-3.210599e-006,-0.874
-3.210349e-006,-0.874
-3.210099e-006,-0.875667
-3.209849e-006,-0.874
-3.209599e-006,-0.874
-3.209349e-006,-0.874
-3.209099e-006,-0.875667
-3.208849e-006,-0.874
-3.208599e-006,-0.874
-3.208349e-006,-0.875667
-3.208099e-006,-0.875667
-3.207849e-006,-0.874
-3.207599e-006,-0.874
-3.207349e-006,-0.875667
-3.207099e-006,-0.875667
-3.206849e-006,-0.874
-3.206599e-006,-0.874
-3.206349e-006,-0.875667
-3.206099e-006,-0.875667
-3.205849e-006,-0.874
-3.205599e-006,-0.874
-3.205349e-006,-0.875667
-3.205099e-006,-0.875667
-3.204849e-006,-0.874
-3.204599e-006,-0.874
-3.204349e-006,-0.875667
-3.204099e-006,-0.875667
-3.203849e-006,-0.874
-3.203599e-006,-0.874
-3.203349e-006,-0.875667
-3.203099e-006,-0.875667
-3.202849e-006,-0.874
-3.202599e-006,-0.874
-3.202349e-006,-0.875667
-3.202099e-006,-0.875667
-3.201849e-006,-0.874
-3.201599e-006,-0.874
-3.201349e-006,-0.875667
-3.201099e-006,-0.875667
-3.200849e-006,-0.874
-3.200599e-006,-0.874
-3.200349e-006,-0.875667
-3.200099e-006,-0.875667
-3.199849e-006,-0.874
-3.199599e-006,-0.874
-3.199349e-006,-0.875667
-3.199099e-006,-0.875667
-3.198849e-006,-0.874
-3.198599e-006,-0.874
-3.198349e-006,-0.875667
-3.198099e-006,-0.875667
-3.197849e-006,-0.874
-3.197599e-006,-0.874
-3.197349e-006,-0.875667
-3.197099e-006,-0.875667
-3.196849e-006,-0.874
-3.196599e-006,-0.874
-3.196349e-006,-0.875667
-3.196099e-006,-0.875667
-3.195849e-006,-0.874
-3.195599e-006,-0.874
-3.195349e-006,-0.875667
-3.195099e-006,-0.875667
-3.194849e-006,-0.874
-3.194599e-006,-0.874
-3.194349e-006,-0.874
-3.194099e-006,-0.875667
-3.193849e-006,-0.874
-3.193599e-006,-0.874
-3.193349e-006,-0.875667
-3.193099e-006,-0.875667
-3.192849e-006,-0.874
-3.192599e-006,-0.874
-3.192349e-006,-0.874
-3.192099e-006,-0.875667
-3.191849e-006,-0.874
-3.191599e-006,-0.874
-3.191349e-006,-0.874
-3.191099e-006,-0.875667
-3.190849e-006,-0.874
-3.190599e-006,-0.874
-3.190349e-006,-0.875667
-3.190099e-006,-0.875667
-3.189849e-006,-0.874
-3.189599e-006,-0.874
-3.189349e-006,-0.875667
-3.189099e-006,-0.875667
-3.188849e-006,-0.874
-3.188599e-006,-0.874
-3.188349e-006,-0.875667
-3.188099e-006,-0.875667
-3.187849e-006,-0.874
-3.187599e-006,-0.874
-3.187349e-006,-0.875667
-3.187099e-006,-0.875667
-3.186849e-006,-0.874
-3.186599e-006,-0.874
-3.186349e-006,-0.875667
-3.186099e-006,-0.875667
-3.185849e-006,-0.874
-3.185599e-006,-0.874
-3.185349e-006,-0.875667
-3.185099e-006,-0.875667
-3.184849e-006,-0.874
-3.184599e-006,-0.874
-3.184349e-006,-0.875667
-3.184099e-006,-0.875667
-3.183849e-006,-0.874
-3.183599e-006,-0.874
-3.183349e-006,-0.875667
-3.183099e-006,-0.875667
-3.182849e-006,-0.874
-3.182599e-006,-0.874
-3.182349e-006,-0.874
-3.182099e-006,-0.875667
-3.181849e-006,-0.874
-3.181599e-006,-0.874
-3.181349e-006,-0.874
-3.181099e-006,-0.875667
-3.180849e-006,-0.874
-3.180599e-006,-0.874
-3.180349e-006,-0.874
-3.180099e-006,-0.875667
-3.179849e-006,-0.874
-3.179599e-006,-0.874
-3.179349e-006,-0.875667
-3.179099e-006,-0.875667
-3.178849e-006,-0.874
-3.178599e-006,-0.874
-3.178349e-006,-0.875667
-3.178099e-006,-0.875667
-3.177849e-006,-0.874
-3.177599e-006,-0.874
-3.177349e-006,-0.875667
-3.177099e-006,-0.875667
-3.176849e-006,-0.874
-3.176599e-006,-0.874
-3.176349e-006,-0.875667
-3.176099e-006,-0.875667
-3.175849e-006,-0.874
-3.175599e-006,-0.874
-3.175349e-006,-0.875667
-3.175099e-006,-0.875667
-3.174849e-006,-0.874
-3.174599e-006,-0.874
-3.174349e-006,-0.875667
-3.174099e-006,-0.875667
-3.173849e-006,-0.874
-3.173599e-006,-0.874
-3.173349e-006,-0.874
-3.173099e-006,-0.874
-3.172849e-006,-0.874
-3.172599e-006,-0.874
-3.172349e-006,-0.874
-3.172099e-006,-0.875667
-3.171849e-006,-0.874
-3.171599e-006,-0.874
-3.171349e-006,-0.874
-3.171099e-006,-0.875667
-3.170849e-006,-0.874
-3.170599e-006,-0.874
-3.170349e-006,-0.874
-3.170099e-006,-0.875667
-3.169849e-006,-0.874
-3.169599e-006,-0.874
-3.169349e-006,-0.875667
-3.169099e-006,-0.875667
-3.168849e-006,-0.874
-3.168599e-006,-0.874
-3.168349e-006,-0.875667
-3.168099e-006,-0.875667
-3.167849e-006,-0.874
-3.167599e-006,-0.874
-3.167349e-006,-0.875667
-3.167099e-006,-0.875667
-3.166849e-006,-0.874
-3.166599e-006,-0.874
-3.166349e-006,-0.875667
-3.166099e-006,-0.875667
-3.165849e-006,-0.874
-3.165599e-006,-0.874
-3.165349e-006,-0.875667
-3.165099e-006,-0.875667
-3.164849e-006,-0.874
-3.164599e-006,-0.874
-3.164349e-006,-0.875667
-3.164099e-006,-0.875667
-3.163849e-006,-0.874
-3.163599e-006,-0.874
-3.163349e-006,-0.875667
-3.163099e-006,-0.875667
-3.162849e-006,-0.874
-3.162599e-006,-0.874
-3.162349e-006,-0.875667
-3.162099e-006,-0.875667
-3.161849e-006,-0.874
-3.161599e-006,-0.874
-3.161349e-006,-0.875667
-3.161099e-006,-0.875667
-3.160849e-006,-0.874
-3.160599e-006,-0.874
-3.160349e-006,-0.875667
-3.160099e-006,-0.875667
-3.159849e-006,-0.874
-3.159599e-006,-0.874
-3.159349e-006,-0.875667
-3.159099e-006,-0.875667
-3.158849e-006,-0.874
-3.158599e-006,-0.874
-3.158349e-006,-0.875667
-3.158099e-006,-0.875667
-3.157849e-006,-0.874
-3.157599e-006,-0.874
-3.157349e-006,-0.875667
-3.157099e-006,-0.874
-3.156849e-006,-0.874
-3.156599e-006,-0.874
-3.156349e-006,-0.875667
-3.156099e-006,-0.874
-3.155849e-006,-0.874
-3.155599e-006,-0.874
-3.155349e-006,-0.874
-3.155099e-006,-0.874
-3.154849e-006,-0.874
-3.154599e-006,-0.874
-3.154349e-006,-0.874
-3.154099e-006,-0.875667
-3.153849e-006,-0.874
-3.153599e-006,-0.874
-3.153349e-006,-0.874
-3.153099e-006,-0.875667
-3.152849e-006,-0.874
-3.152599e-006,-0.874
-3.152349e-006,-0.874
-3.152099e-006,-0.875667
-3.151849e-006,-0.874
-3.151599e-006,-0.874
-3.151349e-006,-0.874
-3.151099e-006,-0.875667
-3.150849e-006,-0.874
-3.150599e-006,-0.874
-3.150349e-006,-0.874
-3.150099e-006,-0.875667
-3.149849e-006,-0.874
-3.149599e-006,-0.874
-3.149349e-006,-0.875667
-3.149099e-006,-0.875667
-3.148849e-006,-0.874
-3.148599e-006,-0.874
-3.148349e-006,-0.875667
-3.148099e-006,-0.875667
-3.147849e-006,-0.874
-3.147599e-006,-0.874
-3.147349e-006,-0.875667
-3.147099e-006,-0.874
-3.146849e-006,-0.874
-3.146599e-006,-0.874
-3.146349e-006,-0.874
-3.146099e-006,-0.874
-3.145849e-006,-0.874
-3.145599e-006,-0.874
-3.145349e-006,-0.874
-3.145099e-006,-0.874
-3.144849e-006,-0.874
-3.144599e-006,-0.874
-3.144349e-006,-0.874
-3.144099e-006,-0.874
-3.143849e-006,-0.874
-3.143599e-006,-0.874
-3.143349e-006,-0.874
-3.143099e-006,-0.874
-3.142849e-006,-0.874
-3.142599e-006,-0.874
-3.142349e-006,-0.874
-3.142099e-006,-0.875667
-3.141849e-006,-0.874
-3.141599e-006,-0.874
-3.141349e-006,-0.874
-3.141099e-006,-0.875667
-3.140849e-006,-0.874
-3.140599e-006,-0.874
-3.140349e-006,-0.874
-3.140099e-006,-0.875667
-3.139849e-006,-0.874
-3.139599e-006,-0.874
-3.139349e-006,-0.874
-3.139099e-006,-0.875667
-3.138849e-006,-0.874
-3.138599e-006,-0.874
-3.138349e-006,-0.874
-3.138099e-006,-0.875667
-3.137849e-006,-0.874
-3.137599e-006,-0.874
-3.137349e-006,-0.874
-3.137099e-006,-0.875667
-3.136849e-006,-0.874
-3.136599e-006,-0.874
-3.136349e-006,-0.874
-3.136099e-006,-0.875667
-3.135849e-006,-0.874
-3.135599e-006,-0.874
-3.135349e-006,-0.874
-3.135099e-006,-0.875667
-3.134849e-006,-0.874
-3.134599e-006,-0.874
-3.134349e-006,-0.874
-3.134099e-006,-0.875667
-3.133849e-006,-0.874
-3.133599e-006,-0.874
-3.133349e-006,-0.875667
-3.133099e-006,-0.875667
-3.132849e-006,-0.874
-3.132599e-006,-0.874
-3.132349e-006,-0.875667
-3.132099e-006,-0.875667
-3.131849e-006,-0.874
-3.131599e-006,-0.874
-3.131349e-006,-0.875667
-3.131099e-006,-0.875667
-3.130849e-006,-0.874
-3.130599e-006,-0.874
-3.130349e-006,-0.875667
-3.130099e-006,-0.875667
-3.129849e-006,-0.874
-3.129599e-006,-0.874
-3.129349e-006,-0.875667
-3.129099e-006,-0.875667
-3.128849e-006,-0.874
-3.128599e-006,-0.874
-3.128349e-006,-0.875667
-3.128099e-006,-0.875667
-3.127849e-006,-0.874
-3.127599e-006,-0.874
-3.127349e-006,-0.875667
-3.127099e-006,-0.875667
-3.126849e-006,-0.874
-3.126599e-006,-0.874
-3.126349e-006,-0.875667
-3.126099e-006,-0.875667
-3.125849e-006,-0.874
-3.125599e-006,-0.874
-3.125349e-006,-0.874
-3.125099e-006,-0.875667
-3.124849e-006,-0.874
-3.124599e-006,-0.874
-3.124349e-006,-0.875667
-3.124099e-006,-0.875667
-3.123849e-006,-0.874
-3.123599e-006,-0.874
-3.123349e-006,-0.874
-3.123099e-006,-0.875667
-3.122849e-006,-0.874
-3.122599e-006,-0.874
-3.122349e-006,-0.874
-3.122099e-006,-0.875667
-3.121849e-006,-0.874
-3.121599e-006,-0.874
-3.121349e-006,-0.874
-3.121099e-006,-0.875667
-3.120849e-006,-0.874
-3.120599e-006,-0.874
-3.120349e-006,-0.874
-3.120099e-006,-0.875667
-3.119849e-006,-0.874
-3.119599e-006,-0.874
-3.119349e-006,-0.874
-3.119099e-006,-0.875667
-3.118849e-006,-0.874
-3.118599e-006,-0.874
-3.118349e-006,-0.874
-3.118099e-006,-0.875667
-3.117849e-006,-0.874
-3.117599e-006,-0.874
-3.117349e-006,-0.874
-3.117099e-006,-0.875667
-3.116849e-006,-0.874
-3.116599e-006,-0.874
-3.116349e-006,-0.875667
-3.116099e-006,-0.875667
-3.115849e-006,-0.874
-3.115599e-006,-0.874
-3.115349e-006,-0.874
-3.115099e-006,-0.875667
-3.114849e-006,-0.874
-3.114599e-006,-0.874
-3.114349e-006,-0.874
-3.114099e-006,-0.875667
-3.113849e-006,-0.874
-3.113599e-006,-0.874
-3.113349e-006,-0.875667
-3.113099e-006,-0.875667
-3.112849e-006,-0.874
-3.112599e-006,-0.874
-3.112349e-006,-0.875667
-3.112099e-006,-0.875667
-3.111849e-006,-0.874
-3.111599e-006,-0.874
-3.111349e-006,-0.875667
-3.111099e-006,-0.875667
-3.110849e-006,-0.874
-3.110599e-006,-0.874
-3.110349e-006,-0.875667
-3.110099e-006,-0.875667
-3.109849e-006,-0.874
-3.109599e-006,-0.874
-3.109349e-006,-0.875667
-3.109099e-006,-0.875667
-3.108849e-006,-0.874
-3.108599e-006,-0.874
-3.108349e-006,-0.875667
-3.108099e-006,-0.875667
-3.107849e-006,-0.874
-3.107599e-006,-0.874
-3.107349e-006,-0.875667
-3.107099e-006,-0.875667
-3.106849e-006,-0.874
-3.106599e-006,-0.874
-3.106349e-006,-0.875667
-3.106099e-006,-0.875667
-3.105849e-006,-0.874
-3.105599e-006,-0.874
-3.105349e-006,-0.875667
-3.105099e-006,-0.875667
-3.104849e-006,-0.874
-3.104599e-006,-0.874
-3.104349e-006,-0.875667
-3.104099e-006,-0.875667
-3.103849e-006,-0.874
-3.103599e-006,-0.874
-3.103349e-006,-0.875667
-3.103099e-006,-0.875667
-3.102849e-006,-0.874
-3.102599e-006,-0.874
-3.102349e-006,-0.875667
-3.102099e-006,-0.875667
-3.101849e-006,-0.874
-3.101599e-006,-0.874
-3.101349e-006,-0.875667
-3.101099e-006,-0.875667
-3.100849e-006,-0.874
-3.100599e-006,-0.874
-3.100349e-006,-0.875667
-3.100099e-006,-0.875667
-3.099849e-006,-0.874
-3.099599e-006,-0.874
-3.099349e-006,-0.875667
-3.099099e-006,-0.875667
-3.098849e-006,-0.874
-3.098599e-006,-0.874
-3.098349e-006,-0.875667
-3.098099e-006,-0.875667
-3.097849e-006,-0.874
-3.097599e-006,-0.874
-3.097349e-006,-0.875667
-3.097099e-006,-0.875667
-3.096849e-006,-0.874
-3.096599e-006,-0.874
-3.096349e-006,-0.875667
-3.096099e-006,-0.875667
-3.095849e-006,-0.874
-3.095599e-006,-0.874
-3.095349e-006,-0.874
-3.095099e-006,-0.875667
-3.094849e-006,-0.874
-3.094599e-006,-0.874
-3.094349e-006,-0.874
-3.094099e-006,-0.875667
-3.093849e-006,-0.874
-3.093599e-006,-0.874
-3.093349e-006,-0.874
-3.093099e-006,-0.874
-3.092849e-006,-0.874
-3.092599e-006,-0.874
-3.092349e-006,-0.874
-3.092099e-006,-0.875667
-3.091849e-006,-0.874
-3.091599e-006,-0.874
-3.091349e-006,-0.874
-3.091099e-006,-0.875667
-3.090849e-006,-0.874
-3.090599e-006,-0.874
-3.090349e-006,-0.874
-3.090099e-006,-0.875667
-3.089849e-006,-0.874
-3.089599e-006,-0.874
-3.089349e-006,-0.874
-3.089099e-006,-0.875667
-3.088849e-006,-0.874
-3.088599e-006,-0.874
-3.088349e-006,-0.875667
-3.088099e-006,-0.875667
-3.087849e-006,-0.874
-3.087599e-006,-0.874
-3.087349e-006,-0.875667
-3.087099e-006,-0.875667
-3.086849e-006,-0.874
-3.086599e-006,-0.874
-3.086349e-006,-0.875667
-3.086099e-006,-0.875667
-3.085849e-006,-0.874
-3.085599e-006,-0.874
-3.085349e-006,-0.874
-3.085099e-006,-0.875667
-3.084849e-006,-0.874
-3.084599e-006,-0.874
-3.084349e-006,-0.874
-3.084099e-006,-0.875667
-3.083849e-006,-0.874
-3.083599e-006,-0.874
-3.083349e-006,-0.874
-3.083099e-006,-0.875667
-3.082849e-006,-0.874
-3.082599e-006,-0.874
-3.082349e-006,-0.874
-3.082099e-006,-0.874
-3.081849e-006,-0.874
-3.081599e-006,-0.874
-3.081349e-006,-0.874
-3.081099e-006,-0.874
-3.080849e-006,-0.874
-3.080599e-006,-0.874
-3.080349e-006,-0.875667
-3.080099e-006,-0.874
-3.079849e-006,-0.874
-3.079599e-006,-0.874
-3.079349e-006,-0.874
-3.079099e-006,-0.875667
-3.078849e-006,-0.874
-3.078599e-006,-0.874
-3.078349e-006,-0.874
-3.078099e-006,-0.875667
-3.077849e-006,-0.874
-3.077599e-006,-0.874
-3.077349e-006,-0.875667
-3.077099e-006,-0.875667
-3.076849e-006,-0.874
-3.076599e-006,-0.874
-3.076349e-006,-0.875667
-3.076099e-006,-0.875667
-3.075849e-006,-0.874
-3.075599e-006,-0.874
-3.075349e-006,-0.875667
-3.075099e-006,-0.875667
-3.074849e-006,-0.874
-3.074599e-006,-0.874
-3.074349e-006,-0.874
-3.074099e-006,-0.875667
-3.073849e-006,-0.874
-3.073599e-006,-0.874
-3.073349e-006,-0.874
-3.073099e-006,-0.875667
-3.072849e-006,-0.874
-3.072599e-006,-0.874
-3.072349e-006,-0.874
-3.072099e-006,-0.875667
-3.071849e-006,-0.874
-3.071599e-006,-0.874
-3.071349e-006,-0.874
-3.071099e-006,-0.875667
-3.070849e-006,-0.874
-3.070599e-006,-0.874
-3.070349e-006,-0.874
-3.070099e-006,-0.875667
-3.069849e-006,-0.874
-3.069599e-006,-0.874
-3.069349e-006,-0.874
-3.069099e-006,-0.875667
-3.068849e-006,-0.874
-3.068599e-006,-0.874
-3.068349e-006,-0.875667
-3.068099e-006,-0.875667
-3.067849e-006,-0.874
-3.067599e-006,-0.874
-3.067349e-006,-0.875667
-3.067099e-006,-0.875667
-3.066849e-006,-0.874
-3.066599e-006,-0.874
-3.066349e-006,-0.875667
-3.066099e-006,-0.875667
-3.065849e-006,-0.874
-3.065599e-006,-0.874
-3.065349e-006,-0.875667
-3.065099e-006,-0.875667
-3.064849e-006,-0.874
-3.064599e-006,-0.874
-3.064349e-006,-0.875667
-3.064099e-006,-0.875667
-3.063849e-006,-0.874
-3.063599e-006,-0.874
-3.063349e-006,-0.875667
-3.063099e-006,-0.875667
-3.062849e-006,-0.874
-3.062599e-006,-0.874
-3.062349e-006,-0.875667
-3.062099e-006,-0.875667
-3.061849e-006,-0.874
-3.061599e-006,-0.874
-3.061349e-006,-0.875667
-3.061099e-006,-0.875667
-3.060849e-006,-0.874
-3.060599e-006,-0.874
-3.060349e-006,-0.875667
-3.060099e-006,-0.875667
-3.059849e-006,-0.874
-3.059599e-006,-0.874
-3.059349e-006,-0.874
-3.059099e-006,-0.875667
-3.058849e-006,-0.874
-3.058599e-006,-0.874
-3.058349e-006,-0.874
-3.058099e-006,-0.875667
-3.057849e-006,-0.874
-3.057599e-006,-0.874
-3.057349e-006,-0.874
-3.057099e-006,-0.875667
-3.056849e-006,-0.874
-3.056599e-006,-0.874
-3.056349e-006,-0.874
-3.056099e-006,-0.874
-3.055849e-006,-0.874
-3.055599e-006,-0.874
-3.055349e-006,-0.874
-3.055099e-006,-0.875667
-3.054849e-006,-0.874
-3.054599e-006,-0.874
-3.054349e-006,-0.874
-3.054099e-006,-0.875667
-3.053849e-006,-0.874
-3.053599e-006,-0.874
-3.053349e-006,-0.874
-3.053099e-006,-0.875667
-3.052849e-006,-0.874
-3.052599e-006,-0.874
-3.052349e-006,-0.874
-3.052099e-006,-0.875667
-3.051849e-006,-0.874
-3.051599e-006,-0.874
-3.051349e-006,-0.874
-3.051099e-006,-0.875667
-3.050849e-006,-0.874
-3.050599e-006,-0.874
-3.050349e-006,-0.874
-3.050099e-006,-0.875667
-3.049849e-006,-0.874
-3.049599e-006,-0.874
-3.049349e-006,-0.874
-3.049099e-006,-0.875667
-3.048849e-006,-0.874
-3.048599e-006,-0.874
-3.048349e-006,-0.874
-3.048099e-006,-0.875667
-3.047849e-006,-0.874
-3.047599e-006,-0.874
-3.047349e-006,-0.874
-3.047099e-006,-0.875667
-3.046849e-006,-0.874
-3.046599e-006,-0.874
-3.046349e-006,-0.874
-3.046099e-006,-0.875667
-3.045849e-006,-0.874
-3.045599e-006,-0.874
-3.045349e-006,-0.874
-3.045099e-006,-0.875667
-3.044849e-006,-0.874
-3.044599e-006,-0.874
-3.044349e-006,-0.874
-3.044099e-006,-0.875667
-3.043849e-006,-0.874
-3.043599e-006,-0.874
-3.043349e-006,-0.874
-3.043099e-006,-0.874
-3.042849e-006,-0.874
-3.042599e-006,-0.874
-3.042349e-006,-0.875667
-3.042099e-006,-0.874
-3.041849e-006,-0.874
-3.041599e-006,-0.874
-3.041349e-006,-0.874
-3.041099e-006,-0.874
-3.040849e-006,-0.874
-3.040599e-006,-0.874
-3.040349e-006,-0.874
-3.040099e-006,-0.875667
-3.039849e-006,-0.874
-3.039599e-006,-0.874
-3.039349e-006,-0.874
-3.039099e-006,-0.875667
-3.038849e-006,-0.874
-3.038599e-006,-0.874
-3.038349e-006,-0.874
-3.038099e-006,-0.875667
-3.037849e-006,-0.874
-3.037599e-006,-0.874
-3.037349e-006,-0.874
-3.037099e-006,-0.875667
-3.036849e-006,-0.874
-3.036599e-006,-0.874
-3.036349e-006,-0.874
-3.036099e-006,-0.875667
-3.035849e-006,-0.874
-3.035599e-006,-0.874
-3.035349e-006,-0.874
-3.035099e-006,-0.875667
-3.034849e-006,-0.875667
-3.034599e-006,-0.874
-3.034349e-006,-0.874
-3.034099e-006,-0.875667
-3.033849e-006,-0.874
-3.033599e-006,-0.874
-3.033349e-006,-0.874
-3.033099e-006,-0.875667
-3.032849e-006,-0.874
-3.032599e-006,-0.874
-3.032349e-006,-0.874
-3.032099e-006,-0.875667
-3.031849e-006,-0.874
-3.031599e-006,-0.874
-3.031349e-006,-0.874
-3.031099e-006,-0.875667
-3.030849e-006,-0.874
-3.030599e-006,-0.874
-3.030349e-006,-0.874
-3.030099e-006,-0.875667
-3.029849e-006,-0.874
-3.029599e-006,-0.874
-3.029349e-006,-0.875667
-3.029099e-006,-0.875667
-3.028849e-006,-0.874
-3.028599e-006,-0.874
-3.028349e-006,-0.875667
-3.028099e-006,-0.875667
-3.027849e-006,-0.874
-3.027599e-006,-0.874
-3.027349e-006,-0.875667
-3.027099e-006,-0.875667
-3.026849e-006,-0.874
-3.026599e-006,-0.874
-3.026349e-006,-0.875667
-3.026099e-006,-0.875667
-3.025849e-006,-0.874
-3.025599e-006,-0.874
-3.025349e-006,-0.875667
-3.025099e-006,-0.875667
-3.024849e-006,-0.874
-3.024599e-006,-0.874
-3.024349e-006,-0.874
-3.024099e-006,-0.875667
-3.023849e-006,-0.874
-3.023599e-006,-0.874
-3.023349e-006,-0.874
-3.023099e-006,-0.875667
-3.022849e-006,-0.874
-3.022599e-006,-0.874
-3.022349e-006,-0.874
-3.022099e-006,-0.875667
-3.021849e-006,-0.874
-3.021599e-006,-0.874
-3.021349e-006,-0.874
-3.021099e-006,-0.875667
-3.020849e-006,-0.874
-3.020599e-006,-0.874
-3.020349e-006,-0.874
-3.020099e-006,-0.875667
-3.019849e-006,-0.874
-3.019599e-006,-0.874
-3.019349e-006,-0.875667
-3.019099e-006,-0.875667
-3.018849e-006,-0.874
-3.018599e-006,-0.874
-3.018349e-006,-0.874
-3.018099e-006,-0.875667
-3.017849e-006,-0.874
-3.017599e-006,-0.874
-3.017349e-006,-0.874
-3.017099e-006,-0.875667
-3.016849e-006,-0.874
-3.016599e-006,-0.874
-3.016349e-006,-0.874
-3.016099e-006,-0.875667
-3.015849e-006,-0.874
-3.015599e-006,-0.874
-3.015349e-006,-0.875667
-3.015099e-006,-0.875667
-3.014849e-006,-0.874
-3.014599e-006,-0.874
-3.014349e-006,-0.875667
-3.014099e-006,-0.875667
-3.013849e-006,-0.874
-3.013599e-006,-0.874
-3.013349e-006,-0.875667
-3.013099e-006,-0.875667
-3.012849e-006,-0.874
-3.012599e-006,-0.874
-3.012349e-006,-0.875667
-3.012099e-006,-0.875667
-3.011849e-006,-0.874
-3.011599e-006,-0.874
-3.011349e-006,-0.875667
-3.011099e-006,-0.874
-3.010849e-006,-0.874
-3.010599e-006,-0.874
-3.010349e-006,-0.875667
-3.010099e-006,-0.875667
-3.009849e-006,-0.874
-3.009599e-006,-0.874
-3.009349e-006,-0.875667
-3.009099e-006,-0.875667
-3.008849e-006,-0.874
-3.008599e-006,-0.874
-3.008349e-006,-0.875667
-3.008099e-006,-0.875667
-3.007849e-006,-0.874
-3.007599e-006,-0.874
-3.007349e-006,-0.875667
-3.007099e-006,-0.875667
-3.006849e-006,-0.874
-3.006599e-006,-0.874
-3.006349e-006,-0.875667
-3.006099e-006,-0.875667
-3.005849e-006,-0.874
-3.005599e-006,-0.874
-3.005349e-006,-0.875667
-3.005099e-006,-0.875667
-3.004849e-006,-0.874
-3.004599e-006,-0.874
-3.004349e-006,-0.875667
-3.004099e-006,-0.875667
-3.003849e-006,-0.874
-3.003599e-006,-0.874
-3.003349e-006,-0.875667
-3.003099e-006,-0.875667
-3.002849e-006,-0.874
-3.002599e-006,-0.874
-3.002349e-006,-0.875667
-3.002099e-006,-0.875667
-3.001849e-006,-0.874
-3.001599e-006,-0.874
-3.001349e-006,-0.875667
-3.001099e-006,-0.875667
-3.000849e-006,-0.874
-3.000599e-006,-0.874
-3.000349e-006,-0.875667
-3.000099e-006,-0.875667
-2.999849e-006,-0.874
-2.999599e-006,-0.874
-2.999349e-006,-0.875667
-2.999099e-006,-0.874
-2.998849e-006,-0.874
-2.998599e-006,-0.874
-2.998349e-006,-0.875667
-2.998099e-006,-0.874
-2.997849e-006,-0.874
-2.997599e-006,-0.874
-2.997349e-006,-0.875667
-2.997099e-006,-0.874
-2.996849e-006,-0.874
-2.996599e-006,-0.874
-2.996349e-006,-0.875667
-2.996099e-006,-0.875667
-2.995849e-006,-0.874
-2.995599e-006,-0.874
-2.995349e-006,-0.875667
-2.995099e-006,-0.875667
-2.994849e-006,-0.874
-2.994599e-006,-0.874
-2.994349e-006,-0.875667
-2.994099e-006,-0.875667
-2.993849e-006,-0.874
-2.993599e-006,-0.874
-2.993349e-006,-0.875667
-2.993099e-006,-0.875667
-2.992849e-006,-0.874
-2.992599e-006,-0.874
-2.992349e-006,-0.874
-2.992099e-006,-0.875667
-2.991849e-006,-0.874
-2.991599e-006,-0.874
-2.991349e-006,-0.874
-2.991099e-006,-0.875667
-2.990849e-006,-0.874
-2.990599e-006,-0.874
-2.990349e-006,-0.875667
-2.990099e-006,-0.875667
-2.989849e-006,-0.874
-2.989599e-006,-0.874
-2.989349e-006,-0.875667
-2.989099e-006,-0.875667
-2.988849e-006,-0.874
-2.988599e-006,-0.874
-2.988349e-006,-0.875667
-2.988099e-006,-0.875667
-2.987849e-006,-0.874
-2.987599e-006,-0.874
-2.987349e-006,-0.874
-2.987099e-006,-0.875667
-2.986849e-006,-0.874
-2.986599e-006,-0.874
-2.986349e-006,-0.874
-2.986099e-006,-0.875667
-2.985849e-006,-0.874
-2.985599e-006,-0.874
-2.985349e-006,-0.875667
-2.985099e-006,-0.875667
-2.984849e-006,-0.874
-2.984599e-006,-0.874
-2.984349e-006,-0.875667
-2.984099e-006,-0.875667
-2.983849e-006,-0.874
-2.983599e-006,-0.874
-2.983349e-006,-0.875667
-2.983099e-006,-0.875667
-2.982849e-006,-0.874
-2.982599e-006,-0.874
-2.982349e-006,-0.875667
-2.982099e-006,-0.875667
-2.981849e-006,-0.874
-2.981599e-006,-0.874
-2.981349e-006,-0.875667
-2.981099e-006,-0.875667
-2.980849e-006,-0.874
-2.980599e-006,-0.874
-2.980349e-006,-0.875667
-2.980099e-006,-0.874
-2.979849e-006,-0.874
-2.979599e-006,-0.874
-2.979349e-006,-0.875667
-2.979099e-006,-0.874
-2.978849e-006,-0.874
-2.978599e-006,-0.874
-2.978349e-006,-0.874
-2.978099e-006,-0.874
-2.977849e-006,-0.874
-2.977599e-006,-0.874
-2.977349e-006,-0.874
-2.977099e-006,-0.875667
-2.976849e-006,-0.874
-2.976599e-006,-0.874
-2.976349e-006,-0.875667
-2.976099e-006,-0.875667
-2.975849e-006,-0.874
-2.975599e-006,-0.874
-2.975349e-006,-0.875667
-2.975099e-006,-0.874
-2.974849e-006,-0.874
-2.974599e-006,-0.874
-2.974349e-006,-0.875667
-2.974099e-006,-0.874
-2.973849e-006,-0.874
-2.973599e-006,-0.874
-2.973349e-006,-0.875667
-2.973099e-006,-0.874
-2.972849e-006,-0.874
-2.972599e-006,-0.874
-2.972349e-006,-0.875667
-2.972099e-006,-0.874
-2.971849e-006,-0.874
-2.971599e-006,-0.874
-2.971349e-006,-0.875667
-2.971099e-006,-0.874
-2.970849e-006,-0.874
-2.970599e-006,-0.874
-2.970349e-006,-0.875667
-2.970099e-006,-0.874
-2.969849e-006,-0.874
-2.969599e-006,-0.874
-2.969349e-006,-0.875667
-2.969099e-006,-0.874
-2.968849e-006,-0.874
-2.968599e-006,-0.874
-2.968349e-006,-0.875667
-2.968099e-006,-0.875667
-2.967849e-006,-0.875667
-2.967599e-006,-0.874
-2.967349e-006,-0.875667
-2.967099e-006,-0.875667
-2.966849e-006,-0.875667
-2.966599e-006,-0.874
-2.966349e-006,-0.875667
-2.966099e-006,-0.875667
-2.965849e-006,-0.875667
-2.965599e-006,-0.874
-2.965349e-006,-0.875667
-2.965099e-006,-0.875667
-2.964849e-006,-0.874
-2.964599e-006,-0.874
-2.964349e-006,-0.875667
-2.964099e-006,-0.874
-2.963849e-006,-0.874
-2.963599e-006,-0.874
-2.963349e-006,-0.875667
-2.963099e-006,-0.874
-2.962849e-006,-0.874
-2.962599e-006,-0.874
-2.962349e-006,-0.875667
-2.962099e-006,-0.874
-2.961849e-006,-0.874
-2.961599e-006,-0.874
-2.961349e-006,-0.875667
-2.961099e-006,-0.875667
-2.960849e-006,-0.874
-2.960599e-006,-0.874
-2.960349e-006,-0.875667
-2.960099e-006,-0.875667
-2.959849e-006,-0.874
-2.959599e-006,-0.874
-2.959349e-006,-0.875667
-2.959099e-006,-0.875667
-2.958849e-006,-0.875667
-2.958599e-006,-0.874
-2.958349e-006,-0.875667
-2.958099e-006,-0.875667
-2.957849e-006,-0.875667
-2.957599e-006,-0.874
-2.957349e-006,-0.875667
-2.957099e-006,-0.875667
-2.956849e-006,-0.875667
-2.956599e-006,-0.874
-2.956349e-006,-0.875667
-2.956099e-006,-0.875667
-2.955849e-006,-0.875667
-2.955599e-006,-0.874
-2.955349e-006,-0.875667
-2.955099e-006,-0.874
-2.954849e-006,-0.875667
-2.954599e-006,-0.874
-2.954349e-006,-0.875667
-2.954099e-006,-0.874
-2.953849e-006,-0.875667
-2.953599e-006,-0.874
-2.953349e-006,-0.875667
-2.953099e-006,-0.874
-2.952849e-006,-0.875667
-2.952599e-006,-0.874
-2.952349e-006,-0.875667
-2.952099e-006,-0.874
-2.951849e-006,-0.875667
-2.951599e-006,-0.874
-2.951349e-006,-0.875667
-2.951099e-006,-0.875667
-2.950849e-006,-0.874
-2.950599e-006,-0.874
-2.950349e-006,-0.875667
-2.950099e-006,-0.874
-2.949849e-006,-0.874
-2.949599e-006,-0.874
-2.949349e-006,-0.875667
-2.949099e-006,-0.874
-2.948849e-006,-0.874
-2.948599e-006,-0.874
-2.948349e-006,-0.875667
-2.948099e-006,-0.875667
-2.947849e-006,-0.874
-2.947599e-006,-0.874
-2.947349e-006,-0.875667
-2.947099e-006,-0.875667
-2.946849e-006,-0.874
-2.946599e-006,-0.874
-2.946349e-006,-0.875667
-2.946099e-006,-0.875667
-2.945849e-006,-0.874
-2.945599e-006,-0.874
-2.945349e-006,-0.875667
-2.945099e-006,-0.875667
-2.944849e-006,-0.874
-2.944599e-006,-0.874
-2.944349e-006,-0.875667
-2.944099e-006,-0.874
-2.943849e-006,-0.874
-2.943599e-006,-0.874
-2.943349e-006,-0.875667
-2.943099e-006,-0.875667
-2.942849e-006,-0.874
-2.942599e-006,-0.874
-2.942349e-006,-0.874
-2.942099e-006,-0.875667
-2.941849e-006,-0.874
-2.941599e-006,-0.874
-2.941349e-006,-0.875667
-2.941099e-006,-0.875667
-2.940849e-006,-0.874
-2.940599e-006,-0.874
-2.940349e-006,-0.875667
-2.940099e-006,-0.875667
-2.939849e-006,-0.874
-2.939599e-006,-0.874
-2.939349e-006,-0.875667
-2.939099e-006,-0.875667
-2.938849e-006,-0.874
-2.938599e-006,-0.874
-2.938349e-006,-0.875667
-2.938099e-006,-0.874
-2.937849e-006,-0.874
-2.937599e-006,-0.874
-2.937349e-006,-0.875667
-2.937099e-006,-0.874
-2.936849e-006,-0.874
-2.936599e-006,-0.874
-2.936349e-006,-0.875667
-2.936099e-006,-0.874
-2.935849e-006,-0.874
-2.935599e-006,-0.874
-2.935349e-006,-0.874
-2.935099e-006,-0.874
-2.934849e-006,-0.874
-2.934599e-006,-0.874
-2.934349e-006,-0.874
-2.934099e-006,-0.874
-2.933849e-006,-0.874
-2.933599e-006,-0.874
-2.933349e-006,-0.874
-2.933099e-006,-0.874
-2.932849e-006,-0.874
-2.932599e-006,-0.874
-2.932349e-006,-0.875667
-2.932099e-006,-0.875667
-2.931849e-006,-0.874
-2.931599e-006,-0.874
-2.931349e-006,-0.875667
-2.931099e-006,-0.875667
-2.930849e-006,-0.874
-2.930599e-006,-0.874
-2.930349e-006,-0.875667
-2.930099e-006,-0.875667
-2.929849e-006,-0.874
-2.929599e-006,-0.874
-2.929349e-006,-0.875667
-2.929099e-006,-0.875667
-2.928849e-006,-0.874
-2.928599e-006,-0.874
-2.928349e-006,-0.875667
-2.928099e-006,-0.875667
-2.927849e-006,-0.874
-2.927599e-006,-0.874
-2.927349e-006,-0.875667
-2.927099e-006,-0.875667
-2.926849e-006,-0.874
-2.926599e-006,-0.874
-2.926349e-006,-0.875667
-2.926099e-006,-0.875667
-2.925849e-006,-0.874
-2.925599e-006,-0.874
-2.925349e-006,-0.875667
-2.925099e-006,-0.875667
-2.924849e-006,-0.874
-2.924599e-006,-0.874
-2.924349e-006,-0.875667
-2.924099e-006,-0.875667
-2.923849e-006,-0.874
-2.923599e-006,-0.874
-2.923349e-006,-0.874
-2.923099e-006,-0.875667
-2.922849e-006,-0.874
-2.922599e-006,-0.874
-2.922349e-006,-0.874
-2.922099e-006,-0.875667
-2.921849e-006,-0.874
-2.921599e-006,-0.874
-2.921349e-006,-0.874
-2.921099e-006,-0.875667
-2.920849e-006,-0.874
-2.920599e-006,-0.874
-2.920349e-006,-0.875667
-2.920099e-006,-0.875667
-2.919849e-006,-0.874
-2.919599e-006,-0.874
-2.919349e-006,-0.875667
-2.919099e-006,-0.875667
-2.918849e-006,-0.874
-2.918599e-006,-0.874
-2.918349e-006,-0.875667
-2.918099e-006,-0.875667
-2.917849e-006,-0.874
-2.917599e-006,-0.874
-2.917349e-006,-0.875667
-2.917099e-006,-0.875667
-2.916849e-006,-0.874
-2.916599e-006,-0.874
-2.916349e-006,-0.875667
-2.916099e-006,-0.875667
-2.915849e-006,-0.874
-2.915599e-006,-0.874
-2.915349e-006,-0.875667
-2.915099e-006,-0.875667
-2.914849e-006,-0.874
-2.914599e-006,-0.874
-2.914349e-006,-0.875667
-2.914099e-006,-0.875667
-2.913849e-006,-0.874
-2.913599e-006,-0.874
-2.913349e-006,-0.875667
-2.913099e-006,-0.875667
-2.912849e-006,-0.874
-2.912599e-006,-0.874
-2.912349e-006,-0.875667
-2.912099e-006,-0.875667
-2.911849e-006,-0.874
-2.911599e-006,-0.874
-2.911349e-006,-0.875667
-2.911099e-006,-0.875667
-2.910849e-006,-0.874
-2.910599e-006,-0.874
-2.910349e-006,-0.875667
-2.910099e-006,-0.875667
-2.909849e-006,-0.874
-2.909599e-006,-0.874
-2.909349e-006,-0.875667
-2.909099e-006,-0.875667
-2.908849e-006,-0.874
-2.908599e-006,-0.874
-2.908349e-006,-0.875667
-2.908099e-006,-0.874
-2.907849e-006,-0.874
-2.907599e-006,-0.874
-2.907349e-006,-0.875667
-2.907099e-006,-0.874
-2.906849e-006,-0.874
-2.906599e-006,-0.874
-2.906349e-006,-0.875667
-2.906099e-006,-0.874
-2.905849e-006,-0.874
-2.905599e-006,-0.874
-2.905349e-006,-0.875667
-2.905099e-006,-0.874
-2.904849e-006,-0.874
-2.904599e-006,-0.874
-2.904349e-006,-0.875667
-2.904099e-006,-0.874
-2.903849e-006,-0.874
-2.903599e-006,-0.874
-2.903349e-006,-0.875667
-2.903099e-006,-0.874
-2.902849e-006,-0.874
-2.902599e-006,-0.874
-2.902349e-006,-0.875667
-2.902099e-006,-0.875667
-2.901849e-006,-0.874
-2.901599e-006,-0.874
-2.901349e-006,-0.875667
-2.901099e-006,-0.875667
-2.900849e-006,-0.874
-2.900599e-006,-0.874
-2.900349e-006,-0.875667
-2.900099e-006,-0.875667
-2.899849e-006,-0.874
-2.899599e-006,-0.874
-2.899349e-006,-0.875667
-2.899099e-006,-0.874
-2.898849e-006,-0.874
-2.898599e-006,-0.874
-2.898349e-006,-0.875667
-2.898099e-006,-0.875667
-2.897849e-006,-0.874
-2.897599e-006,-0.874
-2.897349e-006,-0.875667
-2.897099e-006,-0.875667
-2.896849e-006,-0.874
-2.896599e-006,-0.874
-2.896349e-006,-0.874
-2.896099e-006,-0.874
-2.895849e-006,-0.874
-2.895599e-006,-0.874
-2.895349e-006,-0.874
-2.895099e-006,-0.874
-2.894849e-006,-0.874
-2.894599e-006,-0.874
-2.894349e-006,-0.875667
-2.894099e-006,-0.874
-2.893849e-006,-0.874
-2.893599e-006,-0.874
-2.893349e-006,-0.875667
-2.893099e-006,-0.874
-2.892849e-006,-0.874
-2.892599e-006,-0.874
-2.892349e-006,-0.875667
-2.892099e-006,-0.874
-2.891849e-006,-0.874
-2.891599e-006,-0.874
-2.891349e-006,-0.875667
-2.891099e-006,-0.875667
-2.890849e-006,-0.874
-2.890599e-006,-0.874
-2.890349e-006,-0.875667
-2.890099e-006,-0.875667
-2.889849e-006,-0.874
-2.889599e-006,-0.874
-2.889349e-006,-0.875667
-2.889099e-006,-0.875667
-2.888849e-006,-0.874
-2.888599e-006,-0.874
-2.888349e-006,-0.875667
-2.888099e-006,-0.875667
-2.887849e-006,-0.874
-2.887599e-006,-0.874
-2.887349e-006,-0.874
-2.887099e-006,-0.875667
-2.886849e-006,-0.874
-2.886599e-006,-0.874
-2.886349e-006,-0.874
-2.886099e-006,-0.875667
-2.885849e-006,-0.874
-2.885599e-006,-0.874
-2.885349e-006,-0.874
-2.885099e-006,-0.875667
-2.884849e-006,-0.874
-2.884599e-006,-0.874
-2.884349e-006,-0.874
-2.884099e-006,-0.875667
-2.883849e-006,-0.874
-2.883599e-006,-0.874
-2.883349e-006,-0.874
-2.883099e-006,-0.875667
-2.882849e-006,-0.874
-2.882599e-006,-0.874
-2.882349e-006,-0.874
-2.882099e-006,-0.875667
-2.881849e-006,-0.874
-2.881599e-006,-0.874
-2.881349e-006,-0.875667
-2.881099e-006,-0.875667
-2.880849e-006,-0.874
-2.880599e-006,-0.874
-2.880349e-006,-0.875667
-2.880099e-006,-0.875667
-2.879849e-006,-0.874
-2.879599e-006,-0.874
-2.879349e-006,-0.875667
-2.879099e-006,-0.875667
-2.878849e-006,-0.874
-2.878599e-006,-0.874
-2.878349e-006,-0.875667
-2.878099e-006,-0.875667
-2.877849e-006,-0.874
-2.877599e-006,-0.874
-2.877349e-006,-0.875667
-2.877099e-006,-0.875667
-2.876849e-006,-0.874
-2.876599e-006,-0.874
-2.876349e-006,-0.875667
-2.876099e-006,-0.875667
-2.875849e-006,-0.874
-2.875599e-006,-0.874
-2.875349e-006,-0.875667
-2.875099e-006,-0.875667
-2.874849e-006,-0.874
-2.874599e-006,-0.874
-2.874349e-006,-0.875667
-2.874099e-006,-0.875667
-2.873849e-006,-0.874
-2.873599e-006,-0.874
-2.873349e-006,-0.875667
-2.873099e-006,-0.875667
-2.872849e-006,-0.874
-2.872599e-006,-0.874
-2.872349e-006,-0.875667
-2.872099e-006,-0.875667
-2.871849e-006,-0.874
-2.871599e-006,-0.874
-2.871349e-006,-0.875667
-2.871099e-006,-0.875667
-2.870849e-006,-0.874
-2.870599e-006,-0.874
-2.870349e-006,-0.874
-2.870099e-006,-0.875667
-2.869849e-006,-0.874
-2.869599e-006,-0.874
-2.869349e-006,-0.874
-2.869099e-006,-0.875667
-2.868849e-006,-0.874
-2.868599e-006,-0.874
-2.868349e-006,-0.875667
-2.868099e-006,-0.875667
-2.867849e-006,-0.874
-2.867599e-006,-0.874
-2.867349e-006,-0.875667
-2.867099e-006,-0.875667
-2.866849e-006,-0.874
-2.866599e-006,-0.874
-2.866349e-006,-0.875667
-2.866099e-006,-0.875667
-2.865849e-006,-0.874
-2.865599e-006,-0.874
-2.865349e-006,-0.875667
-2.865099e-006,-0.875667
-2.864849e-006,-0.874
-2.864599e-006,-0.874
-2.864349e-006,-0.875667
-2.864099e-006,-0.875667
-2.863849e-006,-0.874
-2.863599e-006,-0.874
-2.863349e-006,-0.875667
-2.863099e-006,-0.875667
-2.862849e-006,-0.874
-2.862599e-006,-0.874
-2.862349e-006,-0.875667
-2.862099e-006,-0.875667
-2.861849e-006,-0.874
-2.861599e-006,-0.874
-2.861349e-006,-0.875667
-2.861099e-006,-0.875667
-2.860849e-006,-0.874
-2.860599e-006,-0.874
-2.860349e-006,-0.875667
-2.860099e-006,-0.875667
-2.859849e-006,-0.874
-2.859599e-006,-0.874
-2.859349e-006,-0.875667
-2.859099e-006,-0.875667
-2.858849e-006,-0.874
-2.858599e-006,-0.874
-2.858349e-006,-0.875667
-2.858099e-006,-0.875667
-2.857849e-006,-0.874
-2.857599e-006,-0.874
-2.857349e-006,-0.875667
-2.857099e-006,-0.874
-2.856849e-006,-0.874
-2.856599e-006,-0.874
-2.856349e-006,-0.875667
-2.856099e-006,-0.875667
-2.855849e-006,-0.874
-2.855599e-006,-0.874
-2.855349e-006,-0.875667
-2.855099e-006,-0.875667
-2.854849e-006,-0.874
-2.854599e-006,-0.874
-2.854349e-006,-0.875667
-2.854099e-006,-0.874
-2.853849e-006,-0.874
-2.853599e-006,-0.874
-2.853349e-006,-0.875667
-2.853099e-006,-0.875667
-2.852849e-006,-0.874
-2.852599e-006,-0.874
-2.852349e-006,-0.875667
-2.852099e-006,-0.875667
-2.851849e-006,-0.874
-2.851599e-006,-0.874
-2.851349e-006,-0.875667
-2.851099e-006,-0.875667
-2.850849e-006,-0.874
-2.850599e-006,-0.874
-2.850349e-006,-0.875667
-2.850099e-006,-0.875667
-2.849849e-006,-0.874
-2.849599e-006,-0.874
-2.849349e-006,-0.875667
-2.849099e-006,-0.875667
-2.848849e-006,-0.874
-2.848599e-006,-0.874
-2.848349e-006,-0.875667
-2.848099e-006,-0.875667
-2.847849e-006,-0.874
-2.847599e-006,-0.874
-2.847349e-006,-0.875667
-2.847099e-006,-0.875667
-2.846849e-006,-0.874
-2.846599e-006,-0.874
-2.846349e-006,-0.875667
-2.846099e-006,-0.875667
-2.845849e-006,-0.874
-2.845599e-006,-0.874
-2.845349e-006,-0.875667
-2.845099e-006,-0.875667
-2.844849e-006,-0.874
-2.844599e-006,-0.874
-2.844349e-006,-0.875667
-2.844099e-006,-0.875667
-2.843849e-006,-0.874
-2.843599e-006,-0.874
-2.843349e-006,-0.875667
-2.843099e-006,-0.875667
-2.842849e-006,-0.874
-2.842599e-006,-0.874
-2.842349e-006,-0.875667
-2.842099e-006,-0.875667
-2.841849e-006,-0.874
-2.841599e-006,-0.874
-2.841349e-006,-0.875667
-2.841099e-006,-0.875667
-2.840849e-006,-0.874
-2.840599e-006,-0.874
-2.840349e-006,-0.875667
-2.840099e-006,-0.875667
-2.839849e-006,-0.874
-2.839599e-006,-0.874
-2.839349e-006,-0.875667
-2.839099e-006,-0.875667
-2.838849e-006,-0.874
-2.838599e-006,-0.874
-2.838349e-006,-0.875667
-2.838099e-006,-0.875667
-2.837849e-006,-0.874
-2.837599e-006,-0.874
-2.837349e-006,-0.875667
-2.837099e-006,-0.875667
-2.836849e-006,-0.874
-2.836599e-006,-0.874
-2.836349e-006,-0.875667
-2.836099e-006,-0.875667
-2.835849e-006,-0.874
-2.835599e-006,-0.874
-2.835349e-006,-0.875667
-2.835099e-006,-0.874
-2.834849e-006,-0.874
-2.834599e-006,-0.874
-2.834349e-006,-0.875667
-2.834099e-006,-0.875667
-2.833849e-006,-0.874
-2.833599e-006,-0.874
-2.833349e-006,-0.875667
-2.833099e-006,-0.875667
-2.832849e-006,-0.874
-2.832599e-006,-0.874
-2.832349e-006,-0.875667
-2.832099e-006,-0.874
-2.831849e-006,-0.874
-2.831599e-006,-0.874
-2.831349e-006,-0.875667
-2.831099e-006,-0.874
-2.830849e-006,-0.874
-2.830599e-006,-0.874
-2.830349e-006,-0.875667
-2.830099e-006,-0.875667
-2.829849e-006,-0.874
-2.829599e-006,-0.874
-2.829349e-006,-0.874
-2.829099e-006,-0.875667
-2.828849e-006,-0.874
-2.828599e-006,-0.874
-2.828349e-006,-0.874
-2.828099e-006,-0.875667
-2.827849e-006,-0.874
-2.827599e-006,-0.874
-2.827349e-006,-0.874
-2.827099e-006,-0.875667
-2.826849e-006,-0.874
-2.826599e-006,-0.874
-2.826349e-006,-0.875667
-2.826099e-006,-0.875667
-2.825849e-006,-0.874
-2.825599e-006,-0.874
-2.825349e-006,-0.875667
-2.825099e-006,-0.875667
-2.824849e-006,-0.874
-2.824599e-006,-0.874
-2.824349e-006,-0.874
-2.824099e-006,-0.875667
-2.823849e-006,-0.874
-2.823599e-006,-0.874
-2.823349e-006,-0.875667
-2.823099e-006,-0.875667
-2.822849e-006,-0.874
-2.822599e-006,-0.874
-2.822349e-006,-0.875667
-2.822099e-006,-0.875667
-2.821849e-006,-0.874
-2.821599e-006,-0.874
-2.821349e-006,-0.874
-2.821099e-006,-0.875667
-2.820849e-006,-0.874
-2.820599e-006,-0.874
-2.820349e-006,-0.874
-2.820099e-006,-0.875667
-2.819849e-006,-0.874
-2.819599e-006,-0.874
-2.819349e-006,-0.874
-2.819099e-006,-0.875667
-2.818849e-006,-0.874
-2.818599e-006,-0.874
-2.818349e-006,-0.875667
-2.818099e-006,-0.875667
-2.817849e-006,-0.874
-2.817599e-006,-0.874
-2.817349e-006,-0.875667
-2.817099e-006,-0.875667
-2.816849e-006,-0.874
-2.816599e-006,-0.874
-2.816349e-006,-0.875667
-2.816099e-006,-0.875667
-2.815849e-006,-0.874
-2.815599e-006,-0.874
-2.815349e-006,-0.875667
-2.815099e-006,-0.875667
-2.814849e-006,-0.874
-2.814599e-006,-0.874
-2.814349e-006,-0.875667
-2.814099e-006,-0.875667
-2.813849e-006,-0.874
-2.813599e-006,-0.874
-2.813349e-006,-0.875667
-2.813099e-006,-0.874
-2.812849e-006,-0.874
-2.812599e-006,-0.874
-2.812349e-006,-0.875667
-2.812099e-006,-0.874
-2.811849e-006,-0.874
-2.811599e-006,-0.874
-2.811349e-006,-0.875667
-2.811099e-006,-0.875667
-2.810849e-006,-0.874
-2.810599e-006,-0.874
-2.810349e-006,-0.875667
-2.810099e-006,-0.875667
-2.809849e-006,-0.874
-2.809599e-006,-0.874
-2.809349e-006,-0.875667
-2.809099e-006,-0.875667
-2.808849e-006,-0.874
-2.808599e-006,-0.874
-2.808349e-006,-0.875667
-2.808099e-006,-0.875667
-2.807849e-006,-0.874
-2.807599e-006,-0.874
-2.807349e-006,-0.875667
-2.807099e-006,-0.875667
-2.806849e-006,-0.874
-2.806599e-006,-0.874
-2.806349e-006,-0.875667
-2.806099e-006,-0.875667
-2.805849e-006,-0.874
-2.805599e-006,-0.874
-2.805349e-006,-0.875667
-2.805099e-006,-0.875667
-2.804849e-006,-0.874
-2.804599e-006,-0.874
-2.804349e-006,-0.875667
-2.804099e-006,-0.875667
-2.803849e-006,-0.874
-2.803599e-006,-0.874
-2.803349e-006,-0.875667
-2.803099e-006,-0.875667
-2.802849e-006,-0.874
-2.802599e-006,-0.874
-2.802349e-006,-0.875667
-2.802099e-006,-0.875667
-2.801849e-006,-0.874
-2.801599e-006,-0.874
-2.801349e-006,-0.874
-2.801099e-006,-0.875667
-2.800849e-006,-0.874
-2.800599e-006,-0.874
-2.800349e-006,-0.874
-2.800099e-006,-0.875667
-2.799849e-006,-0.874
-2.799599e-006,-0.874
-2.799349e-006,-0.874
-2.799099e-006,-0.875667
-2.798849e-006,-0.874
-2.798599e-006,-0.874
-2.798349e-006,-0.874
-2.798099e-006,-0.875667
-2.797849e-006,-0.874
-2.797599e-006,-0.874
-2.797349e-006,-0.874
-2.797099e-006,-0.875667
-2.796849e-006,-0.874
-2.796599e-006,-0.874
-2.796349e-006,-0.875667
-2.796099e-006,-0.875667
-2.795849e-006,-0.874
-2.795599e-006,-0.874
-2.795349e-006,-0.875667
-2.795099e-006,-0.875667
-2.794849e-006,-0.874
-2.794599e-006,-0.874
-2.794349e-006,-0.875667
-2.794099e-006,-0.875667
-2.793849e-006,-0.874
-2.793599e-006,-0.874
-2.793349e-006,-0.875667
-2.793099e-006,-0.875667
-2.792849e-006,-0.874
-2.792599e-006,-0.874
-2.792349e-006,-0.875667
-2.792099e-006,-0.875667
-2.791849e-006,-0.874
-2.791599e-006,-0.874
-2.791349e-006,-0.875667
-2.791099e-006,-0.875667
-2.790849e-006,-0.874
-2.790599e-006,-0.874
-2.790349e-006,-0.875667
-2.790099e-006,-0.875667
-2.789849e-006,-0.874
-2.789599e-006,-0.874
-2.789349e-006,-0.875667
-2.789099e-006,-0.875667
-2.788849e-006,-0.874
-2.788599e-006,-0.874
-2.788349e-006,-0.875667
-2.788099e-006,-0.875667
-2.787849e-006,-0.874
-2.787599e-006,-0.874
-2.787349e-006,-0.875667
-2.787099e-006,-0.875667
-2.786849e-006,-0.874
-2.786599e-006,-0.874
-2.786349e-006,-0.875667
-2.786099e-006,-0.875667
-2.785849e-006,-0.874
-2.785599e-006,-0.874
-2.785349e-006,-0.875667
-2.785099e-006,-0.875667
-2.784849e-006,-0.874
-2.784599e-006,-0.874
-2.784349e-006,-0.875667
-2.784099e-006,-0.875667
-2.783849e-006,-0.874
-2.783599e-006,-0.874
-2.783349e-006,-0.875667
-2.783099e-006,-0.875667
-2.782849e-006,-0.874
-2.782599e-006,-0.874
-2.782349e-006,-0.875667
-2.782099e-006,-0.875667
-2.781849e-006,-0.874
-2.781599e-006,-0.874
-2.781349e-006,-0.875667
-2.781099e-006,-0.875667
-2.780849e-006,-0.874
-2.780599e-006,-0.874
-2.780349e-006,-0.875667
-2.780099e-006,-0.875667
-2.779849e-006,-0.874
-2.779599e-006,-0.874
-2.779349e-006,-0.875667
-2.779099e-006,-0.875667
-2.778849e-006,-0.874
-2.778599e-006,-0.874
-2.778349e-006,-0.875667
-2.778099e-006,-0.875667
-2.777849e-006,-0.874
-2.777599e-006,-0.874
-2.777349e-006,-0.875667
-2.777099e-006,-0.875667
-2.776849e-006,-0.874
-2.776599e-006,-0.874
-2.776349e-006,-0.875667
-2.776099e-006,-0.875667
-2.775849e-006,-0.874
-2.775599e-006,-0.874
-2.775349e-006,-0.874
-2.775099e-006,-0.875667
-2.774849e-006,-0.874
-2.774599e-006,-0.874
-2.774349e-006,-0.875667
-2.774099e-006,-0.875667
-2.773849e-006,-0.874
-2.773599e-006,-0.874
-2.773349e-006,-0.875667
-2.773099e-006,-0.875667
-2.772849e-006,-0.874
-2.772599e-006,-0.874
-2.772349e-006,-0.875667
-2.772099e-006,-0.875667
-2.771849e-006,-0.874
-2.771599e-006,-0.874
-2.771349e-006,-0.875667
-2.771099e-006,-0.875667
-2.770849e-006,-0.874
-2.770599e-006,-0.874
-2.770349e-006,-0.875667
-2.770099e-006,-0.875667
-2.769849e-006,-0.874
-2.769599e-006,-0.874
-2.769349e-006,-0.875667
-2.769099e-006,-0.875667
-2.768849e-006,-0.874
-2.768599e-006,-0.874
-2.768349e-006,-0.875667
-2.768099e-006,-0.875667
-2.767849e-006,-0.874
-2.767599e-006,-0.874
-2.767349e-006,-0.875667
-2.767099e-006,-0.875667
-2.766849e-006,-0.874
-2.766599e-006,-0.874
-2.766349e-006,-0.875667
-2.766099e-006,-0.875667
-2.765849e-006,-0.874
-2.765599e-006,-0.874
-2.765349e-006,-0.875667
-2.765099e-006,-0.875667
-2.764849e-006,-0.874
-2.764599e-006,-0.874
-2.764349e-006,-0.875667
-2.764099e-006,-0.875667
-2.763849e-006,-0.874
-2.763599e-006,-0.874
-2.763349e-006,-0.874
-2.763099e-006,-0.875667
-2.762849e-006,-0.874
-2.762599e-006,-0.874
-2.762349e-006,-0.874
-2.762099e-006,-0.875667
-2.761849e-006,-0.874
-2.761599e-006,-0.874
-2.761349e-006,-0.874
-2.761099e-006,-0.875667
-2.760849e-006,-0.874
-2.760599e-006,-0.874
-2.760349e-006,-0.875667
-2.760099e-006,-0.875667
-2.759849e-006,-0.874
-2.759599e-006,-0.874
-2.759349e-006,-0.875667
-2.759099e-006,-0.875667
-2.758849e-006,-0.874
-2.758599e-006,-0.874
-2.758349e-006,-0.875667
-2.758099e-006,-0.875667
-2.757849e-006,-0.874
-2.757599e-006,-0.874
-2.757349e-006,-0.875667
-2.757099e-006,-0.875667
-2.756849e-006,-0.874
-2.756599e-006,-0.874
-2.756349e-006,-0.875667
-2.756099e-006,-0.875667
-2.755849e-006,-0.874
-2.755599e-006,-0.874
-2.755349e-006,-0.875667
-2.755099e-006,-0.875667
-2.754849e-006,-0.874
-2.754599e-006,-0.874
-2.754349e-006,-0.875667
-2.754099e-006,-0.875667
-2.753849e-006,-0.874
-2.753599e-006,-0.874
-2.753349e-006,-0.875667
-2.753099e-006,-0.875667
-2.752849e-006,-0.874
-2.752599e-006,-0.874
-2.752349e-006,-0.875667
-2.752099e-006,-0.875667
-2.751849e-006,-0.874
-2.751599e-006,-0.874
-2.751349e-006,-0.875667
-2.751099e-006,-0.875667
-2.750849e-006,-0.874
-2.750599e-006,-0.874
-2.750349e-006,-0.875667
-2.750099e-006,-0.875667
-2.749849e-006,-0.874
-2.749599e-006,-0.874
-2.749349e-006,-0.875667
-2.749099e-006,-0.875667
-2.748849e-006,-0.874
-2.748599e-006,-0.874
-2.748349e-006,-0.875667
-2.748099e-006,-0.875667
-2.747849e-006,-0.874
-2.747599e-006,-0.874
-2.747349e-006,-0.875667
-2.747099e-006,-0.875667
-2.746849e-006,-0.874
-2.746599e-006,-0.874
-2.746349e-006,-0.875667
-2.746099e-006,-0.875667
-2.745849e-006,-0.874
-2.745599e-006,-0.874
-2.745349e-006,-0.875667
-2.745099e-006,-0.875667
-2.744849e-006,-0.874
-2.744599e-006,-0.874
-2.744349e-006,-0.875667
-2.744099e-006,-0.874
-2.743849e-006,-0.874
-2.743599e-006,-0.874
-2.743349e-006,-0.875667
-2.743099e-006,-0.875667
-2.742849e-006,-0.874
-2.742599e-006,-0.874
-2.742349e-006,-0.875667
-2.742099e-006,-0.875667
-2.741849e-006,-0.874
-2.741599e-006,-0.874
-2.741349e-006,-0.875667
-2.741099e-006,-0.875667
-2.740849e-006,-0.874
-2.740599e-006,-0.874
-2.740349e-006,-0.875667
-2.740099e-006,-0.875667
-2.739849e-006,-0.874
-2.739599e-006,-0.874
-2.739349e-006,-0.875667
-2.739099e-006,-0.875667
-2.738849e-006,-0.874
-2.738599e-006,-0.874
-2.738349e-006,-0.875667
-2.738099e-006,-0.875667
-2.737849e-006,-0.874
-2.737599e-006,-0.874
-2.737349e-006,-0.875667
-2.737099e-006,-0.875667
-2.736849e-006,-0.874
-2.736599e-006,-0.874
-2.736349e-006,-0.875667
-2.736099e-006,-0.875667
-2.735849e-006,-0.874
-2.735599e-006,-0.874
-2.735349e-006,-0.875667
-2.735099e-006,-0.875667
-2.734849e-006,-0.874
-2.734599e-006,-0.874
-2.734349e-006,-0.875667
-2.734099e-006,-0.875667
-2.733849e-006,-0.874
-2.733599e-006,-0.874
-2.733349e-006,-0.875667
-2.733099e-006,-0.875667
-2.732849e-006,-0.874
-2.732599e-006,-0.874
-2.732349e-006,-0.875667
-2.732099e-006,-0.875667
-2.731849e-006,-0.874
-2.731599e-006,-0.874
-2.731349e-006,-0.875667
-2.731099e-006,-0.875667
-2.730849e-006,-0.874
-2.730599e-006,-0.874
-2.730349e-006,-0.875667
-2.730099e-006,-0.875667
-2.729849e-006,-0.874
-2.729599e-006,-0.874
-2.729349e-006,-0.875667
-2.729099e-006,-0.875667
-2.728849e-006,-0.874
-2.728599e-006,-0.874
-2.728349e-006,-0.875667
-2.728099e-006,-0.875667
-2.727849e-006,-0.874
-2.727599e-006,-0.874
-2.727349e-006,-0.875667
-2.727099e-006,-0.875667
-2.726849e-006,-0.874
-2.726599e-006,-0.874
-2.726349e-006,-0.875667
-2.726099e-006,-0.875667
-2.725849e-006,-0.874
-2.725599e-006,-0.874
-2.725349e-006,-0.875667
-2.725099e-006,-0.875667
-2.724849e-006,-0.874
-2.724599e-006,-0.874
-2.724349e-006,-0.875667
-2.724099e-006,-0.874
-2.723849e-006,-0.874
-2.723599e-006,-0.874
-2.723349e-006,-0.875667
-2.723099e-006,-0.874
-2.722849e-006,-0.874
-2.722599e-006,-0.874
-2.722349e-006,-0.874
-2.722099e-006,-0.874
-2.721849e-006,-0.874
-2.721599e-006,-0.874
-2.721349e-006,-0.874
-2.721099e-006,-0.874
-2.720849e-006,-0.874
-2.720599e-006,-0.874
-2.720349e-006,-0.874
-2.720099e-006,-0.874
-2.719849e-006,-0.874
-2.719599e-006,-0.874
-2.719349e-006,-0.875667
-2.719099e-006,-0.875667
-2.718849e-006,-0.874
-2.718599e-006,-0.874
-2.718349e-006,-0.875667
-2.718099e-006,-0.875667
-2.717849e-006,-0.874
-2.717599e-006,-0.874
-2.717349e-006,-0.875667
-2.717099e-006,-0.875667
-2.716849e-006,-0.874
-2.716599e-006,-0.874
-2.716349e-006,-0.875667
-2.716099e-006,-0.875667
-2.715849e-006,-0.874
-2.715599e-006,-0.874
-2.715349e-006,-0.875667
-2.715099e-006,-0.875667
-2.714849e-006,-0.874
-2.714599e-006,-0.874
-2.714349e-006,-0.875667
-2.714099e-006,-0.875667
-2.713849e-006,-0.874
-2.713599e-006,-0.874
-2.713349e-006,-0.875667
-2.713099e-006,-0.875667
-2.712849e-006,-0.874
-2.712599e-006,-0.874
-2.712349e-006,-0.875667
-2.712099e-006,-0.875667
-2.711849e-006,-0.874
-2.711599e-006,-0.874
-2.711349e-006,-0.875667
-2.711099e-006,-0.875667
-2.710849e-006,-0.874
-2.710599e-006,-0.874
-2.710349e-006,-0.875667
-2.710099e-006,-0.875667
-2.709849e-006,-0.874
-2.709599e-006,-0.874
-2.709349e-006,-0.875667
-2.709099e-006,-0.875667
-2.708849e-006,-0.874
-2.708599e-006,-0.874
-2.708349e-006,-0.875667
-2.708099e-006,-0.875667
-2.707849e-006,-0.874
-2.707599e-006,-0.874
-2.707349e-006,-0.875667
-2.707099e-006,-0.875667
-2.706849e-006,-0.874
-2.706599e-006,-0.874
-2.706349e-006,-0.875667
-2.706099e-006,-0.875667
-2.705849e-006,-0.874
-2.705599e-006,-0.874
-2.705349e-006,-0.875667
-2.705099e-006,-0.875667
-2.704849e-006,-0.874
-2.704599e-006,-0.874
-2.704349e-006,-0.875667
-2.704099e-006,-0.875667
-2.703849e-006,-0.874
-2.703599e-006,-0.874
-2.703349e-006,-0.875667
-2.703099e-006,-0.875667
-2.702849e-006,-0.874
-2.702599e-006,-0.874
-2.702349e-006,-0.875667
-2.702099e-006,-0.875667
-2.701849e-006,-0.874
-2.701599e-006,-0.874
-2.701349e-006,-0.875667
-2.701099e-006,-0.875667
-2.700849e-006,-0.874
-2.700599e-006,-0.874
-2.700349e-006,-0.875667
-2.700099e-006,-0.875667
-2.699849e-006,-0.874
-2.699599e-006,-0.874
-2.699349e-006,-0.875667
-2.699099e-006,-0.875667
-2.698849e-006,-0.874
-2.698599e-006,-0.874
-2.698349e-006,-0.875667
-2.698099e-006,-0.875667
-2.697849e-006,-0.874
-2.697599e-006,-0.874
-2.697349e-006,-0.875667
-2.697099e-006,-0.874
-2.696849e-006,-0.874
-2.696599e-006,-0.874
-2.696349e-006,-0.875667
-2.696099e-006,-0.874
-2.695849e-006,-0.874
-2.695599e-006,-0.874
-2.695349e-006,-0.874
-2.695099e-006,-0.874
-2.694849e-006,-0.874
-2.694599e-006,-0.874
-2.694349e-006,-0.875667
-2.694099e-006,-0.874
-2.693849e-006,-0.874
-2.693599e-006,-0.874
-2.693349e-006,-0.875667
-2.693099e-006,-0.874
-2.692849e-006,-0.874
-2.692599e-006,-0.874
-2.692349e-006,-0.875667
-2.692099e-006,-0.874
-2.691849e-006,-0.874
-2.691599e-006,-0.874
-2.691349e-006,-0.875667
-2.691099e-006,-0.874
-2.690849e-006,-0.874
-2.690599e-006,-0.874
-2.690349e-006,-0.875667
-2.690099e-006,-0.874
-2.689849e-006,-0.874
-2.689599e-006,-0.874
-2.689349e-006,-0.875667
-2.689099e-006,-0.874
-2.688849e-006,-0.874
-2.688599e-006,-0.874
-2.688349e-006,-0.875667
-2.688099e-006,-0.874
-2.687849e-006,-0.874
-2.687599e-006,-0.874
-2.687349e-006,-0.875667
-2.687099e-006,-0.874
-2.686849e-006,-0.874
-2.686599e-006,-0.874
-2.686349e-006,-0.875667
-2.686099e-006,-0.875667
-2.685849e-006,-0.874
-2.685599e-006,-0.874
-2.685349e-006,-0.875667
-2.685099e-006,-0.874
-2.684849e-006,-0.874
-2.684599e-006,-0.874
-2.684349e-006,-0.875667
-2.684099e-006,-0.874
-2.683849e-006,-0.874
-2.683599e-006,-0.874
-2.683349e-006,-0.875667
-2.683099e-006,-0.874
-2.682849e-006,-0.874
-2.682599e-006,-0.874
-2.682349e-006,-0.875667
-2.682099e-006,-0.874
-2.681849e-006,-0.874
-2.681599e-006,-0.874
-2.681349e-006,-0.875667
-2.681099e-006,-0.874
-2.680849e-006,-0.874
-2.680599e-006,-0.874
-2.680349e-006,-0.875667
-2.680099e-006,-0.875667
-2.679849e-006,-0.874
-2.679599e-006,-0.874
-2.679349e-006,-0.875667
-2.679099e-006,-0.875667
-2.678849e-006,-0.874
-2.678599e-006,-0.874
-2.678349e-006,-0.875667
-2.678099e-006,-0.875667
-2.677849e-006,-0.874
-2.677599e-006,-0.874
-2.677349e-006,-0.875667
-2.677099e-006,-0.875667
-2.676849e-006,-0.874
-2.676599e-006,-0.874
-2.676349e-006,-0.875667
-2.676099e-006,-0.875667
-2.675849e-006,-0.874
-2.675599e-006,-0.874
-2.675349e-006,-0.875667
-2.675099e-006,-0.875667
-2.674849e-006,-0.874
-2.674599e-006,-0.874
-2.674349e-006,-0.875667
-2.674099e-006,-0.875667
-2.673849e-006,-0.874
-2.673599e-006,-0.874
-2.673349e-006,-0.875667
-2.673099e-006,-0.875667
-2.672849e-006,-0.874
-2.672599e-006,-0.874
-2.672349e-006,-0.875667
-2.672099e-006,-0.875667
-2.671849e-006,-0.874
-2.671599e-006,-0.874
-2.671349e-006,-0.875667
-2.671099e-006,-0.875667
-2.670849e-006,-0.874
-2.670599e-006,-0.874
-2.670349e-006,-0.875667
-2.670099e-006,-0.875667
-2.669849e-006,-0.874
-2.669599e-006,-0.874
-2.669349e-006,-0.875667
-2.669099e-006,-0.875667
-2.668849e-006,-0.874
-2.668599e-006,-0.874
-2.668349e-006,-0.875667
-2.668099e-006,-0.875667
-2.667849e-006,-0.874
-2.667599e-006,-0.874
-2.667349e-006,-0.875667
-2.667099e-006,-0.875667
-2.666849e-006,-0.874
-2.666599e-006,-0.874
-2.666349e-006,-0.875667
-2.666099e-006,-0.874
-2.665849e-006,-0.874
-2.665599e-006,-0.874
-2.665349e-006,-0.875667
-2.665099e-006,-0.875667
-2.664849e-006,-0.874
-2.664599e-006,-0.874
-2.664349e-006,-0.875667
-2.664099e-006,-0.874
-2.663849e-006,-0.874
-2.663599e-006,-0.874
-2.663349e-006,-0.875667
-2.663099e-006,-0.875667
-2.662849e-006,-0.874
-2.662599e-006,-0.874
-2.662349e-006,-0.875667
-2.662099e-006,-0.875667
-2.661849e-006,-0.874
-2.661599e-006,-0.874
-2.661349e-006,-0.875667
-2.661099e-006,-0.875667
-2.660849e-006,-0.874
-2.660599e-006,-0.874
-2.660349e-006,-0.875667
-2.660099e-006,-0.875667
-2.659849e-006,-0.874
-2.659599e-006,-0.874
-2.659349e-006,-0.875667
-2.659099e-006,-0.875667
-2.658849e-006,-0.874
-2.658599e-006,-0.874
-2.658349e-006,-0.875667
-2.658099e-006,-0.875667
-2.657849e-006,-0.874
-2.657599e-006,-0.874
-2.657349e-006,-0.875667
-2.657099e-006,-0.875667
-2.656849e-006,-0.874
-2.656599e-006,-0.874
-2.656349e-006,-0.874
-2.656099e-006,-0.875667
-2.655849e-006,-0.874
-2.655599e-006,-0.874
-2.655349e-006,-0.874
-2.655099e-006,-0.875667
-2.654849e-006,-0.875667
-2.654599e-006,-0.874
-2.654349e-006,-0.875667
-2.654099e-006,-0.875667
-2.653849e-006,-0.874
-2.653599e-006,-0.874
-2.653349e-006,-0.875667
-2.653099e-006,-0.875667
-2.652849e-006,-0.874
-2.652599e-006,-0.874
-2.652349e-006,-0.875667
-2.652099e-006,-0.875667
-2.651849e-006,-0.874
-2.651599e-006,-0.874
-2.651349e-006,-0.875667
-2.651099e-006,-0.875667
-2.650849e-006,-0.874
-2.650599e-006,-0.874
-2.650349e-006,-0.875667
-2.650099e-006,-0.875667
-2.649849e-006,-0.874
-2.649599e-006,-0.874
-2.649349e-006,-0.875667
-2.649099e-006,-0.875667
-2.648849e-006,-0.874
-2.648599e-006,-0.874
-2.648349e-006,-0.875667
-2.648099e-006,-0.875667
-2.647849e-006,-0.874
-2.647599e-006,-0.874
-2.647349e-006,-0.875667
-2.647099e-006,-0.874
-2.646849e-006,-0.874
-2.646599e-006,-0.874
-2.646349e-006,-0.875667
-2.646099e-006,-0.874
-2.645849e-006,-0.874
-2.645599e-006,-0.874
-2.645349e-006,-0.875667
-2.645099e-006,-0.874
-2.644849e-006,-0.874
-2.644599e-006,-0.874
-2.644349e-006,-0.875667
-2.644099e-006,-0.875667
-2.643849e-006,-0.874
-2.643599e-006,-0.874
-2.643349e-006,-0.875667
-2.643099e-006,-0.875667
-2.642849e-006,-0.874
-2.642599e-006,-0.874
-2.642349e-006,-0.875667
-2.642099e-006,-0.875667
-2.641849e-006,-0.874
-2.641599e-006,-0.874
-2.641349e-006,-0.875667
-2.641099e-006,-0.875667
-2.640849e-006,-0.874
-2.640599e-006,-0.874
-2.640349e-006,-0.875667
-2.640099e-006,-0.875667
-2.639849e-006,-0.874
-2.639599e-006,-0.874
-2.639349e-006,-0.875667
-2.639099e-006,-0.875667
-2.638849e-006,-0.874
-2.638599e-006,-0.872333
-2.638349e-006,-0.875667
-2.638099e-006,-0.875667
-2.637849e-006,-0.874
-2.637599e-006,-0.872333
-2.637349e-006,-0.874
-2.637099e-006,-0.875667
-2.636849e-006,-0.874
-2.636599e-006,-0.874
-2.636349e-006,-0.874
-2.636099e-006,-0.875667
-2.635849e-006,-0.874
-2.635599e-006,-0.874
-2.635349e-006,-0.874
-2.635099e-006,-0.875667
-2.634849e-006,-0.874
-2.634599e-006,-0.874
-2.634349e-006,-0.875667
-2.634099e-006,-0.875667
-2.633849e-006,-0.874
-2.633599e-006,-0.874
-2.633349e-006,-0.875667
-2.633099e-006,-0.875667
-2.632849e-006,-0.874
-2.632599e-006,-0.874
-2.632349e-006,-0.875667
-2.632099e-006,-0.875667
-2.631849e-006,-0.874
-2.631599e-006,-0.874
-2.631349e-006,-0.875667
-2.631099e-006,-0.875667
-2.630849e-006,-0.874
-2.630599e-006,-0.874
-2.630349e-006,-0.875667
-2.630099e-006,-0.875667
-2.629849e-006,-0.874
-2.629599e-006,-0.874
-2.629349e-006,-0.875667
-2.629099e-006,-0.875667
-2.628849e-006,-0.874
-2.628599e-006,-0.874
-2.628349e-006,-0.875667
-2.628099e-006,-0.875667
-2.627849e-006,-0.874
-2.627599e-006,-0.874
-2.627349e-006,-0.874
-2.627099e-006,-0.875667
-2.626849e-006,-0.874
-2.626599e-006,-0.874
-2.626349e-006,-0.874
-2.626099e-006,-0.875667
-2.625849e-006,-0.874
-2.625599e-006,-0.874
-2.625349e-006,-0.875667
-2.625099e-006,-0.875667
-2.624849e-006,-0.874
-2.624599e-006,-0.874
-2.624349e-006,-0.874
-2.624099e-006,-0.875667
-2.623849e-006,-0.874
-2.623599e-006,-0.874
-2.623349e-006,-0.874
-2.623099e-006,-0.875667
-2.622849e-006,-0.874
-2.622599e-006,-0.874
-2.622349e-006,-0.874
-2.622099e-006,-0.875667
-2.621849e-006,-0.874
-2.621599e-006,-0.874
-2.621349e-006,-0.874
-2.621099e-006,-0.875667
-2.620849e-006,-0.874
-2.620599e-006,-0.874
-2.620349e-006,-0.874
-2.620099e-006,-0.875667
-2.619849e-006,-0.874
-2.619599e-006,-0.874
-2.619349e-006,-0.874
-2.619099e-006,-0.875667
-2.618849e-006,-0.874
-2.618599e-006,-0.874
-2.618349e-006,-0.874
-2.618099e-006,-0.875667
-2.617849e-006,-0.874
-2.617599e-006,-0.874
-2.617349e-006,-0.874
-2.617099e-006,-0.875667
-2.616849e-006,-0.874
-2.616599e-006,-0.874
-2.616349e-006,-0.874
-2.616099e-006,-0.875667
-2.615849e-006,-0.874
-2.615599e-006,-0.874
-2.615349e-006,-0.874
-2.615099e-006,-0.875667
-2.614849e-006,-0.874
-2.614599e-006,-0.874
-2.614349e-006,-0.874
-2.614099e-006,-0.875667
-2.613849e-006,-0.874
-2.613599e-006,-0.874
-2.613349e-006,-0.874
-2.613099e-006,-0.875667
-2.612849e-006,-0.874
-2.612599e-006,-0.874
-2.612349e-006,-0.874
-2.612099e-006,-0.875667
-2.611849e-006,-0.874
-2.611599e-006,-0.874
-2.611349e-006,-0.874
-2.611099e-006,-0.875667
-2.610849e-006,-0.874
-2.610599e-006,-0.874
-2.610349e-006,-0.874
-2.610099e-006,-0.875667
-2.609849e-006,-0.874
-2.609599e-006,-0.874
-2.609349e-006,-0.874
-2.609099e-006,-0.875667
-2.608849e-006,-0.874
-2.608599e-006,-0.874
-2.608349e-006,-0.874
-2.608099e-006,-0.875667
-2.607849e-006,-0.874
-2.607599e-006,-0.874
-2.607349e-006,-0.874
-2.607099e-006,-0.875667
-2.606849e-006,-0.874
-2.606599e-006,-0.874
-2.606349e-006,-0.874
-2.606099e-006,-0.875667
-2.605849e-006,-0.874
-2.605599e-006,-0.874
-2.605349e-006,-0.874
-2.605099e-006,-0.875667
-2.604849e-006,-0.874
-2.604599e-006,-0.874
-2.604349e-006,-0.874
-2.604099e-006,-0.874
-2.603849e-006,-0.874
-2.603599e-006,-0.874
-2.603349e-006,-0.874
-2.603099e-006,-0.874
-2.602849e-006,-0.874
-2.602599e-006,-0.874
-2.602349e-006,-0.874
-2.602099e-006,-0.874
-2.601849e-006,-0.874
-2.601599e-006,-0.874
-2.601349e-006,-0.874
-2.601099e-006,-0.874
-2.600849e-006,-0.874
-2.600599e-006,-0.874
-2.600349e-006,-0.874
-2.600099e-006,-0.875667
-2.599849e-006,-0.874
-2.599599e-006,-0.874
-2.599349e-006,-0.874
-2.599099e-006,-0.875667
-2.598849e-006,-0.874
-2.598599e-006,-0.874
-2.598349e-006,-0.874
-2.598099e-006,-0.875667
-2.597849e-006,-0.874
-2.597599e-006,-0.874
-2.597349e-006,-0.874
-2.597099e-006,-0.875667
-2.596849e-006,-0.874
-2.596599e-006,-0.874
-2.596349e-006,-0.874
-2.596099e-006,-0.875667
-2.595849e-006,-0.874
-2.595599e-006,-0.874
-2.595349e-006,-0.874
-2.595099e-006,-0.875667
-2.594849e-006,-0.874
-2.594599e-006,-0.874
-2.594349e-006,-0.874
-2.594099e-006,-0.874
-2.593849e-006,-0.874
-2.593599e-006,-0.874
-2.593349e-006,-0.874
-2.593099e-006,-0.874
-2.592849e-006,-0.874
-2.592599e-006,-0.874
-2.592349e-006,-0.874
-2.592099e-006,-0.874
-2.591849e-006,-0.874
-2.591599e-006,-0.874
-2.591349e-006,-0.874
-2.591099e-006,-0.874
-2.590849e-006,-0.874
-2.590599e-006,-0.874
-2.590349e-006,-0.875667
-2.590099e-006,-0.874
-2.589849e-006,-0.874
-2.589599e-006,-0.874
-2.589349e-006,-0.875667
-2.589099e-006,-0.874
-2.588849e-006,-0.874
-2.588599e-006,-0.874
-2.588349e-006,-0.874
-2.588099e-006,-0.874
-2.587849e-006,-0.874
-2.587599e-006,-0.874
-2.587349e-006,-0.874
-2.587099e-006,-0.874
-2.586849e-006,-0.874
-2.586599e-006,-0.874
-2.586349e-006,-0.874
-2.586099e-006,-0.874
-2.585849e-006,-0.874
-2.585599e-006,-0.874
-2.585349e-006,-0.874
-2.585099e-006,-0.874
-2.584849e-006,-0.874
-2.584599e-006,-0.874
-2.584349e-006,-0.874
-2.584099e-006,-0.874
-2.583849e-006,-0.874
-2.583599e-006,-0.874
-2.583349e-006,-0.874
-2.583099e-006,-0.874
-2.582849e-006,-0.874
-2.582599e-006,-0.874
-2.582349e-006,-0.874
-2.582099e-006,-0.875667
-2.581849e-006,-0.874
-2.581599e-006,-0.874
-2.581349e-006,-0.875667
-2.581099e-006,-0.874
-2.580849e-006,-0.874
-2.580599e-006,-0.874
-2.580349e-006,-0.875667
-2.580099e-006,-0.875667
-2.579849e-006,-0.874
-2.579599e-006,-0.874
-2.579349e-006,-0.875667
-2.579099e-006,-0.875667
-2.578849e-006,-0.874
-2.578599e-006,-0.874
-2.578349e-006,-0.875667
-2.578099e-006,-0.875667
-2.577849e-006,-0.874
-2.577599e-006,-0.874
-2.577349e-006,-0.875667
-2.577099e-006,-0.875667
-2.576849e-006,-0.874
-2.576599e-006,-0.874
-2.576349e-006,-0.875667
-2.576099e-006,-0.875667
-2.575849e-006,-0.874
-2.575599e-006,-0.874
-2.575349e-006,-0.875667
-2.575099e-006,-0.875667
-2.574849e-006,-0.874
-2.574599e-006,-0.874
-2.574349e-006,-0.875667
-2.574099e-006,-0.874
-2.573849e-006,-0.874
-2.573599e-006,-0.874
-2.573349e-006,-0.875667
-2.573099e-006,-0.875667
-2.572849e-006,-0.874
-2.572599e-006,-0.874
-2.572349e-006,-0.875667
-2.572099e-006,-0.875667
-2.571849e-006,-0.874
-2.571599e-006,-0.874
-2.571349e-006,-0.875667
-2.571099e-006,-0.875667
-2.570849e-006,-0.874
-2.570599e-006,-0.874
-2.570349e-006,-0.875667
-2.570099e-006,-0.875667
-2.569849e-006,-0.874
-2.569599e-006,-0.874
-2.569349e-006,-0.875667
-2.569099e-006,-0.875667
-2.568849e-006,-0.874
-2.568599e-006,-0.874
-2.568349e-006,-0.875667
-2.568099e-006,-0.875667
-2.567849e-006,-0.874
-2.567599e-006,-0.874
-2.567349e-006,-0.875667
-2.567099e-006,-0.875667
-2.566849e-006,-0.874
-2.566599e-006,-0.874
-2.566349e-006,-0.875667
-2.566099e-006,-0.875667
-2.565849e-006,-0.874
-2.565599e-006,-0.874
-2.565349e-006,-0.875667
-2.565099e-006,-0.875667
-2.564849e-006,-0.874
-2.564599e-006,-0.874
-2.564349e-006,-0.875667
-2.564099e-006,-0.875667
-2.563849e-006,-0.874
-2.563599e-006,-0.874
-2.563349e-006,-0.875667
-2.563099e-006,-0.875667
-2.562849e-006,-0.874
-2.562599e-006,-0.874
-2.562349e-006,-0.875667
-2.562099e-006,-0.875667
-2.561849e-006,-0.874
-2.561599e-006,-0.874
-2.561349e-006,-0.874
-2.561099e-006,-0.875667
-2.560849e-006,-0.874
-2.560599e-006,-0.874
-2.560349e-006,-0.875667
-2.560099e-006,-0.875667
-2.559849e-006,-0.874
-2.559599e-006,-0.874
-2.559349e-006,-0.875667
-2.559099e-006,-0.874
-2.558849e-006,-0.874
-2.558599e-006,-0.874
-2.558349e-006,-0.875667
-2.558099e-006,-0.874
-2.557849e-006,-0.874
-2.557599e-006,-0.874
-2.557349e-006,-0.875667
-2.557099e-006,-0.875667
-2.556849e-006,-0.874
-2.556599e-006,-0.874
-2.556349e-006,-0.875667
-2.556099e-006,-0.875667
-2.555849e-006,-0.874
-2.555599e-006,-0.874
-2.555349e-006,-0.874
-2.555099e-006,-0.875667
-2.554849e-006,-0.874
-2.554599e-006,-0.874
-2.554349e-006,-0.874
-2.554099e-006,-0.875667
-2.553849e-006,-0.874
-2.553599e-006,-0.874
-2.553349e-006,-0.874
-2.553099e-006,-0.875667
-2.552849e-006,-0.874
-2.552599e-006,-0.874
-2.552349e-006,-0.874
-2.552099e-006,-0.874
-2.551849e-006,-0.874
-2.551599e-006,-0.874
-2.551349e-006,-0.874
-2.551099e-006,-0.875667
-2.550849e-006,-0.874
-2.550599e-006,-0.874
-2.550349e-006,-0.874
-2.550099e-006,-0.875667
-2.549849e-006,-0.874
-2.549599e-006,-0.874
-2.549349e-006,-0.874
-2.549099e-006,-0.875667
-2.548849e-006,-0.874
-2.548599e-006,-0.874
-2.548349e-006,-0.874
-2.548099e-006,-0.875667
-2.547849e-006,-0.874
-2.547599e-006,-0.874
-2.547349e-006,-0.875667
-2.547099e-006,-0.875667
-2.546849e-006,-0.874
-2.546599e-006,-0.874
-2.546349e-006,-0.875667
-2.546099e-006,-0.875667
-2.545849e-006,-0.874
-2.545599e-006,-0.874
-2.545349e-006,-0.875667
-2.545099e-006,-0.875667
-2.544849e-006,-0.874
-2.544599e-006,-0.874
-2.544349e-006,-0.874
-2.544099e-006,-0.875667
-2.543849e-006,-0.874
-2.543599e-006,-0.874
-2.543349e-006,-0.874
-2.543099e-006,-0.875667
-2.542849e-006,-0.874
-2.542599e-006,-0.874
-2.542349e-006,-0.874
-2.542099e-006,-0.875667
-2.541849e-006,-0.874
-2.541599e-006,-0.874
-2.541349e-006,-0.874
-2.541099e-006,-0.874
-2.540849e-006,-0.874
-2.540599e-006,-0.874
-2.540349e-006,-0.874
-2.540099e-006,-0.874
-2.539849e-006,-0.874
-2.539599e-006,-0.874
-2.539349e-006,-0.874
-2.539099e-006,-0.874
-2.538849e-006,-0.874
-2.538599e-006,-0.874
-2.538349e-006,-0.874
-2.538099e-006,-0.874
-2.537849e-006,-0.874
-2.537599e-006,-0.874
-2.537349e-006,-0.875667
-2.537099e-006,-0.875667
-2.536849e-006,-0.874
-2.536599e-006,-0.874
-2.536349e-006,-0.875667
-2.536099e-006,-0.875667
-2.535849e-006,-0.874
-2.535599e-006,-0.874
-2.535349e-006,-0.875667
-2.535099e-006,-0.875667
-2.534849e-006,-0.874
-2.534599e-006,-0.874
-2.534349e-006,-0.875667
-2.534099e-006,-0.874
-2.533849e-006,-0.874
-2.533599e-006,-0.874
-2.533349e-006,-0.875667
-2.533099e-006,-0.875667
-2.532849e-006,-0.874
-2.532599e-006,-0.874
-2.532349e-006,-0.875667
-2.532099e-006,-0.875667
-2.531849e-006,-0.874
-2.531599e-006,-0.874
-2.531349e-006,-0.875667
-2.531099e-006,-0.875667
-2.530849e-006,-0.874
-2.530599e-006,-0.874
-2.530349e-006,-0.875667
-2.530099e-006,-0.875667
-2.529849e-006,-0.874
-2.529599e-006,-0.874
-2.529349e-006,-0.875667
-2.529099e-006,-0.875667
-2.528849e-006,-0.874
-2.528599e-006,-0.874
-2.528349e-006,-0.875667
-2.528099e-006,-0.875667
-2.527849e-006,-0.874
-2.527599e-006,-0.874
-2.527349e-006,-0.875667
-2.527099e-006,-0.875667
-2.526849e-006,-0.874
-2.526599e-006,-0.874
-2.526349e-006,-0.875667
-2.526099e-006,-0.875667
-2.525849e-006,-0.874
-2.525599e-006,-0.874
-2.525349e-006,-0.875667
-2.525099e-006,-0.875667
-2.524849e-006,-0.874
-2.524599e-006,-0.874
-2.524349e-006,-0.875667
-2.524099e-006,-0.875667
-2.523849e-006,-0.874
-2.523599e-006,-0.874
-2.523349e-006,-0.875667
-2.523099e-006,-0.875667
-2.522849e-006,-0.874
-2.522599e-006,-0.874
-2.522349e-006,-0.875667
-2.522099e-006,-0.875667
-2.521849e-006,-0.874
-2.521599e-006,-0.874
-2.521349e-006,-0.874
-2.521099e-006,-0.875667
-2.520849e-006,-0.874
-2.520599e-006,-0.874
-2.520349e-006,-0.874
-2.520099e-006,-0.875667
-2.519849e-006,-0.874
-2.519599e-006,-0.874
-2.519349e-006,-0.874
-2.519099e-006,-0.875667
-2.518849e-006,-0.874
-2.518599e-006,-0.874
-2.518349e-006,-0.874
-2.518099e-006,-0.875667
-2.517849e-006,-0.874
-2.517599e-006,-0.874
-2.517349e-006,-0.874
-2.517099e-006,-0.875667
-2.516849e-006,-0.874
-2.516599e-006,-0.874
-2.516349e-006,-0.874
-2.516099e-006,-0.874
-2.515849e-006,-0.874
-2.515599e-006,-0.874
-2.515349e-006,-0.875667
-2.515099e-006,-0.875667
-2.514849e-006,-0.874
-2.514599e-006,-0.874
-2.514349e-006,-0.875667
-2.514099e-006,-0.875667
-2.513849e-006,-0.874
-2.513599e-006,-0.874
-2.513349e-006,-0.875667
-2.513099e-006,-0.875667
-2.512849e-006,-0.874
-2.512599e-006,-0.874
-2.512349e-006,-0.875667
-2.512099e-006,-0.875667
-2.511849e-006,-0.874
-2.511599e-006,-0.874
-2.511349e-006,-0.875667
-2.511099e-006,-0.875667
-2.510849e-006,-0.874
-2.510599e-006,-0.874
-2.510349e-006,-0.875667
-2.510099e-006,-0.875667
-2.509849e-006,-0.874
-2.509599e-006,-0.874
-2.509349e-006,-0.875667
-2.509099e-006,-0.875667
-2.508849e-006,-0.874
-2.508599e-006,-0.874
-2.508349e-006,-0.875667
-2.508099e-006,-0.875667
-2.507849e-006,-0.874
-2.507599e-006,-0.874
-2.507349e-006,-0.875667
-2.507099e-006,-0.875667
-2.506849e-006,-0.874
-2.506599e-006,-0.874
-2.506349e-006,-0.875667
-2.506099e-006,-0.875667
-2.505849e-006,-0.874
-2.505599e-006,-0.874
-2.505349e-006,-0.875667
-2.505099e-006,-0.875667
-2.504849e-006,-0.874
-2.504599e-006,-0.874
-2.504349e-006,-0.875667
-2.504099e-006,-0.875667
-2.503849e-006,-0.874
-2.503599e-006,-0.874
-2.503349e-006,-0.875667
-2.503099e-006,-0.875667
-2.502849e-006,-0.874
-2.502599e-006,-0.874
-2.502349e-006,-0.875667
-2.502099e-006,-0.875667
-2.501849e-006,-0.874
-2.501599e-006,-0.874
-2.501349e-006,-0.875667
-2.501099e-006,-0.875667
-2.500849e-006,-0.874
-2.500599e-006,-0.874
-2.500349e-006,-0.875667
-2.500099e-006,-0.875667
-2.499849e-006,-0.874
-2.499599e-006,-0.874
-2.499349e-006,-0.875667
-2.499099e-006,-0.875667
-2.498849e-006,-0.874
-2.498599e-006,-0.874
-2.498349e-006,-0.875667
-2.498099e-006,-0.875667
-2.497849e-006,-0.874
-2.497599e-006,-0.874
-2.497349e-006,-0.875667
-2.497099e-006,-0.875667
-2.496849e-006,-0.874
-2.496599e-006,-0.874
-2.496349e-006,-0.875667
-2.496099e-006,-0.875667
-2.495849e-006,-0.874
-2.495599e-006,-0.874
-2.495349e-006,-0.875667
-2.495099e-006,-0.875667
-2.494849e-006,-0.874
-2.494599e-006,-0.874
-2.494349e-006,-0.875667
-2.494099e-006,-0.875667
-2.493849e-006,-0.875667
-2.493599e-006,-0.874
-2.493349e-006,-0.875667
-2.493099e-006,-0.875667
-2.492849e-006,-0.875667
-2.492599e-006,-0.874
-2.492349e-006,-0.875667
-2.492099e-006,-0.875667
-2.491849e-006,-0.875667
-2.491599e-006,-0.874
-2.491349e-006,-0.875667
-2.491099e-006,-0.875667
-2.490849e-006,-0.874
-2.490599e-006,-0.874
-2.490349e-006,-0.875667
-2.490099e-006,-0.875667
-2.489849e-006,-0.874
-2.489599e-006,-0.874
-2.489349e-006,-0.874
-2.489099e-006,-0.874
-2.488849e-006,-0.874
-2.488599e-006,-0.874
-2.488349e-006,-0.874
-2.488099e-006,-0.874
-2.487849e-006,-0.874
-2.487599e-006,-0.874
-2.487349e-006,-0.874
-2.487099e-006,-0.875667
-2.486849e-006,-0.874
-2.486599e-006,-0.874
-2.486349e-006,-0.874
-2.486099e-006,-0.875667
-2.485849e-006,-0.874
-2.485599e-006,-0.874
-2.485349e-006,-0.875667
-2.485099e-006,-0.875667
-2.484849e-006,-0.874
-2.484599e-006,-0.874
-2.484349e-006,-0.875667
-2.484099e-006,-0.875667
-2.483849e-006,-0.874
-2.483599e-006,-0.874
-2.483349e-006,-0.875667
-2.483099e-006,-0.875667
-2.482849e-006,-0.874
-2.482599e-006,-0.874
-2.482349e-006,-0.875667
-2.482099e-006,-0.875667
-2.481849e-006,-0.874
-2.481599e-006,-0.874
-2.481349e-006,-0.875667
-2.481099e-006,-0.875667
-2.480849e-006,-0.874
-2.480599e-006,-0.874
-2.480349e-006,-0.875667
-2.480099e-006,-0.875667
-2.479849e-006,-0.874
-2.479599e-006,-0.874
-2.479349e-006,-0.875667
-2.479099e-006,-0.875667
-2.478849e-006,-0.874
-2.478599e-006,-0.874
-2.478349e-006,-0.875667
-2.478099e-006,-0.875667
-2.477849e-006,-0.874
-2.477599e-006,-0.874
-2.477349e-006,-0.875667
-2.477099e-006,-0.874
-2.476849e-006,-0.874
-2.476599e-006,-0.874
-2.476349e-006,-0.874
-2.476099e-006,-0.874
-2.475849e-006,-0.874
-2.475599e-006,-0.874
-2.475349e-006,-0.874
-2.475099e-006,-0.874
-2.474849e-006,-0.874
-2.474599e-006,-0.874
-2.474349e-006,-0.874
-2.474099e-006,-0.874
-2.473849e-006,-0.874
-2.473599e-006,-0.874
-2.473349e-006,-0.874
-2.473099e-006,-0.874
-2.472849e-006,-0.874
-2.472599e-006,-0.874
-2.472349e-006,-0.874
-2.472099e-006,-0.874
-2.471849e-006,-0.874
-2.471599e-006,-0.874
-2.471349e-006,-0.874
-2.471099e-006,-0.875667
-2.470849e-006,-0.874
-2.470599e-006,-0.874
-2.470349e-006,-0.875667
-2.470099e-006,-0.875667
-2.469849e-006,-0.874
-2.469599e-006,-0.874
-2.469349e-006,-0.875667
-2.469099e-006,-0.875667
-2.468849e-006,-0.874
-2.468599e-006,-0.874
-2.468349e-006,-0.875667
-2.468099e-006,-0.875667
-2.467849e-006,-0.874
-2.467599e-006,-0.874
-2.467349e-006,-0.875667
-2.467099e-006,-0.875667
-2.466849e-006,-0.874
-2.466599e-006,-0.874
-2.466349e-006,-0.875667
-2.466099e-006,-0.874
-2.465849e-006,-0.874
-2.465599e-006,-0.874
-2.465349e-006,-0.875667
-2.465099e-006,-0.874
-2.464849e-006,-0.874
-2.464599e-006,-0.874
-2.464349e-006,-0.875667
-2.464099e-006,-0.874
-2.463849e-006,-0.874
-2.463599e-006,-0.874
-2.463349e-006,-0.875667
-2.463099e-006,-0.874
-2.462849e-006,-0.874
-2.462599e-006,-0.874
-2.462349e-006,-0.875667
-2.462099e-006,-0.875667
-2.461849e-006,-0.874
-2.461599e-006,-0.874
-2.461349e-006,-0.875667
-2.461099e-006,-0.875667
-2.460849e-006,-0.874
-2.460599e-006,-0.874
-2.460349e-006,-0.875667
-2.460099e-006,-0.875667
-2.459849e-006,-0.874
-2.459599e-006,-0.874
-2.459349e-006,-0.875667
-2.459099e-006,-0.875667
-2.458849e-006,-0.874
-2.458599e-006,-0.874
-2.458349e-006,-0.875667
-2.458099e-006,-0.875667
-2.457849e-006,-0.874
-2.457599e-006,-0.874
-2.457349e-006,-0.875667
-2.457099e-006,-0.875667
-2.456849e-006,-0.874
-2.456599e-006,-0.874
-2.456349e-006,-0.875667
-2.456099e-006,-0.875667
-2.455849e-006,-0.874
-2.455599e-006,-0.874
-2.455349e-006,-0.875667
-2.455099e-006,-0.875667
-2.454849e-006,-0.874
-2.454599e-006,-0.874
-2.454349e-006,-0.875667
-2.454099e-006,-0.875667
-2.453849e-006,-0.874
-2.453599e-006,-0.874
-2.453349e-006,-0.875667
-2.453099e-006,-0.875667
-2.452849e-006,-0.874
-2.452599e-006,-0.874
-2.452349e-006,-0.875667
-2.452099e-006,-0.875667
-2.451849e-006,-0.874
-2.451599e-006,-0.874
-2.451349e-006,-0.874
-2.451099e-006,-0.875667
-2.450849e-006,-0.874
-2.450599e-006,-0.874
-2.450349e-006,-0.874
-2.450099e-006,-0.875667
-2.449849e-006,-0.874
-2.449599e-006,-0.874
-2.449349e-006,-0.874
-2.449099e-006,-0.875667
-2.448849e-006,-0.874
-2.448599e-006,-0.874
-2.448349e-006,-0.874
-2.448099e-006,-0.875667
-2.447849e-006,-0.874
-2.447599e-006,-0.874
-2.447349e-006,-0.874
-2.447099e-006,-0.875667
-2.446849e-006,-0.874
-2.446599e-006,-0.874
-2.446349e-006,-0.875667
-2.446099e-006,-0.875667
-2.445849e-006,-0.874
-2.445599e-006,-0.874
-2.445349e-006,-0.874
-2.445099e-006,-0.875667
-2.444849e-006,-0.874
-2.444599e-006,-0.874
-2.444349e-006,-0.874
-2.444099e-006,-0.874
-2.443849e-006,-0.874
-2.443599e-006,-0.874
-2.443349e-006,-0.874
-2.443099e-006,-0.875667
-2.442849e-006,-0.874
-2.442599e-006,-0.874
-2.442349e-006,-0.874
-2.442099e-006,-0.875667
-2.441849e-006,-0.874
-2.441599e-006,-0.874
-2.441349e-006,-0.874
-2.441099e-006,-0.875667
-2.440849e-006,-0.874
-2.440599e-006,-0.874
-2.440349e-006,-0.874
-2.440099e-006,-0.875667
-2.439849e-006,-0.874
-2.439599e-006,-0.874
-2.439349e-006,-0.874
-2.439099e-006,-0.875667
-2.438849e-006,-0.874
-2.438599e-006,-0.874
-2.438349e-006,-0.875667
-2.438099e-006,-0.875667
-2.437849e-006,-0.874
-2.437599e-006,-0.874
-2.437349e-006,-0.875667
-2.437099e-006,-0.875667
-2.436849e-006,-0.874
-2.436599e-006,-0.874
-2.436349e-006,-0.874
-2.436099e-006,-0.875667
-2.435849e-006,-0.874
-2.435599e-006,-0.874
-2.435349e-006,-0.874
-2.435099e-006,-0.875667
-2.434849e-006,-0.874
-2.434599e-006,-0.874
-2.434349e-006,-0.874
-2.434099e-006,-0.874
-2.433849e-006,-0.874
-2.433599e-006,-0.874
-2.433349e-006,-0.874
-2.433099e-006,-0.874
-2.432849e-006,-0.874
-2.432599e-006,-0.874
-2.432349e-006,-0.874
-2.432099e-006,-0.874
-2.431849e-006,-0.874
-2.431599e-006,-0.874
-2.431349e-006,-0.875667
-2.431099e-006,-0.875667
-2.430849e-006,-0.874
-2.430599e-006,-0.874
-2.430349e-006,-0.875667
-2.430099e-006,-0.875667
-2.429849e-006,-0.874
-2.429599e-006,-0.874
-2.429349e-006,-0.875667
-2.429099e-006,-0.875667
-2.428849e-006,-0.874
-2.428599e-006,-0.874
-2.428349e-006,-0.875667
-2.428099e-006,-0.875667
-2.427849e-006,-0.874
-2.427599e-006,-0.874
-2.427349e-006,-0.875667
-2.427099e-006,-0.875667
-2.426849e-006,-0.874
-2.426599e-006,-0.874
-2.426349e-006,-0.874
-2.426099e-006,-0.874
-2.425849e-006,-0.874
-2.425599e-006,-0.874
-2.425349e-006,-0.874
-2.425099e-006,-0.874
-2.424849e-006,-0.874
-2.424599e-006,-0.874
-2.424349e-006,-0.874
-2.424099e-006,-0.875667
-2.423849e-006,-0.874
-2.423599e-006,-0.874
-2.423349e-006,-0.874
-2.423099e-006,-0.875667
-2.422849e-006,-0.874
-2.422599e-006,-0.874
-2.422349e-006,-0.874
-2.422099e-006,-0.875667
-2.421849e-006,-0.874
-2.421599e-006,-0.874
-2.421349e-006,-0.875667
-2.421099e-006,-0.875667
-2.420849e-006,-0.874
-2.420599e-006,-0.874
-2.420349e-006,-0.875667
-2.420099e-006,-0.875667
-2.419849e-006,-0.874
-2.419599e-006,-0.874
-2.419349e-006,-0.875667
-2.419099e-006,-0.875667
-2.418849e-006,-0.874
-2.418599e-006,-0.874
-2.418349e-006,-0.874
-2.418099e-006,-0.874
-2.417849e-006,-0.874
-2.417599e-006,-0.874
-2.417349e-006,-0.875667
-2.417099e-006,-0.875667
-2.416849e-006,-0.874
-2.416599e-006,-0.874
-2.416349e-006,-0.875667
-2.416099e-006,-0.875667
-2.415849e-006,-0.874
-2.415599e-006,-0.874
-2.415349e-006,-0.875667
-2.415099e-006,-0.875667
-2.414849e-006,-0.874
-2.414599e-006,-0.874
-2.414349e-006,-0.875667
-2.414099e-006,-0.875667
-2.413849e-006,-0.874
-2.413599e-006,-0.874
-2.413349e-006,-0.875667
-2.413099e-006,-0.875667
-2.412849e-006,-0.874
-2.412599e-006,-0.874
-2.412349e-006,-0.875667
-2.412099e-006,-0.875667
-2.411849e-006,-0.874
-2.411599e-006,-0.874
-2.411349e-006,-0.875667
-2.411099e-006,-0.875667
-2.410849e-006,-0.874
-2.410599e-006,-0.874
-2.410349e-006,-0.875667
-2.410099e-006,-0.875667
-2.409849e-006,-0.874
-2.409599e-006,-0.874
-2.409349e-006,-0.875667
-2.409099e-006,-0.875667
-2.408849e-006,-0.874
-2.408599e-006,-0.874
-2.408349e-006,-0.875667
-2.408099e-006,-0.875667
-2.407849e-006,-0.874
-2.407599e-006,-0.874
-2.407349e-006,-0.875667
-2.407099e-006,-0.875667
-2.406849e-006,-0.874
-2.406599e-006,-0.874
-2.406349e-006,-0.875667
-2.406099e-006,-0.875667
-2.405849e-006,-0.874
-2.405599e-006,-0.874
-2.405349e-006,-0.875667
-2.405099e-006,-0.875667
-2.404849e-006,-0.874
-2.404599e-006,-0.874
-2.404349e-006,-0.875667
-2.404099e-006,-0.875667
-2.403849e-006,-0.874
-2.403599e-006,-0.874
-2.403349e-006,-0.875667
-2.403099e-006,-0.875667
-2.402849e-006,-0.874
-2.402599e-006,-0.874
-2.402349e-006,-0.875667
-2.402099e-006,-0.875667
-2.401849e-006,-0.874
-2.401599e-006,-0.874
-2.401349e-006,-0.875667
-2.401099e-006,-0.874
-2.400849e-006,-0.874
-2.400599e-006,-0.874
-2.400349e-006,-0.875667
-2.400099e-006,-0.874
-2.399849e-006,-0.874
-2.399599e-006,-0.874
-2.399349e-006,-0.875667
-2.399099e-006,-0.874
-2.398849e-006,-0.874
-2.398599e-006,-0.874
-2.398349e-006,-0.875667
-2.398099e-006,-0.874
-2.397849e-006,-0.874
-2.397599e-006,-0.874
-2.397349e-006,-0.874
-2.397099e-006,-0.874
-2.396849e-006,-0.874
-2.396599e-006,-0.874
-2.396349e-006,-0.875667
-2.396099e-006,-0.875667
-2.395849e-006,-0.874
-2.395599e-006,-0.874
-2.395349e-006,-0.875667
-2.395099e-006,-0.875667
-2.394849e-006,-0.874
-2.394599e-006,-0.874
-2.394349e-006,-0.874
-2.394099e-006,-0.875667
-2.393849e-006,-0.874
-2.393599e-006,-0.874
-2.393349e-006,-0.874
-2.393099e-006,-0.875667
-2.392849e-006,-0.874
-2.392599e-006,-0.874
-2.392349e-006,-0.874
-2.392099e-006,-0.875667
-2.391849e-006,-0.874
-2.391599e-006,-0.874
-2.391349e-006,-0.874
-2.391099e-006,-0.875667
-2.390849e-006,-0.874
-2.390599e-006,-0.874
-2.390349e-006,-0.874
-2.390099e-006,-0.875667
-2.389849e-006,-0.874
-2.389599e-006,-0.874
-2.389349e-006,-0.875667
-2.389099e-006,-0.875667
-2.388849e-006,-0.874
-2.388599e-006,-0.874
-2.388349e-006,-0.875667
-2.388099e-006,-0.875667
-2.387849e-006,-0.874
-2.387599e-006,-0.874
-2.387349e-006,-0.875667
-2.387099e-006,-0.875667
-2.386849e-006,-0.874
-2.386599e-006,-0.874
-2.386349e-006,-0.875667
-2.386099e-006,-0.875667
-2.385849e-006,-0.875667
-2.385599e-006,-0.874
-2.385349e-006,-0.875667
-2.385099e-006,-0.875667
-2.384849e-006,-0.875667
-2.384599e-006,-0.874
-2.384349e-006,-0.875667
-2.384099e-006,-0.875667
-2.383849e-006,-0.874
-2.383599e-006,-0.874
-2.383349e-006,-0.875667
-2.383099e-006,-0.875667
-2.382849e-006,-0.874
-2.382599e-006,-0.874
-2.382349e-006,-0.875667
-2.382099e-006,-0.875667
-2.381849e-006,-0.874
-2.381599e-006,-0.874
-2.381349e-006,-0.875667
-2.381099e-006,-0.875667
-2.380849e-006,-0.874
-2.380599e-006,-0.874
-2.380349e-006,-0.874
-2.380099e-006,-0.875667
-2.379849e-006,-0.874
-2.379599e-006,-0.874
-2.379349e-006,-0.874
-2.379099e-006,-0.875667
-2.378849e-006,-0.874
-2.378599e-006,-0.874
-2.378349e-006,-0.874
-2.378099e-006,-0.875667
-2.377849e-006,-0.874
-2.377599e-006,-0.874
-2.377349e-006,-0.874
-2.377099e-006,-0.875667
-2.376849e-006,-0.874
-2.376599e-006,-0.874
-2.376349e-006,-0.875667
-2.376099e-006,-0.875667
-2.375849e-006,-0.874
-2.375599e-006,-0.874
-2.375349e-006,-0.875667
-2.375099e-006,-0.875667
-2.374849e-006,-0.874
-2.374599e-006,-0.874
-2.374349e-006,-0.875667
-2.374099e-006,-0.875667
-2.373849e-006,-0.874
-2.373599e-006,-0.874
-2.373349e-006,-0.874
-2.373099e-006,-0.875667
-2.372849e-006,-0.874
-2.372599e-006,-0.874
-2.372349e-006,-0.874
-2.372099e-006,-0.874
-2.371849e-006,-0.874
-2.371599e-006,-0.874
-2.371349e-006,-0.875667
-2.371099e-006,-0.875667
-2.370849e-006,-0.874
-2.370599e-006,-0.874
-2.370349e-006,-0.875667
-2.370099e-006,-0.875667
-2.369849e-006,-0.874
-2.369599e-006,-0.874
-2.369349e-006,-0.875667
-2.369099e-006,-0.875667
-2.368849e-006,-0.874
-2.368599e-006,-0.874
-2.368349e-006,-0.875667
-2.368099e-006,-0.875667
-2.367849e-006,-0.874
-2.367599e-006,-0.874
-2.367349e-006,-0.875667
-2.367099e-006,-0.875667
-2.366849e-006,-0.874
-2.366599e-006,-0.874
-2.366349e-006,-0.875667
-2.366099e-006,-0.875667
-2.365849e-006,-0.874
-2.365599e-006,-0.874
-2.365349e-006,-0.875667
-2.365099e-006,-0.874
-2.364849e-006,-0.874
-2.364599e-006,-0.874
-2.364349e-006,-0.875667
-2.364099e-006,-0.874
-2.363849e-006,-0.874
-2.363599e-006,-0.874
-2.363349e-006,-0.875667
-2.363099e-006,-0.874
-2.362849e-006,-0.874
-2.362599e-006,-0.874
-2.362349e-006,-0.875667
-2.362099e-006,-0.875667
-2.361849e-006,-0.874
-2.361599e-006,-0.874
-2.361349e-006,-0.875667
-2.361099e-006,-0.874
-2.360849e-006,-0.874
-2.360599e-006,-0.874
-2.360349e-006,-0.875667
-2.360099e-006,-0.875667
-2.359849e-006,-0.874
-2.359599e-006,-0.874
-2.359349e-006,-0.875667
-2.359099e-006,-0.875667
-2.358849e-006,-0.874
-2.358599e-006,-0.874
-2.358349e-006,-0.875667
-2.358099e-006,-0.875667
-2.357849e-006,-0.874
-2.357599e-006,-0.874
-2.357349e-006,-0.875667
-2.357099e-006,-0.875667
-2.356849e-006,-0.874
-2.356599e-006,-0.874
-2.356349e-006,-0.875667
-2.356099e-006,-0.875667
-2.355849e-006,-0.874
-2.355599e-006,-0.874
-2.355349e-006,-0.874
-2.355099e-006,-0.875667
-2.354849e-006,-0.874
-2.354599e-006,-0.874
-2.354349e-006,-0.874
-2.354099e-006,-0.875667
-2.353849e-006,-0.874
-2.353599e-006,-0.874
-2.353349e-006,-0.875667
-2.353099e-006,-0.875667
-2.352849e-006,-0.874
-2.352599e-006,-0.874
-2.352349e-006,-0.875667
-2.352099e-006,-0.875667
-2.351849e-006,-0.874
-2.351599e-006,-0.874
-2.351349e-006,-0.875667
-2.351099e-006,-0.875667
-2.350849e-006,-0.874
-2.350599e-006,-0.874
-2.350349e-006,-0.874
-2.350099e-006,-0.874
-2.349849e-006,-0.874
-2.349599e-006,-0.874
-2.349349e-006,-0.875667
-2.349099e-006,-0.874
-2.348849e-006,-0.874
-2.348599e-006,-0.874
-2.348349e-006,-0.875667
-2.348099e-006,-0.874
-2.347849e-006,-0.874
-2.347599e-006,-0.874
-2.347349e-006,-0.875667
-2.347099e-006,-0.874
-2.346849e-006,-0.874
-2.346599e-006,-0.874
-2.346349e-006,-0.875667
-2.346099e-006,-0.874
-2.345849e-006,-0.874
-2.345599e-006,-0.874
-2.345349e-006,-0.875667
-2.345099e-006,-0.875667
-2.344849e-006,-0.874
-2.344599e-006,-0.874
-2.344349e-006,-0.875667
-2.344099e-006,-0.875667
-2.343849e-006,-0.874
-2.343599e-006,-0.874
-2.343349e-006,-0.875667
-2.343099e-006,-0.875667
-2.342849e-006,-0.874
-2.342599e-006,-0.874
-2.342349e-006,-0.875667
-2.342099e-006,-0.875667
-2.341849e-006,-0.874
-2.341599e-006,-0.874
-2.341349e-006,-0.875667
-2.341099e-006,-0.875667
-2.340849e-006,-0.874
-2.340599e-006,-0.874
-2.340349e-006,-0.875667
-2.340099e-006,-0.875667
-2.339849e-006,-0.874
-2.339599e-006,-0.874
-2.339349e-006,-0.874
-2.339099e-006,-0.875667
-2.338849e-006,-0.874
-2.338599e-006,-0.874
-2.338349e-006,-0.874
-2.338099e-006,-0.875667
-2.337849e-006,-0.874
-2.337599e-006,-0.874
-2.337349e-006,-0.875667
-2.337099e-006,-0.875667
-2.336849e-006,-0.874
-2.336599e-006,-0.874
-2.336349e-006,-0.875667
-2.336099e-006,-0.875667
-2.335849e-006,-0.874
-2.335599e-006,-0.874
-2.335349e-006,-0.874
-2.335099e-006,-0.874
-2.334849e-006,-0.874
-2.334599e-006,-0.874
-2.334349e-006,-0.875667
-2.334099e-006,-0.874
-2.333849e-006,-0.874
-2.333599e-006,-0.874
-2.333349e-006,-0.875667
-2.333099e-006,-0.875667
-2.332849e-006,-0.874
-2.332599e-006,-0.874
-2.332349e-006,-0.875667
-2.332099e-006,-0.875667
-2.331849e-006,-0.874
-2.331599e-006,-0.874
-2.331349e-006,-0.875667
-2.331099e-006,-0.875667
-2.330849e-006,-0.874
-2.330599e-006,-0.874
-2.330349e-006,-0.875667
-2.330099e-006,-0.875667
-2.329849e-006,-0.874
-2.329599e-006,-0.874
-2.329349e-006,-0.875667
-2.329099e-006,-0.875667
-2.328849e-006,-0.874
-2.328599e-006,-0.874
-2.328349e-006,-0.875667
-2.328099e-006,-0.875667
-2.327849e-006,-0.874
-2.327599e-006,-0.874
-2.327349e-006,-0.875667
-2.327099e-006,-0.875667
-2.326849e-006,-0.874
-2.326599e-006,-0.874
-2.326349e-006,-0.875667
-2.326099e-006,-0.875667
-2.325849e-006,-0.874
-2.325599e-006,-0.874
-2.325349e-006,-0.875667
-2.325099e-006,-0.875667
-2.324849e-006,-0.874
-2.324599e-006,-0.874
-2.324349e-006,-0.875667
-2.324099e-006,-0.875667
-2.323849e-006,-0.874
-2.323599e-006,-0.874
-2.323349e-006,-0.875667
-2.323099e-006,-0.875667
-2.322849e-006,-0.874
-2.322599e-006,-0.874
-2.322349e-006,-0.875667
-2.322099e-006,-0.875667
-2.321849e-006,-0.874
-2.321599e-006,-0.874
-2.321349e-006,-0.875667
-2.321099e-006,-0.875667
-2.320849e-006,-0.874
-2.320599e-006,-0.874
-2.320349e-006,-0.875667
-2.320099e-006,-0.875667
-2.319849e-006,-0.874
-2.319599e-006,-0.874
-2.319349e-006,-0.875667
-2.319099e-006,-0.875667
-2.318849e-006,-0.874
-2.318599e-006,-0.874
-2.318349e-006,-0.875667
-2.318099e-006,-0.875667
-2.317849e-006,-0.874
-2.317599e-006,-0.874
-2.317349e-006,-0.875667
-2.317099e-006,-0.875667
-2.316849e-006,-0.874
-2.316599e-006,-0.874
-2.316349e-006,-0.875667
-2.316099e-006,-0.875667
-2.315849e-006,-0.874
-2.315599e-006,-0.874
-2.315349e-006,-0.875667
-2.315099e-006,-0.875667
-2.314849e-006,-0.874
-2.314599e-006,-0.874
-2.314349e-006,-0.875667
-2.314099e-006,-0.875667
-2.313849e-006,-0.874
-2.313599e-006,-0.874
-2.313349e-006,-0.875667
-2.313099e-006,-0.875667
-2.312849e-006,-0.874
-2.312599e-006,-0.874
-2.312349e-006,-0.875667
-2.312099e-006,-0.875667
-2.311849e-006,-0.874
-2.311599e-006,-0.874
-2.311349e-006,-0.875667
-2.311099e-006,-0.875667
-2.310849e-006,-0.874
-2.310599e-006,-0.874
-2.310349e-006,-0.875667
-2.310099e-006,-0.875667
-2.309849e-006,-0.874
-2.309599e-006,-0.874
-2.309349e-006,-0.875667
-2.309099e-006,-0.875667
-2.308849e-006,-0.874
-2.308599e-006,-0.874
-2.308349e-006,-0.875667
-2.308099e-006,-0.874
-2.307849e-006,-0.874
-2.307599e-006,-0.874
-2.307349e-006,-0.875667
-2.307099e-006,-0.874
-2.306849e-006,-0.874
-2.306599e-006,-0.874
-2.306349e-006,-0.875667
-2.306099e-006,-0.874
-2.305849e-006,-0.874
-2.305599e-006,-0.874
-2.305349e-006,-0.875667
-2.305099e-006,-0.875667
-2.304849e-006,-0.874
-2.304599e-006,-0.874
-2.304349e-006,-0.875667
-2.304099e-006,-0.875667
-2.303849e-006,-0.874
-2.303599e-006,-0.874
-2.303349e-006,-0.875667
-2.303099e-006,-0.875667
-2.302849e-006,-0.874
-2.302599e-006,-0.874
-2.302349e-006,-0.875667
-2.302099e-006,-0.875667
-2.301849e-006,-0.874
-2.301599e-006,-0.874
-2.301349e-006,-0.875667
-2.301099e-006,-0.875667
-2.300849e-006,-0.874
-2.300599e-006,-0.874
-2.300349e-006,-0.875667
-2.300099e-006,-0.875667
-2.299849e-006,-0.874
-2.299599e-006,-0.874
-2.299349e-006,-0.874
-2.299099e-006,-0.875667
-2.298849e-006,-0.874
-2.298599e-006,-0.874
-2.298349e-006,-0.874
-2.298099e-006,-0.875667
-2.297849e-006,-0.874
-2.297599e-006,-0.874
-2.297349e-006,-0.874
-2.297099e-006,-0.875667
-2.296849e-006,-0.874
-2.296599e-006,-0.874
-2.296349e-006,-0.874
-2.296099e-006,-0.875667
-2.295849e-006,-0.874
-2.295599e-006,-0.874
-2.295349e-006,-0.875667
-2.295099e-006,-0.875667
-2.294849e-006,-0.874
-2.294599e-006,-0.874
-2.294349e-006,-0.875667
-2.294099e-006,-0.875667
-2.293849e-006,-0.874
-2.293599e-006,-0.874
-2.293349e-006,-0.875667
-2.293099e-006,-0.875667
-2.292849e-006,-0.874
-2.292599e-006,-0.874
-2.292349e-006,-0.875667
-2.292099e-006,-0.875667
-2.291849e-006,-0.874
-2.291599e-006,-0.874
-2.291349e-006,-0.875667
-2.291099e-006,-0.875667
-2.290849e-006,-0.874
-2.290599e-006,-0.874
-2.290349e-006,-0.875667
-2.290099e-006,-0.874
-2.289849e-006,-0.874
-2.289599e-006,-0.874
-2.289349e-006,-0.875667
-2.289099e-006,-0.875667
-2.288849e-006,-0.874
-2.288599e-006,-0.874
-2.288349e-006,-0.875667
-2.288099e-006,-0.875667
-2.287849e-006,-0.874
-2.287599e-006,-0.874
-2.287349e-006,-0.874
-2.287099e-006,-0.875667
-2.286849e-006,-0.874
-2.286599e-006,-0.874
-2.286349e-006,-0.874
-2.286099e-006,-0.875667
-2.285849e-006,-0.874
-2.285599e-006,-0.874
-2.285349e-006,-0.874
-2.285099e-006,-0.875667
-2.284849e-006,-0.874
-2.284599e-006,-0.874
-2.284349e-006,-0.874
-2.284099e-006,-0.875667
-2.283849e-006,-0.874
-2.283599e-006,-0.874
-2.283349e-006,-0.874
-2.283099e-006,-0.875667
-2.282849e-006,-0.874
-2.282599e-006,-0.874
-2.282349e-006,-0.874
-2.282099e-006,-0.875667
-2.281849e-006,-0.874
-2.281599e-006,-0.874
-2.281349e-006,-0.874
-2.281099e-006,-0.875667
-2.280849e-006,-0.874
-2.280599e-006,-0.874
-2.280349e-006,-0.874
-2.280099e-006,-0.875667
-2.279849e-006,-0.874
-2.279599e-006,-0.874
-2.279349e-006,-0.874
-2.279099e-006,-0.875667
-2.278849e-006,-0.874
-2.278599e-006,-0.874
-2.278349e-006,-0.874
-2.278099e-006,-0.875667
-2.277849e-006,-0.874
-2.277599e-006,-0.874
-2.277349e-006,-0.874
-2.277099e-006,-0.875667
-2.276849e-006,-0.874
-2.276599e-006,-0.874
-2.276349e-006,-0.874
-2.276099e-006,-0.875667
-2.275849e-006,-0.874
-2.275599e-006,-0.874
-2.275349e-006,-0.874
-2.275099e-006,-0.875667
-2.274849e-006,-0.874
-2.274599e-006,-0.874
-2.274349e-006,-0.874
-2.274099e-006,-0.875667
-2.273849e-006,-0.874
-2.273599e-006,-0.874
-2.273349e-006,-0.875667
-2.273099e-006,-0.875667
-2.272849e-006,-0.874
-2.272599e-006,-0.874
-2.272349e-006,-0.875667
-2.272099e-006,-0.875667
-2.271849e-006,-0.874
-2.271599e-006,-0.874
-2.271349e-006,-0.875667
-2.271099e-006,-0.875667
-2.270849e-006,-0.874
-2.270599e-006,-0.874
-2.270349e-006,-0.875667
-2.270099e-006,-0.875667
-2.269849e-006,-0.874
-2.269599e-006,-0.874
-2.269349e-006,-0.875667
-2.269099e-006,-0.875667
-2.268849e-006,-0.874
-2.268599e-006,-0.874
-2.268349e-006,-0.874
-2.268099e-006,-0.875667
-2.267849e-006,-0.874
-2.267599e-006,-0.874
-2.267349e-006,-0.874
-2.267099e-006,-0.875667
-2.266849e-006,-0.874
-2.266599e-006,-0.874
-2.266349e-006,-0.874
-2.266099e-006,-0.875667
-2.265849e-006,-0.874
-2.265599e-006,-0.874
-2.265349e-006,-0.874
-2.265099e-006,-0.875667
-2.264849e-006,-0.874
-2.264599e-006,-0.874
-2.264349e-006,-0.875667
-2.264099e-006,-0.875667
-2.263849e-006,-0.874
-2.263599e-006,-0.874
-2.263349e-006,-0.874
-2.263099e-006,-0.874
-2.262849e-006,-0.874
-2.262599e-006,-0.874
-2.262349e-006,-0.874
-2.262099e-006,-0.874
-2.261849e-006,-0.874
-2.261599e-006,-0.874
-2.261349e-006,-0.874
-2.261099e-006,-0.874
-2.260849e-006,-0.874
-2.260599e-006,-0.874
-2.260349e-006,-0.874
-2.260099e-006,-0.874
-2.259849e-006,-0.874
-2.259599e-006,-0.874
-2.259349e-006,-0.874
-2.259099e-006,-0.874
-2.258849e-006,-0.874
-2.258599e-006,-0.874
-2.258349e-006,-0.874
-2.258099e-006,-0.875667
-2.257849e-006,-0.874
-2.257599e-006,-0.874
-2.257349e-006,-0.875667
-2.257099e-006,-0.875667
-2.256849e-006,-0.875667
-2.256599e-006,-0.874
-2.256349e-006,-0.875667
-2.256099e-006,-0.875667
-2.255849e-006,-0.875667
-2.255599e-006,-0.874
-2.255349e-006,-0.875667
-2.255099e-006,-0.875667
-2.254849e-006,-0.875667
-2.254599e-006,-0.874
-2.254349e-006,-0.875667
-2.254099e-006,-0.875667
-2.253849e-006,-0.874
-2.253599e-006,-0.874
-2.253349e-006,-0.875667
-2.253099e-006,-0.875667
-2.252849e-006,-0.874
-2.252599e-006,-0.874
-2.252349e-006,-0.874
-2.252099e-006,-0.875667
-2.251849e-006,-0.874
-2.251599e-006,-0.874
-2.251349e-006,-0.874
-2.251099e-006,-0.875667
-2.250849e-006,-0.874
-2.250599e-006,-0.874
-2.250349e-006,-0.874
-2.250099e-006,-0.875667
-2.249849e-006,-0.874
-2.249599e-006,-0.874
-2.249349e-006,-0.874
-2.249099e-006,-0.875667
-2.248849e-006,-0.874
-2.248599e-006,-0.874
-2.248349e-006,-0.875667
-2.248099e-006,-0.875667
-2.247849e-006,-0.874
-2.247599e-006,-0.874
-2.247349e-006,-0.875667
-2.247099e-006,-0.875667
-2.246849e-006,-0.874
-2.246599e-006,-0.874
-2.246349e-006,-0.875667
-2.246099e-006,-0.875667
-2.245849e-006,-0.874
-2.245599e-006,-0.874
-2.245349e-006,-0.875667
-2.245099e-006,-0.875667
-2.244849e-006,-0.874
-2.244599e-006,-0.874
-2.244349e-006,-0.875667
-2.244099e-006,-0.875667
-2.243849e-006,-0.874
-2.243599e-006,-0.874
-2.243349e-006,-0.874
-2.243099e-006,-0.875667
-2.242849e-006,-0.874
-2.242599e-006,-0.874
-2.242349e-006,-0.874
-2.242099e-006,-0.875667
-2.241849e-006,-0.874
-2.241599e-006,-0.874
-2.241349e-006,-0.874
-2.241099e-006,-0.875667
-2.240849e-006,-0.874
-2.240599e-006,-0.874
-2.240349e-006,-0.874
-2.240099e-006,-0.875667
-2.239849e-006,-0.874
-2.239599e-006,-0.874
-2.239349e-006,-0.874
-2.239099e-006,-0.875667
-2.238849e-006,-0.874
-2.238599e-006,-0.874
-2.238349e-006,-0.874
-2.238099e-006,-0.875667
-2.237849e-006,-0.874
-2.237599e-006,-0.874
-2.237349e-006,-0.874
-2.237099e-006,-0.875667
-2.236849e-006,-0.874
-2.236599e-006,-0.874
-2.236349e-006,-0.874
-2.236099e-006,-0.875667
-2.235849e-006,-0.874
-2.235599e-006,-0.874
-2.235349e-006,-0.874
-2.235099e-006,-0.875667
-2.234849e-006,-0.874
-2.234599e-006,-0.874
-2.234349e-006,-0.875667
-2.234099e-006,-0.875667
-2.233849e-006,-0.874
-2.233599e-006,-0.874
-2.233349e-006,-0.875667
-2.233099e-006,-0.875667
-2.232849e-006,-0.874
-2.232599e-006,-0.874
-2.232349e-006,-0.875667
-2.232099e-006,-0.875667
-2.231849e-006,-0.874
-2.231599e-006,-0.874
-2.231349e-006,-0.875667
-2.231099e-006,-0.875667
-2.230849e-006,-0.874
-2.230599e-006,-0.874
-2.230349e-006,-0.875667
-2.230099e-006,-0.875667
-2.229849e-006,-0.874
-2.229599e-006,-0.874
-2.229349e-006,-0.875667
-2.229099e-006,-0.875667
-2.228849e-006,-0.874
-2.228599e-006,-0.874
-2.228349e-006,-0.875667
-2.228099e-006,-0.875667
-2.227849e-006,-0.874
-2.227599e-006,-0.874
-2.227349e-006,-0.875667
-2.227099e-006,-0.875667
-2.226849e-006,-0.874
-2.226599e-006,-0.874
-2.226349e-006,-0.875667
-2.226099e-006,-0.875667
-2.225849e-006,-0.874
-2.225599e-006,-0.874
-2.225349e-006,-0.874
-2.225099e-006,-0.874
-2.224849e-006,-0.874
-2.224599e-006,-0.874
-2.224349e-006,-0.874
-2.224099e-006,-0.875667
-2.223849e-006,-0.874
-2.223599e-006,-0.874
-2.223349e-006,-0.874
-2.223099e-006,-0.875667
-2.222849e-006,-0.874
-2.222599e-006,-0.874
-2.222349e-006,-0.874
-2.222099e-006,-0.875667
-2.221849e-006,-0.874
-2.221599e-006,-0.874
-2.221349e-006,-0.875667
-2.221099e-006,-0.875667
-2.220849e-006,-0.874
-2.220599e-006,-0.874
-2.220349e-006,-0.875667
-2.220099e-006,-0.875667
-2.219849e-006,-0.874
-2.219599e-006,-0.874
-2.219349e-006,-0.875667
-2.219099e-006,-0.875667
-2.218849e-006,-0.874
-2.218599e-006,-0.874
-2.218349e-006,-0.875667
-2.218099e-006,-0.875667
-2.217849e-006,-0.874
-2.217599e-006,-0.874
-2.217349e-006,-0.875667
-2.217099e-006,-0.875667
-2.216849e-006,-0.874
-2.216599e-006,-0.874
-2.216349e-006,-0.875667
-2.216099e-006,-0.875667
-2.215849e-006,-0.874
-2.215599e-006,-0.874
-2.215349e-006,-0.874
-2.215099e-006,-0.875667
-2.214849e-006,-0.874
-2.214599e-006,-0.874
-2.214349e-006,-0.874
-2.214099e-006,-0.874
-2.213849e-006,-0.874
-2.213599e-006,-0.874
-2.213349e-006,-0.874
-2.213099e-006,-0.875667
-2.212849e-006,-0.874
-2.212599e-006,-0.874
-2.212349e-006,-0.874
-2.212099e-006,-0.875667
-2.211849e-006,-0.874
-2.211599e-006,-0.874
-2.211349e-006,-0.874
-2.211099e-006,-0.875667
-2.210849e-006,-0.874
-2.210599e-006,-0.874
-2.210349e-006,-0.874
-2.210099e-006,-0.875667
-2.209849e-006,-0.874
-2.209599e-006,-0.874
-2.209349e-006,-0.875667
-2.209099e-006,-0.875667
-2.208849e-006,-0.874
-2.208599e-006,-0.874
-2.208349e-006,-0.875667
-2.208099e-006,-0.875667
-2.207849e-006,-0.874
-2.207599e-006,-0.874
-2.207349e-006,-0.875667
-2.207099e-006,-0.875667
-2.206849e-006,-0.874
-2.206599e-006,-0.874
-2.206349e-006,-0.875667
-2.206099e-006,-0.875667
-2.205849e-006,-0.874
-2.205599e-006,-0.874
-2.205349e-006,-0.874
-2.205099e-006,-0.875667
-2.204849e-006,-0.874
-2.204599e-006,-0.874
-2.204349e-006,-0.874
-2.204099e-006,-0.875667
-2.203849e-006,-0.874
-2.203599e-006,-0.874
-2.203349e-006,-0.874
-2.203099e-006,-0.875667
-2.202849e-006,-0.874
-2.202599e-006,-0.874
-2.202349e-006,-0.874
-2.202099e-006,-0.875667
-2.201849e-006,-0.874
-2.201599e-006,-0.874
-2.201349e-006,-0.874
-2.201099e-006,-0.875667
-2.200849e-006,-0.874
-2.200599e-006,-0.874
-2.200349e-006,-0.874
-2.200099e-006,-0.875667
-2.199849e-006,-0.874
-2.199599e-006,-0.874
-2.199349e-006,-0.874
-2.199099e-006,-0.875667
-2.198849e-006,-0.874
-2.198599e-006,-0.874
-2.198349e-006,-0.874
-2.198099e-006,-0.875667
-2.197849e-006,-0.874
-2.197599e-006,-0.874
-2.197349e-006,-0.874
-2.197099e-006,-0.875667
-2.196849e-006,-0.874
-2.196599e-006,-0.874
-2.196349e-006,-0.874
-2.196099e-006,-0.875667
-2.195849e-006,-0.874
-2.195599e-006,-0.874
-2.195349e-006,-0.874
-2.195099e-006,-0.875667
-2.194849e-006,-0.874
-2.194599e-006,-0.874
-2.194349e-006,-0.874
-2.194099e-006,-0.875667
-2.193849e-006,-0.874
-2.193599e-006,-0.874
-2.193349e-006,-0.875667
-2.193099e-006,-0.875667
-2.192849e-006,-0.874
-2.192599e-006,-0.874
-2.192349e-006,-0.875667
-2.192099e-006,-0.875667
-2.191849e-006,-0.874
-2.191599e-006,-0.874
-2.191349e-006,-0.875667
-2.191099e-006,-0.875667
-2.190849e-006,-0.874
-2.190599e-006,-0.874
-2.190349e-006,-0.875667
-2.190099e-006,-0.875667
-2.189849e-006,-0.874
-2.189599e-006,-0.874
-2.189349e-006,-0.875667
-2.189099e-006,-0.875667
-2.188849e-006,-0.874
-2.188599e-006,-0.874
-2.188349e-006,-0.875667
-2.188099e-006,-0.875667
-2.187849e-006,-0.874
-2.187599e-006,-0.874
-2.187349e-006,-0.875667
-2.187099e-006,-0.875667
-2.186849e-006,-0.874
-2.186599e-006,-0.874
-2.186349e-006,-0.874
-2.186099e-006,-0.875667
-2.185849e-006,-0.874
-2.185599e-006,-0.874
-2.185349e-006,-0.874
-2.185099e-006,-0.875667
-2.184849e-006,-0.874
-2.184599e-006,-0.874
-2.184349e-006,-0.874
-2.184099e-006,-0.875667
-2.183849e-006,-0.874
-2.183599e-006,-0.874
-2.183349e-006,-0.875667
-2.183099e-006,-0.875667
-2.182849e-006,-0.874
-2.182599e-006,-0.874
-2.182349e-006,-0.875667
-2.182099e-006,-0.875667
-2.181849e-006,-0.874
-2.181599e-006,-0.874
-2.181349e-006,-0.875667
-2.181099e-006,-0.875667
-2.180849e-006,-0.874
-2.180599e-006,-0.874
-2.180349e-006,-0.875667
-2.180099e-006,-0.875667
-2.179849e-006,-0.874
-2.179599e-006,-0.874
-2.179349e-006,-0.875667
-2.179099e-006,-0.875667
-2.178849e-006,-0.874
-2.178599e-006,-0.874
-2.178349e-006,-0.875667
-2.178099e-006,-0.875667
-2.177849e-006,-0.874
-2.177599e-006,-0.874
-2.177349e-006,-0.875667
-2.177099e-006,-0.875667
-2.176849e-006,-0.874
-2.176599e-006,-0.874
-2.176349e-006,-0.875667
-2.176099e-006,-0.875667
-2.175849e-006,-0.874
-2.175599e-006,-0.874
-2.175349e-006,-0.875667
-2.175099e-006,-0.875667
-2.174849e-006,-0.874
-2.174599e-006,-0.874
-2.174349e-006,-0.875667
-2.174099e-006,-0.875667
-2.173849e-006,-0.874
-2.173599e-006,-0.874
-2.173349e-006,-0.875667
-2.173099e-006,-0.875667
-2.172849e-006,-0.874
-2.172599e-006,-0.874
-2.172349e-006,-0.875667
-2.172099e-006,-0.875667
-2.171849e-006,-0.874
-2.171599e-006,-0.874
-2.171349e-006,-0.875667
-2.171099e-006,-0.875667
-2.170849e-006,-0.874
-2.170599e-006,-0.874
-2.170349e-006,-0.875667
-2.170099e-006,-0.875667
-2.169849e-006,-0.874
-2.169599e-006,-0.874
-2.169349e-006,-0.875667
-2.169099e-006,-0.875667
-2.168849e-006,-0.874
-2.168599e-006,-0.874
-2.168349e-006,-0.875667
-2.168099e-006,-0.875667
-2.167849e-006,-0.874
-2.167599e-006,-0.874
-2.167349e-006,-0.875667
-2.167099e-006,-0.875667
-2.166849e-006,-0.874
-2.166599e-006,-0.874
-2.166349e-006,-0.875667
-2.166099e-006,-0.875667
-2.165849e-006,-0.874
-2.165599e-006,-0.874
-2.165349e-006,-0.875667
-2.165099e-006,-0.875667
-2.164849e-006,-0.874
-2.164599e-006,-0.874
-2.164349e-006,-0.875667
-2.164099e-006,-0.875667
-2.163849e-006,-0.874
-2.163599e-006,-0.874
-2.163349e-006,-0.875667
-2.163099e-006,-0.875667
-2.162849e-006,-0.874
-2.162599e-006,-0.874
-2.162349e-006,-0.874
-2.162099e-006,-0.875667
-2.161849e-006,-0.874
-2.161599e-006,-0.874
-2.161349e-006,-0.875667
-2.161099e-006,-0.875667
-2.160849e-006,-0.874
-2.160599e-006,-0.874
-2.160349e-006,-0.875667
-2.160099e-006,-0.875667
-2.159849e-006,-0.874
-2.159599e-006,-0.874
-2.159349e-006,-0.875667
-2.159099e-006,-0.875667
-2.158849e-006,-0.874
-2.158599e-006,-0.874
-2.158349e-006,-0.875667
-2.158099e-006,-0.875667
-2.157849e-006,-0.874
-2.157599e-006,-0.874
-2.157349e-006,-0.875667
-2.157099e-006,-0.875667
-2.156849e-006,-0.874
-2.156599e-006,-0.874
-2.156349e-006,-0.874
-2.156099e-006,-0.875667
-2.155849e-006,-0.874
-2.155599e-006,-0.874
-2.155349e-006,-0.874
-2.155099e-006,-0.875667
-2.154849e-006,-0.874
-2.154599e-006,-0.874
-2.154349e-006,-0.874
-2.154099e-006,-0.874
-2.153849e-006,-0.874
-2.153599e-006,-0.874
-2.153349e-006,-0.875667
-2.153099e-006,-0.874
-2.152849e-006,-0.874
-2.152599e-006,-0.874
-2.152349e-006,-0.875667
-2.152099e-006,-0.874
-2.151849e-006,-0.874
-2.151599e-006,-0.874
-2.151349e-006,-0.875667
-2.151099e-006,-0.874
-2.150849e-006,-0.874
-2.150599e-006,-0.874
-2.150349e-006,-0.875667
-2.150099e-006,-0.874
-2.149849e-006,-0.874
-2.149599e-006,-0.874
-2.149349e-006,-0.875667
-2.149099e-006,-0.874
-2.148849e-006,-0.874
-2.148599e-006,-0.874
-2.148349e-006,-0.875667
-2.148099e-006,-0.874
-2.147849e-006,-0.874
-2.147599e-006,-0.874
-2.147349e-006,-0.875667
-2.147099e-006,-0.874
-2.146849e-006,-0.874
-2.146599e-006,-0.874
-2.146349e-006,-0.875667
-2.146099e-006,-0.874
-2.145849e-006,-0.874
-2.145599e-006,-0.874
-2.145349e-006,-0.875667
-2.145099e-006,-0.874
-2.144849e-006,-0.874
-2.144599e-006,-0.874
-2.144349e-006,-0.874
-2.144099e-006,-0.874
-2.143849e-006,-0.874
-2.143599e-006,-0.874
-2.143349e-006,-0.874
-2.143099e-006,-0.875667
-2.142849e-006,-0.874
-2.142599e-006,-0.874
-2.142349e-006,-0.874
-2.142099e-006,-0.875667
-2.141849e-006,-0.874
-2.141599e-006,-0.874
-2.141349e-006,-0.874
-2.141099e-006,-0.875667
-2.140849e-006,-0.874
-2.140599e-006,-0.874
-2.140349e-006,-0.874
-2.140099e-006,-0.875667
-2.139849e-006,-0.874
-2.139599e-006,-0.874
-2.139349e-006,-0.874
-2.139099e-006,-0.875667
-2.138849e-006,-0.874
-2.138599e-006,-0.874
-2.138349e-006,-0.875667
-2.138099e-006,-0.875667
-2.137849e-006,-0.875667
-2.137599e-006,-0.874
-2.137349e-006,-0.875667
-2.137099e-006,-0.875667
-2.136849e-006,-0.872333
-2.136599e-006,-0.865667
-2.136349e-006,-0.855667
-2.136099e-006,-0.834
-2.135849e-006,-0.799
-2.135599e-006,-0.749
-2.135349e-006,-0.674
-2.135099e-006,-0.575667
-2.134849e-006,-0.487333
-2.134599e-006,-0.487333
-2.134349e-006,-0.487333
-2.134099e-006,-0.487333
-2.133849e-006,-0.487333
-2.133599e-006,-0.487333
-2.133349e-006,-0.487333
-2.133099e-006,-0.487333
-2.132849e-006,-0.487333
-2.132599e-006,-0.487333
-2.132349e-006,-0.487333
-2.132099e-006,-0.487333
-2.131849e-006,-0.487333
-2.131599e-006,-0.487333
-2.131349e-006,-0.487333
-2.131099e-006,-0.487333
-2.130849e-006,-0.487333
-2.130599e-006,-0.487333
-2.130349e-006,-0.487333
-2.130099e-006,-0.487333
-2.129849e-006,-0.487333
-2.129599e-006,-0.487333
-2.129349e-006,-0.487333
-2.129099e-006,-0.487333
-2.128849e-006,-0.487333
-2.128599e-006,-0.487333
-2.128349e-006,-0.487333
-2.128099e-006,-0.487333
-2.127849e-006,-0.487333
-2.127599e-006,-0.487333
-2.127349e-006,-0.487333
-2.127099e-006,-0.487333
-2.126849e-006,-0.487333
-2.126599e-006,-0.487333
-2.126349e-006,-0.487333
-2.126099e-006,-0.487333
-2.125849e-006,-0.487333
-2.125599e-006,-0.487333
-2.125349e-006,-0.487333
-2.125099e-006,-0.487333
-2.124849e-006,-0.487333
-2.124599e-006,-0.487333
-2.124349e-006,-0.487333
-2.124099e-006,-0.487333
-2.123849e-006,-0.487333
-2.123599e-006,-0.487333
-2.123349e-006,-0.487333
-2.123099e-006,-0.487333
-2.122849e-006,-0.487333
-2.122599e-006,-0.487333
-2.122349e-006,-0.487333
-2.122099e-006,-0.487333
-2.121849e-006,-0.487333
-2.121599e-006,-0.487333
-2.121349e-006,-0.487333
-2.121099e-006,-0.487333
-2.120849e-006,-0.487333
-2.120599e-006,-0.487333
-2.120349e-006,-0.487333
-2.120099e-006,-0.487333
-2.119849e-006,-0.487333
-2.119599e-006,-0.487333
-2.119349e-006,-0.487333
-2.119099e-006,-0.487333
-2.118849e-006,-0.487333
-2.118599e-006,-0.487333
-2.118349e-006,-0.487333
-2.118099e-006,-0.487333
-2.117849e-006,-0.487333
-2.117599e-006,-0.487333
-2.117349e-006,-0.487333
-2.117099e-006,-0.487333
-2.116849e-006,-0.487333
-2.116599e-006,-0.487333
-2.116349e-006,-0.487333
-2.116099e-006,-0.487333
-2.115849e-006,-0.487333
-2.115599e-006,-0.487333
-2.115349e-006,-0.487333
-2.115099e-006,-0.487333
-2.114849e-006,-0.487333
-2.114599e-006,-0.487333
-2.114349e-006,-0.487333
-2.114099e-006,-0.487333
-2.113849e-006,-0.487333
-2.113599e-006,-0.487333
-2.113349e-006,-0.487333
-2.113099e-006,-0.487333
-2.112849e-006,-0.487333
-2.112599e-006,-0.487333
-2.112349e-006,-0.487333
-2.112099e-006,-0.487333
-2.111849e-006,-0.487333
-2.111599e-006,-0.487333
-2.111349e-006,-0.487333
-2.111099e-006,-0.487333
-2.110849e-006,-0.487333
-2.110599e-006,-0.487333
-2.110349e-006,-0.487333
-2.110099e-006,-0.487333
-2.109849e-006,-0.487333
-2.109599e-006,-0.487333
-2.109349e-006,-0.487333
-2.109099e-006,-0.487333
-2.108849e-006,-0.487333
-2.108599e-006,-0.487333
-2.108349e-006,-0.487333
-2.108099e-006,-0.487333
-2.107849e-006,-0.487333
-2.107599e-006,-0.487333
-2.107349e-006,-0.487333
-2.107099e-006,-0.487333
-2.106849e-006,-0.487333
-2.106599e-006,-0.487333
-2.106349e-006,-0.487333
-2.106099e-006,-0.487333
-2.105849e-006,-0.487333
-2.105599e-006,-0.487333
-2.105349e-006,-0.487333
-2.105099e-006,-0.487333
-2.104849e-006,-0.487333
-2.104599e-006,-0.487333
-2.104349e-006,-0.487333
-2.104099e-006,-0.487333
-2.103849e-006,-0.487333
-2.103599e-006,-0.487333
-2.103349e-006,-0.487333
-2.103099e-006,-0.487333
-2.102849e-006,-0.487333
-2.102599e-006,-0.487333
-2.102349e-006,-0.487333
-2.102099e-006,-0.487333
-2.101849e-006,-0.487333
-2.101599e-006,-0.487333
-2.101349e-006,-0.487333
-2.101099e-006,-0.487333
-2.100849e-006,-0.487333
-2.100599e-006,-0.487333
-2.100349e-006,-0.487333
-2.100099e-006,-0.487333
-2.099849e-006,-0.487333
-2.099599e-006,-0.487333
-2.099349e-006,-0.487333
-2.099099e-006,-0.487333
-2.098849e-006,-0.487333
-2.098599e-006,-0.487333
-2.098349e-006,-0.487333
-2.098099e-006,-0.487333
-2.097849e-006,-0.487333
-2.097599e-006,-0.487333
-2.097349e-006,-0.487333
-2.097099e-006,-0.487333
-2.096849e-006,-0.487333
-2.096599e-006,-0.487333
-2.096349e-006,-0.487333
-2.096099e-006,-0.487333
-2.095849e-006,-0.487333
-2.095599e-006,-0.487333
-2.095349e-006,-0.487333
-2.095099e-006,-0.487333
-2.094849e-006,-0.487333
-2.094599e-006,-0.487333
-2.094349e-006,-0.487333
-2.094099e-006,-0.487333
-2.093849e-006,-0.487333
-2.093599e-006,-0.487333
-2.093349e-006,-0.487333
-2.093099e-006,-0.487333
-2.092849e-006,-0.487333
-2.092599e-006,-0.487333
-2.092349e-006,-0.487333
-2.092099e-006,-0.487333
-2.091849e-006,-0.487333
-2.091599e-006,-0.487333
-2.091349e-006,-0.487333
-2.091099e-006,-0.487333
-2.090849e-006,-0.487333
-2.090599e-006,-0.487333
-2.090349e-006,-0.487333
-2.090099e-006,-0.487333
-2.089849e-006,-0.487333
-2.089599e-006,-0.487333
-2.089349e-006,-0.487333
-2.089099e-006,-0.487333
-2.088849e-006,-0.487333
-2.088599e-006,-0.487333
-2.088349e-006,-0.487333
-2.088099e-006,-0.487333
-2.087849e-006,-0.487333
-2.087599e-006,-0.487333
-2.087349e-006,-0.487333
-2.087099e-006,-0.487333
-2.086849e-006,-0.487333
-2.086599e-006,-0.487333
-2.086349e-006,-0.487333
-2.086099e-006,-0.487333
-2.085849e-006,-0.487333
-2.085599e-006,-0.487333
-2.085349e-006,-0.487333
-2.085099e-006,-0.487333
-2.084849e-006,-0.487333
-2.084599e-006,-0.487333
-2.084349e-006,-0.487333
-2.084099e-006,-0.487333
-2.083849e-006,-0.487333
-2.083599e-006,-0.487333
-2.083349e-006,-0.487333
-2.083099e-006,-0.487333
-2.082849e-006,-0.487333
-2.082599e-006,-0.487333
-2.082349e-006,-0.487333
-2.082099e-006,-0.487333
-2.081849e-006,-0.487333
-2.081599e-006,-0.487333
-2.081349e-006,-0.487333
-2.081099e-006,-0.487333
-2.080849e-006,-0.487333
-2.080599e-006,-0.487333
-2.080349e-006,-0.487333
-2.080099e-006,-0.487333
-2.079849e-006,-0.487333
-2.079599e-006,-0.487333
-2.079349e-006,-0.487333
-2.079099e-006,-0.487333
-2.078849e-006,-0.487333
-2.078599e-006,-0.487333
-2.078349e-006,-0.487333
-2.078099e-006,-0.487333
-2.077849e-006,-0.487333
-2.077599e-006,-0.487333
-2.077349e-006,-0.487333
-2.077099e-006,-0.487333
-2.076849e-006,-0.487333
-2.076599e-006,-0.487333
-2.076349e-006,-0.487333
-2.076099e-006,-0.487333
-2.075849e-006,-0.487333
-2.075599e-006,-0.487333
-2.075349e-006,-0.487333
-2.075099e-006,-0.487333
-2.074849e-006,-0.487333
-2.074599e-006,-0.487333
-2.074349e-006,-0.487333
-2.074099e-006,-0.487333
-2.073849e-006,-0.487333
-2.073599e-006,-0.487333
-2.073349e-006,-0.487333
-2.073099e-006,-0.487333
-2.072849e-006,-0.487333
-2.072599e-006,-0.487333
-2.072349e-006,-0.487333
-2.072099e-006,-0.487333
-2.071849e-006,-0.487333
-2.071599e-006,-0.514
-2.071349e-006,-0.640667
-2.071099e-006,-0.764
-2.070849e-006,-0.857333
-2.070599e-006,-0.912333
-2.070349e-006,-0.912333
-2.070099e-006,-0.912333
-2.069849e-006,-0.897333
-2.069599e-006,-0.867333
-2.069349e-006,-0.850667
-2.069099e-006,-0.852333
-2.068849e-006,-0.864
-2.068599e-006,-0.872333
-2.068349e-006,-0.875667
-2.068099e-006,-0.874
-2.067849e-006,-0.870667
-2.067599e-006,-0.870667
-2.067349e-006,-0.870667
-2.067099e-006,-0.872333
-2.066849e-006,-0.872333
-2.066599e-006,-0.875667
-2.066349e-006,-0.877333
-2.066099e-006,-0.877333
-2.065849e-006,-0.872333
-2.065599e-006,-0.867333
-2.065349e-006,-0.867333
-2.065099e-006,-0.870667
-2.064849e-006,-0.872333
-2.064599e-006,-0.874
-2.064349e-006,-0.874
-2.064099e-006,-0.875667
-2.063849e-006,-0.877333
-2.063599e-006,-0.879
-2.063349e-006,-0.879
-2.063099e-006,-0.879
-2.062849e-006,-0.880667
-2.062599e-006,-0.882333
-2.062349e-006,-0.882333
-2.062099e-006,-0.880667
-2.061849e-006,-0.880667
-2.061599e-006,-0.879
-2.061349e-006,-0.880667
-2.061099e-006,-0.880667
-2.060849e-006,-0.880667
-2.060599e-006,-0.879
-2.060349e-006,-0.879
-2.060099e-006,-0.877333
-2.059849e-006,-0.877333
-2.059599e-006,-0.874
-2.059349e-006,-0.874
-2.059099e-006,-0.875667
-2.058849e-006,-0.877333
-2.058599e-006,-0.877333
-2.058349e-006,-0.879
-2.058099e-006,-0.880667
-2.057849e-006,-0.880667
-2.057599e-006,-0.882333
-2.057349e-006,-0.882333
-2.057099e-006,-0.884
-2.056849e-006,-0.885667
-2.056599e-006,-0.884
-2.056349e-006,-0.879
-2.056099e-006,-0.869
-2.055849e-006,-0.849
-2.055599e-006,-0.825667
-2.055349e-006,-0.795667
-2.055099e-006,-0.765667
-2.054849e-006,-0.740667
-2.054599e-006,-0.720667
-2.054349e-006,-0.710667
-2.054099e-006,-0.715667
-2.053849e-006,-0.734
-2.053599e-006,-0.762333
-2.053349e-006,-0.802333
-2.053099e-006,-0.840667
-2.052849e-006,-0.870667
-2.052599e-006,-0.894
-2.052349e-006,-0.900667
-2.052099e-006,-0.897333
-2.051849e-006,-0.887333
-2.051599e-006,-0.879
-2.051349e-006,-0.872333
-2.051099e-006,-0.870667
-2.050849e-006,-0.869
-2.050599e-006,-0.869
-2.050349e-006,-0.870667
-2.050099e-006,-0.872333
-2.049849e-006,-0.872333
-2.049599e-006,-0.872333
-2.049349e-006,-0.870667
-2.049099e-006,-0.872333
-2.048849e-006,-0.874
-2.048599e-006,-0.874
-2.048349e-006,-0.875667
-2.048099e-006,-0.874
-2.047849e-006,-0.870667
-2.047599e-006,-0.869
-2.047349e-006,-0.869
-2.047099e-006,-0.869
-2.046849e-006,-0.869
-2.046599e-006,-0.869
-2.046349e-006,-0.870667
-2.046099e-006,-0.870667
-2.045849e-006,-0.870667
-2.045599e-006,-0.870667
-2.045349e-006,-0.870667
-2.045099e-006,-0.870667
-2.044849e-006,-0.872333
-2.044599e-006,-0.874
-2.044349e-006,-0.875667
-2.044099e-006,-0.874
-2.043849e-006,-0.872333
-2.043599e-006,-0.872333
-2.043349e-006,-0.874
-2.043099e-006,-0.874
-2.042849e-006,-0.875667
-2.042599e-006,-0.874
-2.042349e-006,-0.875667
-2.042099e-006,-0.874
-2.041849e-006,-0.872333
-2.041599e-006,-0.869
-2.041349e-006,-0.870667
-2.041099e-006,-0.869
-2.040849e-006,-0.869
-2.040599e-006,-0.869
-2.040349e-006,-0.869
-2.040099e-006,-0.870667
-2.039849e-006,-0.870667
-2.039599e-006,-0.874
-2.039349e-006,-0.879
-2.039099e-006,-0.885667
-2.038849e-006,-0.892333
-2.038599e-006,-0.899
-2.038349e-006,-0.905667
-2.038099e-006,-0.909
-2.037849e-006,-0.907333
-2.037599e-006,-0.902333
-2.037349e-006,-0.892333
-2.037099e-006,-0.877333
-2.036849e-006,-0.862333
-2.036599e-006,-0.849
-2.036349e-006,-0.837333
-2.036099e-006,-0.830667
-2.035849e-006,-0.830667
-2.035599e-006,-0.837333
-2.035349e-006,-0.847333
-2.035099e-006,-0.859
-2.034849e-006,-0.869
-2.034599e-006,-0.877333
-2.034349e-006,-0.882333
-2.034099e-006,-0.882333
-2.033849e-006,-0.879
-2.033599e-006,-0.877333
-2.033349e-006,-0.875667
-2.033099e-006,-0.872333
-2.032849e-006,-0.872333
-2.032599e-006,-0.872333
-2.032349e-006,-0.872333
-2.032099e-006,-0.872333
-2.031849e-006,-0.872333
-2.031599e-006,-0.872333
-2.031349e-006,-0.874
-2.031099e-006,-0.874
-2.030849e-006,-0.874
-2.030599e-006,-0.874
-2.030349e-006,-0.875667
-2.030099e-006,-0.875667
-2.029849e-006,-0.874
-2.029599e-006,-0.874
-2.029349e-006,-0.872333
-2.029099e-006,-0.874
-2.028849e-006,-0.872333
-2.028599e-006,-0.872333
-2.028349e-006,-0.872333
-2.028099e-006,-0.874
-2.027849e-006,-0.872333
-2.027599e-006,-0.872333
-2.027349e-006,-0.872333
-2.027099e-006,-0.872333
-2.026849e-006,-0.872333
-2.026599e-006,-0.872333
-2.026349e-006,-0.872333
-2.026099e-006,-0.874
-2.025849e-006,-0.872333
-2.025599e-006,-0.872333
-2.025349e-006,-0.874
-2.025099e-006,-0.874
-2.024849e-006,-0.875667
-2.024599e-006,-0.874
-2.024349e-006,-0.875667
-2.024099e-006,-0.875667
-2.023849e-006,-0.875667
-2.023599e-006,-0.874
-2.023349e-006,-0.874
-2.023099e-006,-0.872333
-2.022849e-006,-0.870667
-2.022599e-006,-0.869
-2.022349e-006,-0.869
-2.022099e-006,-0.867333
-2.021849e-006,-0.864
-2.021599e-006,-0.864
-2.021349e-006,-0.865667
-2.021099e-006,-0.869
-2.020849e-006,-0.870667
-2.020599e-006,-0.875667
-2.020349e-006,-0.882333
-2.020099e-006,-0.887333
-2.019849e-006,-0.889
-2.019599e-006,-0.890667
-2.019349e-006,-0.887333
-2.019099e-006,-0.885667
-2.018849e-006,-0.879
-2.018599e-006,-0.872333
-2.018349e-006,-0.865667
-2.018099e-006,-0.862333
-2.017849e-006,-0.860667
-2.017599e-006,-0.860667
-2.017349e-006,-0.864
-2.017099e-006,-0.867333
-2.016849e-006,-0.870667
-2.016599e-006,-0.872333
-2.016349e-006,-0.875667
-2.016099e-006,-0.877333
-2.015849e-006,-0.875667
-2.015599e-006,-0.874
-2.015349e-006,-0.874
-2.015099e-006,-0.874
-2.014849e-006,-0.872333
-2.014599e-006,-0.872333
-2.014349e-006,-0.874
-2.014099e-006,-0.874
-2.013849e-006,-0.872333
-2.013599e-006,-0.872333
-2.013349e-006,-0.874
-2.013099e-006,-0.874
-2.012849e-006,-0.872333
-2.012599e-006,-0.874
-2.012349e-006,-0.874
-2.012099e-006,-0.875667
-2.011849e-006,-0.874
-2.011599e-006,-0.874
-2.011349e-006,-0.874
-2.011099e-006,-0.874
-2.010849e-006,-0.874
-2.010599e-006,-0.874
-2.010349e-006,-0.874
-2.010099e-006,-0.875667
-2.009849e-006,-0.874
-2.009599e-006,-0.874
-2.009349e-006,-0.874
-2.009099e-006,-0.874
-2.008849e-006,-0.872333
-2.008599e-006,-0.874
-2.008349e-006,-0.872333
-2.008099e-006,-0.874
-2.007849e-006,-0.872333
-2.007599e-006,-0.874
-2.007349e-006,-0.872333
-2.007099e-006,-0.874
-2.006849e-006,-0.874
-2.006599e-006,-0.874
-2.006349e-006,-0.875667
-2.006099e-006,-0.875667
-2.005849e-006,-0.875667
-2.005599e-006,-0.874
-2.005349e-006,-0.875667
-2.005099e-006,-0.875667
-2.004849e-006,-0.875667
-2.004599e-006,-0.874
-2.004349e-006,-0.872333
-2.004099e-006,-0.872333
-2.003849e-006,-0.869
-2.003599e-006,-0.867333
-2.003349e-006,-0.867333
-2.003099e-006,-0.869
-2.002849e-006,-0.869
-2.002599e-006,-0.869
-2.002349e-006,-0.874
-2.002099e-006,-0.877333
-2.001849e-006,-0.877333
-2.001599e-006,-0.880667
-2.001349e-006,-0.880667
-2.001099e-006,-0.880667
-2.000849e-006,-0.877333
-2.000599e-006,-0.875667
-2.000349e-006,-0.872333
-2.000099e-006,-0.872333
-1.999849e-006,-0.870667
-1.999599e-006,-0.869
-1.999349e-006,-0.870667
-1.999099e-006,-0.870667
-1.998849e-006,-0.870667
-1.998599e-006,-0.872333
-1.998349e-006,-0.874
-1.998099e-006,-0.874
-1.997849e-006,-0.874
-1.997599e-006,-0.874
-1.997349e-006,-0.874
-1.997099e-006,-0.874
-1.996849e-006,-0.874
-1.996599e-006,-0.874
-1.996349e-006,-0.874
-1.996099e-006,-0.874
-1.995849e-006,-0.874
-1.995599e-006,-0.874
-1.995349e-006,-0.875667
-1.995099e-006,-0.875667
-1.994849e-006,-0.874
-1.994599e-006,-0.872333
-1.994349e-006,-0.869
-1.994099e-006,-0.860667
-1.993849e-006,-0.844
-1.993599e-006,-0.817333
-1.993349e-006,-0.774
-1.993099e-006,-0.710667
-1.992849e-006,-0.622333
-1.992599e-006,-0.510667
-1.992349e-006,-0.487333
-1.992099e-006,-0.487333
-1.991849e-006,-0.487333
-1.991599e-006,-0.487333
-1.991349e-006,-0.487333
-1.991099e-006,-0.487333
-1.990849e-006,-0.487333
-1.990599e-006,-0.487333
-1.990349e-006,-0.487333
-1.990099e-006,-0.487333
-1.989849e-006,-0.487333
-1.989599e-006,-0.487333
-1.989349e-006,-0.487333
-1.989099e-006,-0.487333
-1.988849e-006,-0.487333
-1.988599e-006,-0.487333
-1.988349e-006,-0.487333
-1.988099e-006,-0.487333
-1.987849e-006,-0.487333
-1.987599e-006,-0.487333
-1.987349e-006,-0.487333
-1.987099e-006,-0.487333
-1.986849e-006,-0.487333
-1.986599e-006,-0.487333
-1.986349e-006,-0.487333
-1.986099e-006,-0.487333
-1.985849e-006,-0.487333
-1.985599e-006,-0.487333
-1.985349e-006,-0.487333
-1.985099e-006,-0.487333
-1.984849e-006,-0.487333
-1.984599e-006,-0.487333
-1.984349e-006,-0.487333
-1.984099e-006,-0.487333
-1.983849e-006,-0.487333
-1.983599e-006,-0.487333
-1.983349e-006,-0.487333
-1.983099e-006,-0.487333
-1.982849e-006,-0.487333
-1.982599e-006,-0.487333
-1.982349e-006,-0.487333
-1.982099e-006,-0.487333
-1.981849e-006,-0.487333
-1.981599e-006,-0.487333
-1.981349e-006,-0.487333
-1.981099e-006,-0.487333
-1.980849e-006,-0.487333
-1.980599e-006,-0.487333
-1.980349e-006,-0.487333
-1.980099e-006,-0.487333
-1.979849e-006,-0.487333
-1.979599e-006,-0.487333
-1.979349e-006,-0.487333
-1.979099e-006,-0.487333
-1.978849e-006,-0.487333
-1.978599e-006,-0.487333
-1.978349e-006,-0.487333
-1.978099e-006,-0.487333
-1.977849e-006,-0.487333
-1.977599e-006,-0.487333
-1.977349e-006,-0.487333
-1.977099e-006,-0.487333
-1.976849e-006,-0.487333
-1.976599e-006,-0.487333
-1.976349e-006,-0.487333
-1.976099e-006,-0.487333
-1.975849e-006,-0.487333
-1.975599e-006,-0.487333
-1.975349e-006,-0.487333
-1.975099e-006,-0.487333
-1.974849e-006,-0.487333
-1.974599e-006,-0.487333
-1.974349e-006,-0.487333
-1.974099e-006,-0.487333
-1.973849e-006,-0.487333
-1.973599e-006,-0.487333
-1.973349e-006,-0.487333
-1.973099e-006,-0.487333
-1.972849e-006,-0.487333
-1.972599e-006,-0.487333
-1.972349e-006,-0.487333
-1.972099e-006,-0.487333
-1.971849e-006,-0.487333
-1.971599e-006,-0.487333
-1.971349e-006,-0.487333
-1.971099e-006,-0.487333
-1.970849e-006,-0.487333
-1.970599e-006,-0.487333
-1.970349e-006,-0.487333
-1.970099e-006,-0.487333
-1.969849e-006,-0.487333
-1.969599e-006,-0.487333
-1.969349e-006,-0.487333
-1.969099e-006,-0.487333
-1.968849e-006,-0.487333
-1.968599e-006,-0.487333
-1.968349e-006,-0.487333
-1.968099e-006,-0.487333
-1.967849e-006,-0.487333
-1.967599e-006,-0.487333
-1.967349e-006,-0.487333
-1.967099e-006,-0.487333
-1.966849e-006,-0.487333
-1.966599e-006,-0.487333
-1.966349e-006,-0.487333
-1.966099e-006,-0.487333
-1.965849e-006,-0.487333
-1.965599e-006,-0.487333
-1.965349e-006,-0.487333
-1.965099e-006,-0.487333
-1.964849e-006,-0.487333
-1.964599e-006,-0.487333
-1.964349e-006,-0.487333
-1.964099e-006,-0.487333
-1.963849e-006,-0.487333
-1.963599e-006,-0.487333
-1.963349e-006,-0.487333
-1.963099e-006,-0.487333
-1.962849e-006,-0.487333
-1.962599e-006,-0.487333
-1.962349e-006,-0.487333
-1.962099e-006,-0.487333
-1.961849e-006,-0.487333
-1.961599e-006,-0.487333
-1.961349e-006,-0.487333
-1.961099e-006,-0.487333
-1.960849e-006,-0.487333
-1.960599e-006,-0.487333
-1.960349e-006,-0.487333
-1.960099e-006,-0.487333
-1.959849e-006,-0.487333
-1.959599e-006,-0.487333
-1.959349e-006,-0.487333
-1.959099e-006,-0.487333
-1.958849e-006,-0.487333
-1.958599e-006,-0.487333
-1.958349e-006,-0.487333
-1.958099e-006,-0.487333
-1.957849e-006,-0.487333
-1.957599e-006,-0.487333
-1.957349e-006,-0.487333
-1.957099e-006,-0.487333
-1.956849e-006,-0.487333
-1.956599e-006,-0.487333
-1.956349e-006,-0.487333
-1.956099e-006,-0.487333
-1.955849e-006,-0.487333
-1.955599e-006,-0.487333
-1.955349e-006,-0.487333
-1.955099e-006,-0.487333
-1.954849e-006,-0.487333
-1.954599e-006,-0.487333
-1.954349e-006,-0.487333
-1.954099e-006,-0.487333
-1.953849e-006,-0.487333
-1.953599e-006,-0.487333
-1.953349e-006,-0.487333
-1.953099e-006,-0.487333
-1.952849e-006,-0.487333
-1.952599e-006,-0.487333
-1.952349e-006,-0.487333
-1.952099e-006,-0.487333
-1.951849e-006,-0.487333
-1.951599e-006,-0.487333
-1.951349e-006,-0.487333
-1.951099e-006,-0.487333
-1.950849e-006,-0.487333
-1.950599e-006,-0.487333
-1.950349e-006,-0.487333
-1.950099e-006,-0.487333
-1.949849e-006,-0.487333
-1.949599e-006,-0.487333
-1.949349e-006,-0.487333
-1.949099e-006,-0.487333
-1.948849e-006,-0.487333
-1.948599e-006,-0.487333
-1.948349e-006,-0.487333
-1.948099e-006,-0.487333
-1.947849e-006,-0.487333
-1.947599e-006,-0.487333
-1.947349e-006,-0.487333
-1.947099e-006,-0.487333
-1.946849e-006,-0.487333
-1.946599e-006,-0.487333
-1.946349e-006,-0.487333
-1.946099e-006,-0.487333
-1.945849e-006,-0.487333
-1.945599e-006,-0.487333
-1.945349e-006,-0.487333
-1.945099e-006,-0.487333
-1.944849e-006,-0.487333
-1.944599e-006,-0.487333
-1.944349e-006,-0.487333
-1.944099e-006,-0.487333
-1.943849e-006,-0.487333
-1.943599e-006,-0.487333
-1.943349e-006,-0.487333
-1.943099e-006,-0.487333
-1.942849e-006,-0.487333
-1.942599e-006,-0.487333
-1.942349e-006,-0.487333
-1.942099e-006,-0.487333
-1.941849e-006,-0.487333
-1.941599e-006,-0.487333
-1.941349e-006,-0.487333
-1.941099e-006,-0.487333
-1.940849e-006,-0.487333
-1.940599e-006,-0.487333
-1.940349e-006,-0.487333
-1.940099e-006,-0.487333
-1.939849e-006,-0.487333
-1.939599e-006,-0.487333
-1.939349e-006,-0.487333
-1.939099e-006,-0.487333
-1.938849e-006,-0.487333
-1.938599e-006,-0.487333
-1.938349e-006,-0.487333
-1.938099e-006,-0.487333
-1.937849e-006,-0.487333
-1.937599e-006,-0.487333
-1.937349e-006,-0.487333
-1.937099e-006,-0.487333
-1.936849e-006,-0.487333
-1.936599e-006,-0.487333
-1.936349e-006,-0.487333
-1.936099e-006,-0.487333
-1.935849e-006,-0.487333
-1.935599e-006,-0.487333
-1.935349e-006,-0.487333
-1.935099e-006,-0.487333
-1.934849e-006,-0.487333
-1.934599e-006,-0.487333
-1.934349e-006,-0.487333
-1.934099e-006,-0.487333
-1.933849e-006,-0.487333
-1.933599e-006,-0.487333
-1.933349e-006,-0.487333
-1.933099e-006,-0.487333
-1.932849e-006,-0.487333
-1.932599e-006,-0.487333
-1.932349e-006,-0.487333
-1.932099e-006,-0.487333
-1.931849e-006,-0.487333
-1.931599e-006,-0.487333
-1.931349e-006,-0.487333
-1.931099e-006,-0.487333
-1.930849e-006,-0.487333
-1.930599e-006,-0.487333
-1.930349e-006,-0.487333
-1.930099e-006,-0.487333
-1.929849e-006,-0.487333
-1.929599e-006,-0.487333
-1.929349e-006,-0.487333
-1.929099e-006,-0.487333
-1.928849e-006,-0.487333
-1.928599e-006,-0.487333
-1.928349e-006,-0.487333
-1.928099e-006,-0.487333
-1.927849e-006,-0.609
-1.927599e-006,-0.737333
-1.927349e-006,-0.840667
-1.927099e-006,-0.912333
-1.926849e-006,-0.912333
-1.926599e-006,-0.912333
-1.926349e-006,-0.907333
-1.926099e-006,-0.877333
-1.925849e-006,-0.855667
-1.925599e-006,-0.854
-1.925349e-006,-0.865667
-1.925099e-006,-0.875667
-1.924849e-006,-0.879
-1.924599e-006,-0.879
-1.924349e-006,-0.875667
-1.924099e-006,-0.874
-1.923849e-006,-0.872333
-1.923599e-006,-0.870667
-1.923349e-006,-0.870667
-1.923099e-006,-0.870667
-1.922849e-006,-0.870667
-1.922599e-006,-0.869
-1.922349e-006,-0.865667
-1.922099e-006,-0.862333
-1.921849e-006,-0.864
-1.921599e-006,-0.869
-1.921349e-006,-0.875667
-1.921099e-006,-0.877333
-1.920849e-006,-0.877333
-1.920599e-006,-0.877333
-1.920349e-006,-0.879
-1.920099e-006,-0.879
-1.919849e-006,-0.879
-1.919599e-006,-0.879
-1.919349e-006,-0.880667
-1.919099e-006,-0.882333
-1.918849e-006,-0.882333
-1.918599e-006,-0.880667
-1.918349e-006,-0.880667
-1.918099e-006,-0.879
-1.917849e-006,-0.879
-1.917599e-006,-0.880667
-1.917349e-006,-0.880667
-1.917099e-006,-0.879
-1.916849e-006,-0.879
-1.916599e-006,-0.879
-1.916349e-006,-0.877333
-1.916099e-006,-0.875667
-1.915849e-006,-0.874
-1.915599e-006,-0.874
-1.915349e-006,-0.877333
-1.915099e-006,-0.879
-1.914849e-006,-0.879
-1.914599e-006,-0.879
-1.914349e-006,-0.880667
-1.914099e-006,-0.882333
-1.913849e-006,-0.882333
-1.913599e-006,-0.882333
-1.913349e-006,-0.885667
-1.913099e-006,-0.884
-1.912849e-006,-0.880667
-1.912599e-006,-0.869
-1.912349e-006,-0.852333
-1.912099e-006,-0.829
-1.911849e-006,-0.802333
-1.911599e-006,-0.774
-1.911349e-006,-0.745667
-1.911099e-006,-0.725667
-1.910849e-006,-0.712333
-1.910599e-006,-0.712333
-1.910349e-006,-0.725667
-1.910099e-006,-0.754
-1.909849e-006,-0.789
-1.909599e-006,-0.832333
-1.909349e-006,-0.865667
-1.909099e-006,-0.890667
-1.908849e-006,-0.899
-1.908599e-006,-0.899
-1.908349e-006,-0.889
-1.908099e-006,-0.880667
-1.907849e-006,-0.872333
-1.907599e-006,-0.869
-1.907349e-006,-0.869
-1.907099e-006,-0.870667
-1.906849e-006,-0.872333
-1.906599e-006,-0.874
-1.906349e-006,-0.875667
-1.906099e-006,-0.875667
-1.905849e-006,-0.874
-1.905599e-006,-0.874
-1.905349e-006,-0.875667
-1.905099e-006,-0.874
-1.904849e-006,-0.872333
-1.904599e-006,-0.870667
-1.904349e-006,-0.869
-1.904099e-006,-0.867333
-1.903849e-006,-0.867333
-1.903599e-006,-0.867333
-1.903349e-006,-0.869
-1.903099e-006,-0.869
-1.902849e-006,-0.869
-1.902599e-006,-0.870667
-1.902349e-006,-0.870667
-1.902099e-006,-0.870667
-1.901849e-006,-0.869
-1.901599e-006,-0.870667
-1.901349e-006,-0.870667
-1.901099e-006,-0.872333
-1.900849e-006,-0.872333
-1.900599e-006,-0.872333
-1.900349e-006,-0.872333
-1.900099e-006,-0.874
-1.899849e-006,-0.872333
-1.899599e-006,-0.872333
-1.899349e-006,-0.874
-1.899099e-006,-0.875667
-1.898849e-006,-0.874
-1.898599e-006,-0.872333
-1.898349e-006,-0.872333
-1.898099e-006,-0.870667
-1.897849e-006,-0.869
-1.897599e-006,-0.869
-1.897349e-006,-0.869
-1.897099e-006,-0.869
-1.896849e-006,-0.869
-1.896599e-006,-0.869
-1.896349e-006,-0.869
-1.896099e-006,-0.874
-1.895849e-006,-0.877333
-1.895599e-006,-0.882333
-1.895349e-006,-0.889
-1.895099e-006,-0.897333
-1.894849e-006,-0.904
-1.894599e-006,-0.907333
-1.894349e-006,-0.907333
-1.894099e-006,-0.904
-1.893849e-006,-0.894
-1.893599e-006,-0.882333
-1.893349e-006,-0.865667
-1.893099e-006,-0.852333
-1.892849e-006,-0.839
-1.892599e-006,-0.830667
-1.892349e-006,-0.830667
-1.892099e-006,-0.835667
-1.891849e-006,-0.844
-1.891599e-006,-0.855667
-1.891349e-006,-0.867333
-1.891099e-006,-0.875667
-1.890849e-006,-0.880667
-1.890599e-006,-0.880667
-1.890349e-006,-0.879
-1.890099e-006,-0.875667
-1.889849e-006,-0.874
-1.889599e-006,-0.870667
-1.889349e-006,-0.870667
-1.889099e-006,-0.870667
-1.888849e-006,-0.872333
-1.888599e-006,-0.872333
-1.888349e-006,-0.872333
-1.888099e-006,-0.874
-1.887849e-006,-0.874
-1.887599e-006,-0.874
-1.887349e-006,-0.875667
-1.887099e-006,-0.875667
-1.886849e-006,-0.874
-1.886599e-006,-0.874
-1.886349e-006,-0.872333
-1.886099e-006,-0.874
-1.885849e-006,-0.870667
-1.885599e-006,-0.872333
-1.885349e-006,-0.872333
-1.885099e-006,-0.874
-1.884849e-006,-0.872333
-1.884599e-006,-0.872333
-1.884349e-006,-0.872333
-1.884099e-006,-0.874
-1.883849e-006,-0.872333
-1.883599e-006,-0.872333
-1.883349e-006,-0.872333
-1.883099e-006,-0.874
-1.882849e-006,-0.872333
-1.882599e-006,-0.872333
-1.882349e-006,-0.872333
-1.882099e-006,-0.874
-1.881849e-006,-0.872333
-1.881599e-006,-0.874
-1.881349e-006,-0.875667
-1.881099e-006,-0.875667
-1.880849e-006,-0.875667
-1.880599e-006,-0.874
-1.880349e-006,-0.875667
-1.880099e-006,-0.875667
-1.879849e-006,-0.872333
-1.879599e-006,-0.870667
-1.879349e-006,-0.870667
-1.879099e-006,-0.870667
-1.878849e-006,-0.867333
-1.878599e-006,-0.865667
-1.878349e-006,-0.864
-1.878099e-006,-0.865667
-1.877849e-006,-0.864
-1.877599e-006,-0.867333
-1.877349e-006,-0.870667
-1.877099e-006,-0.875667
-1.876849e-006,-0.880667
-1.876599e-006,-0.884
-1.876349e-006,-0.889
-1.876099e-006,-0.890667
-1.875849e-006,-0.889
-1.875599e-006,-0.884
-1.875349e-006,-0.879
-1.875099e-006,-0.874
-1.874849e-006,-0.867333
-1.874599e-006,-0.862333
-1.874349e-006,-0.860667
-1.874099e-006,-0.860667
-1.873849e-006,-0.862333
-1.873599e-006,-0.865667
-1.873349e-006,-0.869
-1.873099e-006,-0.874
-1.872849e-006,-0.875667
-1.872599e-006,-0.875667
-1.872349e-006,-0.875667
-1.872099e-006,-0.875667
-1.871849e-006,-0.874
-1.871599e-006,-0.872333
-1.871349e-006,-0.872333
-1.871099e-006,-0.872333
-1.870849e-006,-0.872333
-1.870599e-006,-0.872333
-1.870349e-006,-0.872333
-1.870099e-006,-0.874
-1.869849e-006,-0.872333
-1.869599e-006,-0.874
-1.869349e-006,-0.874
-1.869099e-006,-0.874
-1.868849e-006,-0.874
-1.868599e-006,-0.874
-1.868349e-006,-0.874
-1.868099e-006,-0.874
-1.867849e-006,-0.874
-1.867599e-006,-0.872333
-1.867349e-006,-0.874
-1.867099e-006,-0.874
-1.866849e-006,-0.874
-1.866599e-006,-0.872333
-1.866349e-006,-0.874
-1.866099e-006,-0.874
-1.865849e-006,-0.874
-1.865599e-006,-0.872333
-1.865349e-006,-0.874
-1.865099e-006,-0.874
-1.864849e-006,-0.874
-1.864599e-006,-0.872333
-1.864349e-006,-0.874
-1.864099e-006,-0.874
-1.863849e-006,-0.874
-1.863599e-006,-0.872333
-1.863349e-006,-0.874
-1.863099e-006,-0.875667
-1.862849e-006,-0.875667
-1.862599e-006,-0.874
-1.862349e-006,-0.875667
-1.862099e-006,-0.877333
-1.861849e-006,-0.875667
-1.861599e-006,-0.874
-1.861349e-006,-0.875667
-1.861099e-006,-0.875667
-1.860849e-006,-0.874
-1.860599e-006,-0.872333
-1.860349e-006,-0.870667
-1.860099e-006,-0.869
-1.859849e-006,-0.867333
-1.859599e-006,-0.867333
-1.859349e-006,-0.869
-1.859099e-006,-0.870667
-1.858849e-006,-0.872333
-1.858599e-006,-0.874
-1.858349e-006,-0.877333
-1.858099e-006,-0.879
-1.857849e-006,-0.879
-1.857599e-006,-0.879
-1.857349e-006,-0.879
-1.857099e-006,-0.877333
-1.856849e-006,-0.874
-1.856599e-006,-0.872333
-1.856349e-006,-0.870667
-1.856099e-006,-0.869
-1.855849e-006,-0.869
-1.855599e-006,-0.869
-1.855349e-006,-0.870667
-1.855099e-006,-0.872333
-1.854849e-006,-0.874
-1.854599e-006,-0.874
-1.854349e-006,-0.875667
-1.854099e-006,-0.874
-1.853849e-006,-0.874
-1.853599e-006,-0.874
-1.853349e-006,-0.874
-1.853099e-006,-0.874
-1.852849e-006,-0.872333
-1.852599e-006,-0.872333
-1.852349e-006,-0.872333
-1.852099e-006,-0.874
-1.851849e-006,-0.872333
-1.851599e-006,-0.872333
-1.851349e-006,-0.872333
-1.851099e-006,-0.874
-1.850849e-006,-0.872333
-1.850599e-006,-0.874
-1.850349e-006,-0.874
-1.850099e-006,-0.874
-1.849849e-006,-0.872333
-1.849599e-006,-0.874
-1.849349e-006,-0.874
-1.849099e-006,-0.874
-1.848849e-006,-0.872333
-1.848599e-006,-0.874
-1.848349e-006,-0.874
-1.848099e-006,-0.874
-1.847849e-006,-0.872333
-1.847599e-006,-0.874
-1.847349e-006,-0.874
-1.847099e-006,-0.874
-1.846849e-006,-0.872333
-1.846599e-006,-0.874
-1.846349e-006,-0.874
-1.846099e-006,-0.874
-1.845849e-006,-0.872333
-1.845599e-006,-0.872333
-1.845349e-006,-0.874
-1.845099e-006,-0.874
-1.844849e-006,-0.872333
-1.844599e-006,-0.874
-1.844349e-006,-0.874
-1.844099e-006,-0.874
-1.843849e-006,-0.874
-1.843599e-006,-0.874
-1.843349e-006,-0.875667
-1.843099e-006,-0.875667
-1.842849e-006,-0.874
-1.842599e-006,-0.874
-1.842349e-006,-0.874
-1.842099e-006,-0.872333
-1.841849e-006,-0.870667
-1.841599e-006,-0.870667
-1.841349e-006,-0.870667
-1.841099e-006,-0.872333
-1.840849e-006,-0.872333
-1.840599e-006,-0.872333
-1.840349e-006,-0.874
-1.840099e-006,-0.875667
-1.839849e-006,-0.875667
-1.839599e-006,-0.874
-1.839349e-006,-0.875667
-1.839099e-006,-0.875667
-1.838849e-006,-0.874
-1.838599e-006,-0.872333
-1.838349e-006,-0.872333
-1.838099e-006,-0.872333
-1.837849e-006,-0.870667
-1.837599e-006,-0.870667
-1.837349e-006,-0.872333
-1.837099e-006,-0.872333
-1.836849e-006,-0.872333
-1.836599e-006,-0.872333
-1.836349e-006,-0.872333
-1.836099e-006,-0.874
-1.835849e-006,-0.874
-1.835599e-006,-0.872333
-1.835349e-006,-0.872333
-1.835099e-006,-0.874
-1.834849e-006,-0.872333
-1.834599e-006,-0.872333
-1.834349e-006,-0.872333
-1.834099e-006,-0.874
-1.833849e-006,-0.872333
-1.833599e-006,-0.874
-1.833349e-006,-0.872333
-1.833099e-006,-0.874
-1.832849e-006,-0.872333
-1.832599e-006,-0.872333
-1.832349e-006,-0.872333
-1.832099e-006,-0.874
-1.831849e-006,-0.872333
-1.831599e-006,-0.872333
-1.831349e-006,-0.874
-1.831099e-006,-0.874
-1.830849e-006,-0.872333
-1.830599e-006,-0.874
-1.830349e-006,-0.874
-1.830099e-006,-0.874
-1.829849e-006,-0.872333
-1.829599e-006,-0.874
-1.829349e-006,-0.874
-1.829099e-006,-0.874
-1.828849e-006,-0.874
-1.828599e-006,-0.874
-1.828349e-006,-0.874
-1.828099e-006,-0.874
-1.827849e-006,-0.874
-1.827599e-006,-0.872333
-1.827349e-006,-0.872333
-1.827099e-006,-0.872333
-1.826849e-006,-0.872333
-1.826599e-006,-0.872333
-1.826349e-006,-0.874
-1.826099e-006,-0.874
-1.825849e-006,-0.874
-1.825599e-006,-0.874
-1.825349e-006,-0.874
-1.825099e-006,-0.874
-1.824849e-006,-0.874
-1.824599e-006,-0.874
-1.824349e-006,-0.874
-1.824099e-006,-0.874
-1.823849e-006,-0.872333
-1.823599e-006,-0.870667
-1.823349e-006,-0.870667
-1.823099e-006,-0.872333
-1.822849e-006,-0.872333
-1.822599e-006,-0.872333
-1.822349e-006,-0.872333
-1.822099e-006,-0.874
-1.821849e-006,-0.874
-1.821599e-006,-0.872333
-1.821349e-006,-0.874
-1.821099e-006,-0.874
-1.820849e-006,-0.874
-1.820599e-006,-0.872333
-1.820349e-006,-0.874
-1.820099e-006,-0.874
-1.819849e-006,-0.872333
-1.819599e-006,-0.872333
-1.819349e-006,-0.872333
-1.819099e-006,-0.874
-1.818849e-006,-0.872333
-1.818599e-006,-0.872333
-1.818349e-006,-0.874
-1.818099e-006,-0.874
-1.817849e-006,-0.872333
-1.817599e-006,-0.872333
-1.817349e-006,-0.874
-1.817099e-006,-0.874
-1.816849e-006,-0.872333
-1.816599e-006,-0.872333
-1.816349e-006,-0.874
-1.816099e-006,-0.874
-1.815849e-006,-0.872333
-1.815599e-006,-0.872333
-1.815349e-006,-0.872333
-1.815099e-006,-0.874
-1.814849e-006,-0.872333
-1.814599e-006,-0.872333
-1.814349e-006,-0.872333
-1.814099e-006,-0.874
-1.813849e-006,-0.872333
-1.813599e-006,-0.872333
-1.813349e-006,-0.872333
-1.813099e-006,-0.874
-1.812849e-006,-0.874
-1.812599e-006,-0.872333
-1.812349e-006,-0.872333
-1.812099e-006,-0.874
-1.811849e-006,-0.874
-1.811599e-006,-0.874
-1.811349e-006,-0.872333
-1.811099e-006,-0.874
-1.810849e-006,-0.872333
-1.810599e-006,-0.874
-1.810349e-006,-0.874
-1.810099e-006,-0.874
-1.809849e-006,-0.872333
-1.809599e-006,-0.872333
-1.809349e-006,-0.874
-1.809099e-006,-0.874
-1.808849e-006,-0.872333
-1.808599e-006,-0.872333
-1.808349e-006,-0.874
-1.808099e-006,-0.874
-1.807849e-006,-0.872333
-1.807599e-006,-0.872333
-1.807349e-006,-0.874
-1.807099e-006,-0.874
-1.806849e-006,-0.872333
-1.806599e-006,-0.872333
-1.806349e-006,-0.874
-1.806099e-006,-0.874
-1.805849e-006,-0.874
-1.805599e-006,-0.872333
-1.805349e-006,-0.874
-1.805099e-006,-0.874
-1.804849e-006,-0.872333
-1.804599e-006,-0.872333
-1.804349e-006,-0.874
-1.804099e-006,-0.874
-1.803849e-006,-0.872333
-1.803599e-006,-0.872333
-1.803349e-006,-0.874
-1.803099e-006,-0.874
-1.802849e-006,-0.874
-1.802599e-006,-0.874
-1.802349e-006,-0.874
-1.802099e-006,-0.874
-1.801849e-006,-0.874
-1.801599e-006,-0.874
-1.801349e-006,-0.874
-1.801099e-006,-0.874
-1.800849e-006,-0.874
-1.800599e-006,-0.874
-1.800349e-006,-0.874
-1.800099e-006,-0.874
-1.799849e-006,-0.874
-1.799599e-006,-0.872333
-1.799349e-006,-0.874
-1.799099e-006,-0.874
-1.798849e-006,-0.874
-1.798599e-006,-0.874
-1.798349e-006,-0.874
-1.798099e-006,-0.874
-1.797849e-006,-0.874
-1.797599e-006,-0.874
-1.797349e-006,-0.874
-1.797099e-006,-0.874
-1.796849e-006,-0.874
-1.796599e-006,-0.872333
-1.796349e-006,-0.874
-1.796099e-006,-0.874
-1.795849e-006,-0.874
-1.795599e-006,-0.874
-1.795349e-006,-0.874
-1.795099e-006,-0.874
-1.794849e-006,-0.874
-1.794599e-006,-0.872333
-1.794349e-006,-0.874
-1.794099e-006,-0.874
-1.793849e-006,-0.874
-1.793599e-006,-0.872333
-1.793349e-006,-0.874
-1.793099e-006,-0.874
-1.792849e-006,-0.874
-1.792599e-006,-0.874
-1.792349e-006,-0.874
-1.792099e-006,-0.874
-1.791849e-006,-0.874
-1.791599e-006,-0.874
-1.791349e-006,-0.874
-1.791099e-006,-0.874
-1.790849e-006,-0.874
-1.790599e-006,-0.874
-1.790349e-006,-0.874
-1.790099e-006,-0.874
-1.789849e-006,-0.872333
-1.789599e-006,-0.874
-1.789349e-006,-0.874
-1.789099e-006,-0.874
-1.788849e-006,-0.872333
-1.788599e-006,-0.874
-1.788349e-006,-0.874
-1.788099e-006,-0.874
-1.787849e-006,-0.872333
-1.787599e-006,-0.874
-1.787349e-006,-0.874
-1.787099e-006,-0.874
-1.786849e-006,-0.872333
-1.786599e-006,-0.872333
-1.786349e-006,-0.872333
-1.786099e-006,-0.874
-1.785849e-006,-0.874
-1.785599e-006,-0.872333
-1.785349e-006,-0.874
-1.785099e-006,-0.874
-1.784849e-006,-0.874
-1.784599e-006,-0.872333
-1.784349e-006,-0.874
-1.784099e-006,-0.874
-1.783849e-006,-0.874
-1.783599e-006,-0.872333
-1.783349e-006,-0.874
-1.783099e-006,-0.874
-1.782849e-006,-0.874
-1.782599e-006,-0.872333
-1.782349e-006,-0.874
-1.782099e-006,-0.874
-1.781849e-006,-0.874
-1.781599e-006,-0.874
-1.781349e-006,-0.874
-1.781099e-006,-0.875667
-1.780849e-006,-0.874
-1.780599e-006,-0.874
-1.780349e-006,-0.874
-1.780099e-006,-0.875667
-1.779849e-006,-0.874
-1.779599e-006,-0.874
-1.779349e-006,-0.874
-1.779099e-006,-0.874
-1.778849e-006,-0.874
-1.778599e-006,-0.874
-1.778349e-006,-0.874
-1.778099e-006,-0.874
-1.777849e-006,-0.874
-1.777599e-006,-0.874
-1.777349e-006,-0.874
-1.777099e-006,-0.874
-1.776849e-006,-0.874
-1.776599e-006,-0.874
-1.776349e-006,-0.874
-1.776099e-006,-0.874
-1.775849e-006,-0.874
-1.775599e-006,-0.872333
-1.775349e-006,-0.874
-1.775099e-006,-0.874
-1.774849e-006,-0.874
-1.774599e-006,-0.874
-1.774349e-006,-0.874
-1.774099e-006,-0.874
-1.773849e-006,-0.874
-1.773599e-006,-0.874
-1.773349e-006,-0.874
-1.773099e-006,-0.874
-1.772849e-006,-0.874
-1.772599e-006,-0.874
-1.772349e-006,-0.874
-1.772099e-006,-0.874
-1.771849e-006,-0.872333
-1.771599e-006,-0.874
-1.771349e-006,-0.874
-1.771099e-006,-0.874
-1.770849e-006,-0.872333
-1.770599e-006,-0.874
-1.770349e-006,-0.874
-1.770099e-006,-0.874
-1.769849e-006,-0.874
-1.769599e-006,-0.874
-1.769349e-006,-0.874
-1.769099e-006,-0.874
-1.768849e-006,-0.874
-1.768599e-006,-0.874
-1.768349e-006,-0.874
-1.768099e-006,-0.874
-1.767849e-006,-0.874
-1.767599e-006,-0.874
-1.767349e-006,-0.874
-1.767099e-006,-0.874
-1.766849e-006,-0.874
-1.766599e-006,-0.874
-1.766349e-006,-0.874
-1.766099e-006,-0.874
-1.765849e-006,-0.874
-1.765599e-006,-0.874
-1.765349e-006,-0.874
-1.765099e-006,-0.874
-1.764849e-006,-0.874
-1.764599e-006,-0.874
-1.764349e-006,-0.874
-1.764099e-006,-0.874
-1.763849e-006,-0.874
-1.763599e-006,-0.874
-1.763349e-006,-0.874
-1.763099e-006,-0.874
-1.762849e-006,-0.874
-1.762599e-006,-0.874
-1.762349e-006,-0.874
-1.762099e-006,-0.874
-1.761849e-006,-0.874
-1.761599e-006,-0.874
-1.761349e-006,-0.874
-1.761099e-006,-0.874
-1.760849e-006,-0.874
-1.760599e-006,-0.874
-1.760349e-006,-0.874
-1.760099e-006,-0.874
-1.759849e-006,-0.874
-1.759599e-006,-0.874
-1.759349e-006,-0.874
-1.759099e-006,-0.874
-1.758849e-006,-0.874
-1.758599e-006,-0.874
-1.758349e-006,-0.874
-1.758099e-006,-0.874
-1.757849e-006,-0.874
-1.757599e-006,-0.874
-1.757349e-006,-0.874
-1.757099e-006,-0.874
-1.756849e-006,-0.874
-1.756599e-006,-0.874
-1.756349e-006,-0.872333
-1.756099e-006,-0.874
-1.755849e-006,-0.874
-1.755599e-006,-0.874
-1.755349e-006,-0.874
-1.755099e-006,-0.874
-1.754849e-006,-0.874
-1.754599e-006,-0.874
-1.754349e-006,-0.874
-1.754099e-006,-0.874
-1.753849e-006,-0.874
-1.753599e-006,-0.874
-1.753349e-006,-0.874
-1.753099e-006,-0.875667
-1.752849e-006,-0.874
-1.752599e-006,-0.874
-1.752349e-006,-0.874
-1.752099e-006,-0.875667
-1.751849e-006,-0.874
-1.751599e-006,-0.874
-1.751349e-006,-0.874
-1.751099e-006,-0.875667
-1.750849e-006,-0.874
-1.750599e-006,-0.874
-1.750349e-006,-0.874
-1.750099e-006,-0.874
-1.749849e-006,-0.874
-1.749599e-006,-0.872333
-1.749349e-006,-0.874
-1.749099e-006,-0.874
-1.748849e-006,-0.874
-1.748599e-006,-0.874
-1.748349e-006,-0.874
-1.748099e-006,-0.874
-1.747849e-006,-0.874
-1.747599e-006,-0.874
-1.747349e-006,-0.874
-1.747099e-006,-0.874
-1.746849e-006,-0.874
-1.746599e-006,-0.874
-1.746349e-006,-0.874
-1.746099e-006,-0.874
-1.745849e-006,-0.874
-1.745599e-006,-0.874
-1.745349e-006,-0.875667
-1.745099e-006,-0.874
-1.744849e-006,-0.874
-1.744599e-006,-0.874
-1.744349e-006,-0.874
-1.744099e-006,-0.874
-1.743849e-006,-0.874
-1.743599e-006,-0.874
-1.743349e-006,-0.874
-1.743099e-006,-0.874
-1.742849e-006,-0.874
-1.742599e-006,-0.874
-1.742349e-006,-0.874
-1.742099e-006,-0.874
-1.741849e-006,-0.874
-1.741599e-006,-0.874
-1.741349e-006,-0.874
-1.741099e-006,-0.875667
-1.740849e-006,-0.874
-1.740599e-006,-0.874
-1.740349e-006,-0.874
-1.740099e-006,-0.875667
-1.739849e-006,-0.874
-1.739599e-006,-0.874
-1.739349e-006,-0.874
-1.739099e-006,-0.875667
-1.738849e-006,-0.874
-1.738599e-006,-0.874
-1.738349e-006,-0.874
-1.738099e-006,-0.874
-1.737849e-006,-0.874
-1.737599e-006,-0.874
-1.737349e-006,-0.874
-1.737099e-006,-0.874
-1.736849e-006,-0.874
-1.736599e-006,-0.874
-1.736349e-006,-0.874
-1.736099e-006,-0.874
-1.735849e-006,-0.874
-1.735599e-006,-0.874
-1.735349e-006,-0.874
-1.735099e-006,-0.874
-1.734849e-006,-0.874
-1.734599e-006,-0.874
-1.734349e-006,-0.874
-1.734099e-006,-0.874
-1.733849e-006,-0.874
-1.733599e-006,-0.874
-1.733349e-006,-0.874
-1.733099e-006,-0.874
-1.732849e-006,-0.874
-1.732599e-006,-0.874
-1.732349e-006,-0.874
-1.732099e-006,-0.874
-1.731849e-006,-0.874
-1.731599e-006,-0.874
-1.731349e-006,-0.874
-1.731099e-006,-0.875667
-1.730849e-006,-0.874
-1.730599e-006,-0.874
-1.730349e-006,-0.874
-1.730099e-006,-0.875667
-1.729849e-006,-0.874
-1.729599e-006,-0.874
-1.729349e-006,-0.874
-1.729099e-006,-0.875667
-1.728849e-006,-0.874
-1.728599e-006,-0.874
-1.728349e-006,-0.874
-1.728099e-006,-0.875667
-1.727849e-006,-0.874
-1.727599e-006,-0.874
-1.727349e-006,-0.874
-1.727099e-006,-0.874
-1.726849e-006,-0.874
-1.726599e-006,-0.874
-1.726349e-006,-0.874
-1.726099e-006,-0.874
-1.725849e-006,-0.874
-1.725599e-006,-0.874
-1.725349e-006,-0.874
-1.725099e-006,-0.874
-1.724849e-006,-0.874
-1.724599e-006,-0.874
-1.724349e-006,-0.874
-1.724099e-006,-0.874
-1.723849e-006,-0.874
-1.723599e-006,-0.874
-1.723349e-006,-0.874
-1.723099e-006,-0.874
-1.722849e-006,-0.874
-1.722599e-006,-0.874
-1.722349e-006,-0.874
-1.722099e-006,-0.874
-1.721849e-006,-0.874
-1.721599e-006,-0.874
-1.721349e-006,-0.874
-1.721099e-006,-0.874
-1.720849e-006,-0.874
-1.720599e-006,-0.874
-1.720349e-006,-0.874
-1.720099e-006,-0.874
-1.719849e-006,-0.874
-1.719599e-006,-0.874
-1.719349e-006,-0.874
-1.719099e-006,-0.874
-1.718849e-006,-0.874
-1.718599e-006,-0.874
-1.718349e-006,-0.874
-1.718099e-006,-0.874
-1.717849e-006,-0.874
-1.717599e-006,-0.874
-1.717349e-006,-0.875667
-1.717099e-006,-0.874
-1.716849e-006,-0.874
-1.716599e-006,-0.874
-1.716349e-006,-0.875667
-1.716099e-006,-0.874
-1.715849e-006,-0.874
-1.715599e-006,-0.874
-1.715349e-006,-0.875667
-1.715099e-006,-0.874
-1.714849e-006,-0.874
-1.714599e-006,-0.874
-1.714349e-006,-0.875667
-1.714099e-006,-0.874
-1.713849e-006,-0.874
-1.713599e-006,-0.874
-1.713349e-006,-0.875667
-1.713099e-006,-0.874
-1.712849e-006,-0.874
-1.712599e-006,-0.874
-1.712349e-006,-0.875667
-1.712099e-006,-0.874
-1.711849e-006,-0.874
-1.711599e-006,-0.874
-1.711349e-006,-0.875667
-1.711099e-006,-0.875667
-1.710849e-006,-0.874
-1.710599e-006,-0.874
-1.710349e-006,-0.875667
-1.710099e-006,-0.875667
-1.709849e-006,-0.874
-1.709599e-006,-0.874
-1.709349e-006,-0.875667
-1.709099e-006,-0.875667
-1.708849e-006,-0.874
-1.708599e-006,-0.874
-1.708349e-006,-0.875667
-1.708099e-006,-0.875667
-1.707849e-006,-0.874
-1.707599e-006,-0.874
-1.707349e-006,-0.874
-1.707099e-006,-0.875667
-1.706849e-006,-0.874
-1.706599e-006,-0.874
-1.706349e-006,-0.874
-1.706099e-006,-0.874
-1.705849e-006,-0.874
-1.705599e-006,-0.874
-1.705349e-006,-0.874
-1.705099e-006,-0.875667
-1.704849e-006,-0.874
-1.704599e-006,-0.874
-1.704349e-006,-0.874
-1.704099e-006,-0.874
-1.703849e-006,-0.874
-1.703599e-006,-0.874
-1.703349e-006,-0.874
-1.703099e-006,-0.874
-1.702849e-006,-0.874
-1.702599e-006,-0.874
-1.702349e-006,-0.874
-1.702099e-006,-0.874
-1.701849e-006,-0.874
-1.701599e-006,-0.874
-1.701349e-006,-0.874
-1.701099e-006,-0.874
-1.700849e-006,-0.874
-1.700599e-006,-0.874
-1.700349e-006,-0.874
-1.700099e-006,-0.874
-1.699849e-006,-0.874
-1.699599e-006,-0.874
-1.699349e-006,-0.875667
-1.699099e-006,-0.875667
-1.698849e-006,-0.874
-1.698599e-006,-0.874
-1.698349e-006,-0.875667
-1.698099e-006,-0.874
-1.697849e-006,-0.874
-1.697599e-006,-0.874
-1.697349e-006,-0.874
-1.697099e-006,-0.874
-1.696849e-006,-0.874
-1.696599e-006,-0.874
-1.696349e-006,-0.874
-1.696099e-006,-0.875667
-1.695849e-006,-0.874
-1.695599e-006,-0.874
-1.695349e-006,-0.874
-1.695099e-006,-0.875667
-1.694849e-006,-0.874
-1.694599e-006,-0.874
-1.694349e-006,-0.874
-1.694099e-006,-0.874
-1.693849e-006,-0.874
-1.693599e-006,-0.874
-1.693349e-006,-0.874
-1.693099e-006,-0.874
-1.692849e-006,-0.874
-1.692599e-006,-0.874
-1.692349e-006,-0.874
-1.692099e-006,-0.874
-1.691849e-006,-0.874
-1.691599e-006,-0.874
-1.691349e-006,-0.874
-1.691099e-006,-0.874
-1.690849e-006,-0.874
-1.690599e-006,-0.874
-1.690349e-006,-0.874
-1.690099e-006,-0.874
-1.689849e-006,-0.874
-1.689599e-006,-0.874
-1.689349e-006,-0.874
-1.689099e-006,-0.874
-1.688849e-006,-0.874
-1.688599e-006,-0.874
-1.688349e-006,-0.874
-1.688099e-006,-0.874
-1.687849e-006,-0.874
-1.687599e-006,-0.874
-1.687349e-006,-0.874
-1.687099e-006,-0.874
-1.686849e-006,-0.874
-1.686599e-006,-0.874
-1.686349e-006,-0.874
-1.686099e-006,-0.874
-1.685849e-006,-0.874
-1.685599e-006,-0.874
-1.685349e-006,-0.874
-1.685099e-006,-0.874
-1.684849e-006,-0.874
-1.684599e-006,-0.874
-1.684349e-006,-0.874
-1.684099e-006,-0.874
-1.683849e-006,-0.874
-1.683599e-006,-0.874
-1.683349e-006,-0.874
-1.683099e-006,-0.874
-1.682849e-006,-0.874
-1.682599e-006,-0.874
-1.682349e-006,-0.874
-1.682099e-006,-0.874
-1.681849e-006,-0.874
-1.681599e-006,-0.874
-1.681349e-006,-0.874
-1.681099e-006,-0.875667
-1.680849e-006,-0.874
-1.680599e-006,-0.874
-1.680349e-006,-0.874
-1.680099e-006,-0.875667
-1.679849e-006,-0.874
-1.679599e-006,-0.874
-1.679349e-006,-0.874
-1.679099e-006,-0.875667
-1.678849e-006,-0.874
-1.678599e-006,-0.874
-1.678349e-006,-0.874
-1.678099e-006,-0.875667
-1.677849e-006,-0.874
-1.677599e-006,-0.874
-1.677349e-006,-0.874
-1.677099e-006,-0.875667
-1.676849e-006,-0.874
-1.676599e-006,-0.874
-1.676349e-006,-0.875667
-1.676099e-006,-0.875667
-1.675849e-006,-0.874
-1.675599e-006,-0.874
-1.675349e-006,-0.875667
-1.675099e-006,-0.875667
-1.674849e-006,-0.874
-1.674599e-006,-0.874
-1.674349e-006,-0.875667
-1.674099e-006,-0.875667
-1.673849e-006,-0.874
-1.673599e-006,-0.874
-1.673349e-006,-0.875667
-1.673099e-006,-0.875667
-1.672849e-006,-0.874
-1.672599e-006,-0.874
-1.672349e-006,-0.874
-1.672099e-006,-0.875667
-1.671849e-006,-0.874
-1.671599e-006,-0.874
-1.671349e-006,-0.874
-1.671099e-006,-0.875667
-1.670849e-006,-0.874
-1.670599e-006,-0.874
-1.670349e-006,-0.875667
-1.670099e-006,-0.875667
-1.669849e-006,-0.874
-1.669599e-006,-0.874
-1.669349e-006,-0.875667
-1.669099e-006,-0.875667
-1.668849e-006,-0.874
-1.668599e-006,-0.874
-1.668349e-006,-0.874
-1.668099e-006,-0.874
-1.667849e-006,-0.874
-1.667599e-006,-0.874
-1.667349e-006,-0.875667
-1.667099e-006,-0.874
-1.666849e-006,-0.874
-1.666599e-006,-0.874
-1.666349e-006,-0.875667
-1.666099e-006,-0.874
-1.665849e-006,-0.874
-1.665599e-006,-0.874
-1.665349e-006,-0.875667
-1.665099e-006,-0.874
-1.664849e-006,-0.874
-1.664599e-006,-0.874
-1.664349e-006,-0.875667
-1.664099e-006,-0.875667
-1.663849e-006,-0.874
-1.663599e-006,-0.874
-1.663349e-006,-0.875667
-1.663099e-006,-0.875667
-1.662849e-006,-0.874
-1.662599e-006,-0.874
-1.662349e-006,-0.875667
-1.662099e-006,-0.875667
-1.661849e-006,-0.874
-1.661599e-006,-0.874
-1.661349e-006,-0.875667
-1.661099e-006,-0.875667
-1.660849e-006,-0.874
-1.660599e-006,-0.874
-1.660349e-006,-0.875667
-1.660099e-006,-0.875667
-1.659849e-006,-0.874
-1.659599e-006,-0.874
-1.659349e-006,-0.874
-1.659099e-006,-0.875667
-1.658849e-006,-0.874
-1.658599e-006,-0.874
-1.658349e-006,-0.874
-1.658099e-006,-0.875667
-1.657849e-006,-0.874
-1.657599e-006,-0.874
-1.657349e-006,-0.874
-1.657099e-006,-0.875667
-1.656849e-006,-0.874
-1.656599e-006,-0.874
-1.656349e-006,-0.874
-1.656099e-006,-0.874
-1.655849e-006,-0.874
-1.655599e-006,-0.874
-1.655349e-006,-0.874
-1.655099e-006,-0.874
-1.654849e-006,-0.874
-1.654599e-006,-0.874
-1.654349e-006,-0.875667
-1.654099e-006,-0.875667
-1.653849e-006,-0.874
-1.653599e-006,-0.874
-1.653349e-006,-0.875667
-1.653099e-006,-0.875667
-1.652849e-006,-0.874
-1.652599e-006,-0.874
-1.652349e-006,-0.875667
-1.652099e-006,-0.875667
-1.651849e-006,-0.874
-1.651599e-006,-0.874
-1.651349e-006,-0.875667
-1.651099e-006,-0.875667
-1.650849e-006,-0.874
-1.650599e-006,-0.874
-1.650349e-006,-0.875667
-1.650099e-006,-0.875667
-1.649849e-006,-0.874
-1.649599e-006,-0.874
-1.649349e-006,-0.874
-1.649099e-006,-0.875667
-1.648849e-006,-0.874
-1.648599e-006,-0.874
-1.648349e-006,-0.875667
-1.648099e-006,-0.875667
-1.647849e-006,-0.874
-1.647599e-006,-0.874
-1.647349e-006,-0.875667
-1.647099e-006,-0.875667
-1.646849e-006,-0.874
-1.646599e-006,-0.874
-1.646349e-006,-0.875667
-1.646099e-006,-0.875667
-1.645849e-006,-0.874
-1.645599e-006,-0.874
-1.645349e-006,-0.875667
-1.645099e-006,-0.875667
-1.644849e-006,-0.874
-1.644599e-006,-0.874
-1.644349e-006,-0.875667
-1.644099e-006,-0.875667
-1.643849e-006,-0.874
-1.643599e-006,-0.874
-1.643349e-006,-0.874
-1.643099e-006,-0.874
-1.642849e-006,-0.874
-1.642599e-006,-0.874
-1.642349e-006,-0.875667
-1.642099e-006,-0.874
-1.641849e-006,-0.874
-1.641599e-006,-0.874
-1.641349e-006,-0.875667
-1.641099e-006,-0.874
-1.640849e-006,-0.874
-1.640599e-006,-0.874
-1.640349e-006,-0.874
-1.640099e-006,-0.874
-1.639849e-006,-0.874
-1.639599e-006,-0.874
-1.639349e-006,-0.874
-1.639099e-006,-0.875667
-1.638849e-006,-0.874
-1.638599e-006,-0.874
-1.638349e-006,-0.874
-1.638099e-006,-0.875667
-1.637849e-006,-0.874
-1.637599e-006,-0.874
-1.637349e-006,-0.874
-1.637099e-006,-0.875667
-1.636849e-006,-0.874
-1.636599e-006,-0.874
-1.636349e-006,-0.874
-1.636099e-006,-0.875667
-1.635849e-006,-0.874
-1.635599e-006,-0.874
-1.635349e-006,-0.874
-1.635099e-006,-0.875667
-1.634849e-006,-0.874
-1.634599e-006,-0.874
-1.634349e-006,-0.875667
-1.634099e-006,-0.875667
-1.633849e-006,-0.874
-1.633599e-006,-0.874
-1.633349e-006,-0.874
-1.633099e-006,-0.875667
-1.632849e-006,-0.874
-1.632599e-006,-0.874
-1.632349e-006,-0.874
-1.632099e-006,-0.875667
-1.631849e-006,-0.874
-1.631599e-006,-0.874
-1.631349e-006,-0.874
-1.631099e-006,-0.875667
-1.630849e-006,-0.874
-1.630599e-006,-0.874
-1.630349e-006,-0.874
-1.630099e-006,-0.875667
-1.629849e-006,-0.874
-1.629599e-006,-0.874
-1.629349e-006,-0.874
-1.629099e-006,-0.875667
-1.628849e-006,-0.874
-1.628599e-006,-0.874
-1.628349e-006,-0.874
-1.628099e-006,-0.875667
-1.627849e-006,-0.874
-1.627599e-006,-0.874
-1.627349e-006,-0.874
-1.627099e-006,-0.874
-1.626849e-006,-0.874
-1.626599e-006,-0.874
-1.626349e-006,-0.874
-1.626099e-006,-0.874
-1.625849e-006,-0.874
-1.625599e-006,-0.874
-1.625349e-006,-0.874
-1.625099e-006,-0.874
-1.624849e-006,-0.874
-1.624599e-006,-0.874
-1.624349e-006,-0.874
-1.624099e-006,-0.874
-1.623849e-006,-0.874
-1.623599e-006,-0.874
-1.623349e-006,-0.874
-1.623099e-006,-0.874
-1.622849e-006,-0.874
-1.622599e-006,-0.874
-1.622349e-006,-0.874
-1.622099e-006,-0.875667
-1.621849e-006,-0.874
-1.621599e-006,-0.874
-1.621349e-006,-0.874
-1.621099e-006,-0.875667
-1.620849e-006,-0.874
-1.620599e-006,-0.874
-1.620349e-006,-0.874
-1.620099e-006,-0.875667
-1.619849e-006,-0.874
-1.619599e-006,-0.874
-1.619349e-006,-0.874
-1.619099e-006,-0.875667
-1.618849e-006,-0.874
-1.618599e-006,-0.874
-1.618349e-006,-0.875667
-1.618099e-006,-0.875667
-1.617849e-006,-0.874
-1.617599e-006,-0.874
-1.617349e-006,-0.875667
-1.617099e-006,-0.875667
-1.616849e-006,-0.874
-1.616599e-006,-0.874
-1.616349e-006,-0.875667
-1.616099e-006,-0.875667
-1.615849e-006,-0.874
-1.615599e-006,-0.874
-1.615349e-006,-0.875667
-1.615099e-006,-0.875667
-1.614849e-006,-0.874
-1.614599e-006,-0.874
-1.614349e-006,-0.875667
-1.614099e-006,-0.875667
-1.613849e-006,-0.874
-1.613599e-006,-0.874
-1.613349e-006,-0.875667
-1.613099e-006,-0.874
-1.612849e-006,-0.874
-1.612599e-006,-0.874
-1.612349e-006,-0.875667
-1.612099e-006,-0.875667
-1.611849e-006,-0.874
-1.611599e-006,-0.874
-1.611349e-006,-0.875667
-1.611099e-006,-0.875667
-1.610849e-006,-0.874
-1.610599e-006,-0.874
-1.610349e-006,-0.875667
-1.610099e-006,-0.875667
-1.609849e-006,-0.874
-1.609599e-006,-0.874
-1.609349e-006,-0.875667
-1.609099e-006,-0.875667
-1.608849e-006,-0.874
-1.608599e-006,-0.874
-1.608349e-006,-0.875667
-1.608099e-006,-0.875667
-1.607849e-006,-0.874
-1.607599e-006,-0.874
-1.607349e-006,-0.874
-1.607099e-006,-0.875667
-1.606849e-006,-0.874
-1.606599e-006,-0.874
-1.606349e-006,-0.875667
-1.606099e-006,-0.875667
-1.605849e-006,-0.874
-1.605599e-006,-0.874
-1.605349e-006,-0.875667
-1.605099e-006,-0.875667
-1.604849e-006,-0.874
-1.604599e-006,-0.874
-1.604349e-006,-0.875667
-1.604099e-006,-0.875667
-1.603849e-006,-0.874
-1.603599e-006,-0.874
-1.603349e-006,-0.875667
-1.603099e-006,-0.875667
-1.602849e-006,-0.874
-1.602599e-006,-0.874
-1.602349e-006,-0.875667
-1.602099e-006,-0.875667
-1.601849e-006,-0.874
-1.601599e-006,-0.874
-1.601349e-006,-0.875667
-1.601099e-006,-0.875667
-1.600849e-006,-0.874
-1.600599e-006,-0.874
-1.600349e-006,-0.875667
-1.600099e-006,-0.875667
-1.599849e-006,-0.874
-1.599599e-006,-0.874
-1.599349e-006,-0.875667
-1.599099e-006,-0.875667
-1.598849e-006,-0.874
-1.598599e-006,-0.874
-1.598349e-006,-0.875667
-1.598099e-006,-0.875667
-1.597849e-006,-0.874
-1.597599e-006,-0.874
-1.597349e-006,-0.875667
-1.597099e-006,-0.875667
-1.596849e-006,-0.874
-1.596599e-006,-0.874
-1.596349e-006,-0.875667
-1.596099e-006,-0.875667
-1.595849e-006,-0.874
-1.595599e-006,-0.874
-1.595349e-006,-0.875667
-1.595099e-006,-0.875667
-1.594849e-006,-0.874
-1.594599e-006,-0.874
-1.594349e-006,-0.875667
-1.594099e-006,-0.875667
-1.593849e-006,-0.874
-1.593599e-006,-0.874
-1.593349e-006,-0.875667
-1.593099e-006,-0.875667
-1.592849e-006,-0.874
-1.592599e-006,-0.874
-1.592349e-006,-0.875667
-1.592099e-006,-0.875667
-1.591849e-006,-0.874
-1.591599e-006,-0.874
-1.591349e-006,-0.875667
-1.591099e-006,-0.875667
-1.590849e-006,-0.874
-1.590599e-006,-0.874
-1.590349e-006,-0.875667
-1.590099e-006,-0.875667
-1.589849e-006,-0.874
-1.589599e-006,-0.874
-1.589349e-006,-0.875667
-1.589099e-006,-0.875667
-1.588849e-006,-0.874
-1.588599e-006,-0.874
-1.588349e-006,-0.875667
-1.588099e-006,-0.875667
-1.587849e-006,-0.874
-1.587599e-006,-0.874
-1.587349e-006,-0.874
-1.587099e-006,-0.875667
-1.586849e-006,-0.874
-1.586599e-006,-0.874
-1.586349e-006,-0.874
-1.586099e-006,-0.875667
-1.585849e-006,-0.874
-1.585599e-006,-0.874
-1.585349e-006,-0.874
-1.585099e-006,-0.874
-1.584849e-006,-0.874
-1.584599e-006,-0.874
-1.584349e-006,-0.874
-1.584099e-006,-0.874
-1.583849e-006,-0.874
-1.583599e-006,-0.874
-1.583349e-006,-0.874
-1.583099e-006,-0.874
-1.582849e-006,-0.874
-1.582599e-006,-0.874
-1.582349e-006,-0.874
-1.582099e-006,-0.874
-1.581849e-006,-0.874
-1.581599e-006,-0.874
-1.581349e-006,-0.874
-1.581099e-006,-0.874
-1.580849e-006,-0.874
-1.580599e-006,-0.874
-1.580349e-006,-0.874
-1.580099e-006,-0.874
-1.579849e-006,-0.874
-1.579599e-006,-0.874
-1.579349e-006,-0.874
-1.579099e-006,-0.874
-1.578849e-006,-0.874
-1.578599e-006,-0.874
-1.578349e-006,-0.874
-1.578099e-006,-0.874
-1.577849e-006,-0.874
-1.577599e-006,-0.874
-1.577349e-006,-0.875667
-1.577099e-006,-0.874
-1.576849e-006,-0.874
-1.576599e-006,-0.874
-1.576349e-006,-0.875667
-1.576099e-006,-0.875667
-1.575849e-006,-0.874
-1.575599e-006,-0.874
-1.575349e-006,-0.875667
-1.575099e-006,-0.875667
-1.574849e-006,-0.874
-1.574599e-006,-0.874
-1.574349e-006,-0.875667
-1.574099e-006,-0.875667
-1.573849e-006,-0.874
-1.573599e-006,-0.874
-1.573349e-006,-0.875667
-1.573099e-006,-0.875667
-1.572849e-006,-0.874
-1.572599e-006,-0.874
-1.572349e-006,-0.875667
-1.572099e-006,-0.875667
-1.571849e-006,-0.874
-1.571599e-006,-0.874
-1.571349e-006,-0.875667
-1.571099e-006,-0.875667
-1.570849e-006,-0.874
-1.570599e-006,-0.874
-1.570349e-006,-0.875667
-1.570099e-006,-0.875667
-1.569849e-006,-0.874
-1.569599e-006,-0.874
-1.569349e-006,-0.875667
-1.569099e-006,-0.875667
-1.568849e-006,-0.874
-1.568599e-006,-0.874
-1.568349e-006,-0.875667
-1.568099e-006,-0.875667
-1.567849e-006,-0.874
-1.567599e-006,-0.874
-1.567349e-006,-0.875667
-1.567099e-006,-0.875667
-1.566849e-006,-0.874
-1.566599e-006,-0.874
-1.566349e-006,-0.875667
-1.566099e-006,-0.875667
-1.565849e-006,-0.874
-1.565599e-006,-0.874
-1.565349e-006,-0.875667
-1.565099e-006,-0.875667
-1.564849e-006,-0.874
-1.564599e-006,-0.874
-1.564349e-006,-0.875667
-1.564099e-006,-0.875667
-1.563849e-006,-0.874
-1.563599e-006,-0.874
-1.563349e-006,-0.875667
-1.563099e-006,-0.874
-1.562849e-006,-0.874
-1.562599e-006,-0.874
-1.562349e-006,-0.875667
-1.562099e-006,-0.875667
-1.561849e-006,-0.874
-1.561599e-006,-0.874
-1.561349e-006,-0.875667
-1.561099e-006,-0.875667
-1.560849e-006,-0.874
-1.560599e-006,-0.874
-1.560349e-006,-0.875667
-1.560099e-006,-0.875667
-1.559849e-006,-0.874
-1.559599e-006,-0.874
-1.559349e-006,-0.875667
-1.559099e-006,-0.875667
-1.558849e-006,-0.874
-1.558599e-006,-0.874
-1.558349e-006,-0.875667
-1.558099e-006,-0.875667
-1.557849e-006,-0.874
-1.557599e-006,-0.874
-1.557349e-006,-0.875667
-1.557099e-006,-0.874
-1.556849e-006,-0.874
-1.556599e-006,-0.874
-1.556349e-006,-0.875667
-1.556099e-006,-0.874
-1.555849e-006,-0.874
-1.555599e-006,-0.874
-1.555349e-006,-0.875667
-1.555099e-006,-0.875667
-1.554849e-006,-0.874
-1.554599e-006,-0.874
-1.554349e-006,-0.875667
-1.554099e-006,-0.875667
-1.553849e-006,-0.874
-1.553599e-006,-0.874
-1.553349e-006,-0.875667
-1.553099e-006,-0.875667
-1.552849e-006,-0.874
-1.552599e-006,-0.874
-1.552349e-006,-0.875667
-1.552099e-006,-0.875667
-1.551849e-006,-0.874
-1.551599e-006,-0.874
-1.551349e-006,-0.875667
-1.551099e-006,-0.875667
-1.550849e-006,-0.874
-1.550599e-006,-0.874
-1.550349e-006,-0.875667
-1.550099e-006,-0.875667
-1.549849e-006,-0.874
-1.549599e-006,-0.874
-1.549349e-006,-0.875667
-1.549099e-006,-0.875667
-1.548849e-006,-0.874
-1.548599e-006,-0.874
-1.548349e-006,-0.875667
-1.548099e-006,-0.875667
-1.547849e-006,-0.874
-1.547599e-006,-0.874
-1.547349e-006,-0.875667
-1.547099e-006,-0.875667
-1.546849e-006,-0.874
-1.546599e-006,-0.874
-1.546349e-006,-0.875667
-1.546099e-006,-0.875667
-1.545849e-006,-0.874
-1.545599e-006,-0.874
-1.545349e-006,-0.875667
-1.545099e-006,-0.875667
-1.544849e-006,-0.874
-1.544599e-006,-0.874
-1.544349e-006,-0.875667
-1.544099e-006,-0.875667
-1.543849e-006,-0.875667
-1.543599e-006,-0.874
-1.543349e-006,-0.875667
-1.543099e-006,-0.875667
-1.542849e-006,-0.875667
-1.542599e-006,-0.874
-1.542349e-006,-0.875667
-1.542099e-006,-0.875667
-1.541849e-006,-0.875667
-1.541599e-006,-0.874
-1.541349e-006,-0.875667
-1.541099e-006,-0.875667
-1.540849e-006,-0.875667
-1.540599e-006,-0.874
-1.540349e-006,-0.875667
-1.540099e-006,-0.875667
-1.539849e-006,-0.875667
-1.539599e-006,-0.874
-1.539349e-006,-0.875667
-1.539099e-006,-0.875667
-1.538849e-006,-0.874
-1.538599e-006,-0.874
-1.538349e-006,-0.875667
-1.538099e-006,-0.875667
-1.537849e-006,-0.874
-1.537599e-006,-0.874
-1.537349e-006,-0.875667
-1.537099e-006,-0.875667
-1.536849e-006,-0.874
-1.536599e-006,-0.874
-1.536349e-006,-0.875667
-1.536099e-006,-0.875667
-1.535849e-006,-0.874
-1.535599e-006,-0.874
-1.535349e-006,-0.875667
-1.535099e-006,-0.875667
-1.534849e-006,-0.874
-1.534599e-006,-0.874
-1.534349e-006,-0.875667
-1.534099e-006,-0.875667
-1.533849e-006,-0.874
-1.533599e-006,-0.874
-1.533349e-006,-0.875667
-1.533099e-006,-0.875667
-1.532849e-006,-0.874
-1.532599e-006,-0.874
-1.532349e-006,-0.875667
-1.532099e-006,-0.875667
-1.531849e-006,-0.874
-1.531599e-006,-0.874
-1.531349e-006,-0.875667
-1.531099e-006,-0.875667
-1.530849e-006,-0.874
-1.530599e-006,-0.874
-1.530349e-006,-0.875667
-1.530099e-006,-0.875667
-1.529849e-006,-0.874
-1.529599e-006,-0.874
-1.529349e-006,-0.875667
-1.529099e-006,-0.875667
-1.528849e-006,-0.874
-1.528599e-006,-0.874
-1.528349e-006,-0.875667
-1.528099e-006,-0.875667
-1.527849e-006,-0.874
-1.527599e-006,-0.874
-1.527349e-006,-0.875667
-1.527099e-006,-0.875667
-1.526849e-006,-0.874
-1.526599e-006,-0.874
-1.526349e-006,-0.875667
-1.526099e-006,-0.875667
-1.525849e-006,-0.874
-1.525599e-006,-0.874
-1.525349e-006,-0.875667
-1.525099e-006,-0.875667
-1.524849e-006,-0.874
-1.524599e-006,-0.874
-1.524349e-006,-0.875667
-1.524099e-006,-0.875667
-1.523849e-006,-0.874
-1.523599e-006,-0.874
-1.523349e-006,-0.875667
-1.523099e-006,-0.875667
-1.522849e-006,-0.874
-1.522599e-006,-0.874
-1.522349e-006,-0.875667
-1.522099e-006,-0.875667
-1.521849e-006,-0.874
-1.521599e-006,-0.874
-1.521349e-006,-0.875667
-1.521099e-006,-0.875667
-1.520849e-006,-0.874
-1.520599e-006,-0.874
-1.520349e-006,-0.875667
-1.520099e-006,-0.875667
-1.519849e-006,-0.874
-1.519599e-006,-0.874
-1.519349e-006,-0.875667
-1.519099e-006,-0.875667
-1.518849e-006,-0.874
-1.518599e-006,-0.874
-1.518349e-006,-0.875667
-1.518099e-006,-0.875667
-1.517849e-006,-0.874
-1.517599e-006,-0.874
-1.517349e-006,-0.875667
-1.517099e-006,-0.875667
-1.516849e-006,-0.874
-1.516599e-006,-0.874
-1.516349e-006,-0.875667
-1.516099e-006,-0.875667
-1.515849e-006,-0.874
-1.515599e-006,-0.874
-1.515349e-006,-0.875667
-1.515099e-006,-0.875667
-1.514849e-006,-0.874
-1.514599e-006,-0.874
-1.514349e-006,-0.875667
-1.514099e-006,-0.875667
-1.513849e-006,-0.874
-1.513599e-006,-0.874
-1.513349e-006,-0.875667
-1.513099e-006,-0.875667
-1.512849e-006,-0.874
-1.512599e-006,-0.874
-1.512349e-006,-0.875667
-1.512099e-006,-0.875667
-1.511849e-006,-0.874
-1.511599e-006,-0.874
-1.511349e-006,-0.875667
-1.511099e-006,-0.875667
-1.510849e-006,-0.874
-1.510599e-006,-0.874
-1.510349e-006,-0.875667
-1.510099e-006,-0.875667
-1.509849e-006,-0.874
-1.509599e-006,-0.874
-1.509349e-006,-0.875667
-1.509099e-006,-0.875667
-1.508849e-006,-0.874
-1.508599e-006,-0.874
-1.508349e-006,-0.875667
-1.508099e-006,-0.875667
-1.507849e-006,-0.874
-1.507599e-006,-0.874
-1.507349e-006,-0.875667
-1.507099e-006,-0.875667
-1.506849e-006,-0.874
-1.506599e-006,-0.874
-1.506349e-006,-0.875667
-1.506099e-006,-0.875667
-1.505849e-006,-0.874
-1.505599e-006,-0.874
-1.505349e-006,-0.874
-1.505099e-006,-0.875667
-1.504849e-006,-0.874
-1.504599e-006,-0.874
-1.504349e-006,-0.875667
-1.504099e-006,-0.875667
-1.503849e-006,-0.874
-1.503599e-006,-0.874
-1.503349e-006,-0.875667
-1.503099e-006,-0.875667
-1.502849e-006,-0.874
-1.502599e-006,-0.874
-1.502349e-006,-0.875667
-1.502099e-006,-0.875667
-1.501849e-006,-0.874
-1.501599e-006,-0.874
-1.501349e-006,-0.875667
-1.501099e-006,-0.875667
-1.500849e-006,-0.874
-1.500599e-006,-0.874
-1.500349e-006,-0.875667
-1.500099e-006,-0.875667
-1.499849e-006,-0.874
-1.499599e-006,-0.874
-1.499349e-006,-0.875667
-1.499099e-006,-0.875667
-1.498849e-006,-0.874
-1.498599e-006,-0.874
-1.498349e-006,-0.875667
-1.498099e-006,-0.875667
-1.497849e-006,-0.874
-1.497599e-006,-0.874
-1.497349e-006,-0.875667
-1.497099e-006,-0.875667
-1.496849e-006,-0.874
-1.496599e-006,-0.874
-1.496349e-006,-0.875667
-1.496099e-006,-0.875667
-1.495849e-006,-0.874
-1.495599e-006,-0.874
-1.495349e-006,-0.874
-1.495099e-006,-0.875667
-1.494849e-006,-0.874
-1.494599e-006,-0.874
-1.494349e-006,-0.874
-1.494099e-006,-0.875667
-1.493849e-006,-0.874
-1.493599e-006,-0.874
-1.493349e-006,-0.874
-1.493099e-006,-0.875667
-1.492849e-006,-0.874
-1.492599e-006,-0.874
-1.492349e-006,-0.874
-1.492099e-006,-0.875667
-1.491849e-006,-0.874
-1.491599e-006,-0.874
-1.491349e-006,-0.874
-1.491099e-006,-0.875667
-1.490849e-006,-0.874
-1.490599e-006,-0.874
-1.490349e-006,-0.874
-1.490099e-006,-0.875667
-1.489849e-006,-0.874
-1.489599e-006,-0.874
-1.489349e-006,-0.875667
-1.489099e-006,-0.875667
-1.488849e-006,-0.874
-1.488599e-006,-0.874
-1.488349e-006,-0.875667
-1.488099e-006,-0.875667
-1.487849e-006,-0.874
-1.487599e-006,-0.874
-1.487349e-006,-0.875667
-1.487099e-006,-0.875667
-1.486849e-006,-0.874
-1.486599e-006,-0.874
-1.486349e-006,-0.875667
-1.486099e-006,-0.875667
-1.485849e-006,-0.874
-1.485599e-006,-0.874
-1.485349e-006,-0.875667
-1.485099e-006,-0.875667
-1.484849e-006,-0.874
-1.484599e-006,-0.874
-1.484349e-006,-0.875667
-1.484099e-006,-0.875667
-1.483849e-006,-0.874
-1.483599e-006,-0.874
-1.483349e-006,-0.875667
-1.483099e-006,-0.875667
-1.482849e-006,-0.874
-1.482599e-006,-0.874
-1.482349e-006,-0.875667
-1.482099e-006,-0.875667
-1.481849e-006,-0.874
-1.481599e-006,-0.874
-1.481349e-006,-0.875667
-1.481099e-006,-0.875667
-1.480849e-006,-0.874
-1.480599e-006,-0.874
-1.480349e-006,-0.875667
-1.480099e-006,-0.875667
-1.479849e-006,-0.874
-1.479599e-006,-0.874
-1.479349e-006,-0.875667
-1.479099e-006,-0.875667
-1.478849e-006,-0.874
-1.478599e-006,-0.874
-1.478349e-006,-0.875667
-1.478099e-006,-0.875667
-1.477849e-006,-0.874
-1.477599e-006,-0.874
-1.477349e-006,-0.875667
-1.477099e-006,-0.875667
-1.476849e-006,-0.874
-1.476599e-006,-0.874
-1.476349e-006,-0.875667
-1.476099e-006,-0.875667
-1.475849e-006,-0.874
-1.475599e-006,-0.874
-1.475349e-006,-0.875667
-1.475099e-006,-0.875667
-1.474849e-006,-0.874
-1.474599e-006,-0.874
-1.474349e-006,-0.874
-1.474099e-006,-0.875667
-1.473849e-006,-0.874
-1.473599e-006,-0.874
-1.473349e-006,-0.875667
-1.473099e-006,-0.875667
-1.472849e-006,-0.874
-1.472599e-006,-0.874
-1.472349e-006,-0.875667
-1.472099e-006,-0.875667
-1.471849e-006,-0.874
-1.471599e-006,-0.874
-1.471349e-006,-0.875667
-1.471099e-006,-0.875667
-1.470849e-006,-0.874
-1.470599e-006,-0.874
-1.470349e-006,-0.875667
-1.470099e-006,-0.875667
-1.469849e-006,-0.874
-1.469599e-006,-0.874
-1.469349e-006,-0.875667
-1.469099e-006,-0.875667
-1.468849e-006,-0.874
-1.468599e-006,-0.874
-1.468349e-006,-0.875667
-1.468099e-006,-0.875667
-1.467849e-006,-0.874
-1.467599e-006,-0.874
-1.467349e-006,-0.875667
-1.467099e-006,-0.875667
-1.466849e-006,-0.874
-1.466599e-006,-0.874
-1.466349e-006,-0.875667
-1.466099e-006,-0.875667
-1.465849e-006,-0.875667
-1.465599e-006,-0.874
-1.465349e-006,-0.875667
-1.465099e-006,-0.875667
-1.464849e-006,-0.874
-1.464599e-006,-0.874
-1.464349e-006,-0.875667
-1.464099e-006,-0.875667
-1.463849e-006,-0.874
-1.463599e-006,-0.874
-1.463349e-006,-0.875667
-1.463099e-006,-0.875667
-1.462849e-006,-0.874
-1.462599e-006,-0.874
-1.462349e-006,-0.875667
-1.462099e-006,-0.875667
-1.461849e-006,-0.874
-1.461599e-006,-0.874
-1.461349e-006,-0.875667
-1.461099e-006,-0.875667
-1.460849e-006,-0.874
-1.460599e-006,-0.874
-1.460349e-006,-0.875667
-1.460099e-006,-0.875667
-1.459849e-006,-0.874
-1.459599e-006,-0.874
-1.459349e-006,-0.875667
-1.459099e-006,-0.875667
-1.458849e-006,-0.874
-1.458599e-006,-0.874
-1.458349e-006,-0.875667
-1.458099e-006,-0.875667
-1.457849e-006,-0.874
-1.457599e-006,-0.874
-1.457349e-006,-0.875667
-1.457099e-006,-0.875667
-1.456849e-006,-0.874
-1.456599e-006,-0.874
-1.456349e-006,-0.875667
-1.456099e-006,-0.875667
-1.455849e-006,-0.874
-1.455599e-006,-0.874
-1.455349e-006,-0.875667
-1.455099e-006,-0.875667
-1.454849e-006,-0.874
-1.454599e-006,-0.874
-1.454349e-006,-0.875667
-1.454099e-006,-0.875667
-1.453849e-006,-0.874
-1.453599e-006,-0.874
-1.453349e-006,-0.875667
-1.453099e-006,-0.875667
-1.452849e-006,-0.874
-1.452599e-006,-0.874
-1.452349e-006,-0.875667
-1.452099e-006,-0.875667
-1.451849e-006,-0.874
-1.451599e-006,-0.874
-1.451349e-006,-0.875667
-1.451099e-006,-0.875667
-1.450849e-006,-0.874
-1.450599e-006,-0.874
-1.450349e-006,-0.875667
-1.450099e-006,-0.875667
-1.449849e-006,-0.874
-1.449599e-006,-0.874
-1.449349e-006,-0.875667
-1.449099e-006,-0.875667
-1.448849e-006,-0.874
-1.448599e-006,-0.874
-1.448349e-006,-0.875667
-1.448099e-006,-0.875667
-1.447849e-006,-0.874
-1.447599e-006,-0.874
-1.447349e-006,-0.875667
-1.447099e-006,-0.875667
-1.446849e-006,-0.874
-1.446599e-006,-0.874
-1.446349e-006,-0.875667
-1.446099e-006,-0.875667
-1.445849e-006,-0.874
-1.445599e-006,-0.874
-1.445349e-006,-0.875667
-1.445099e-006,-0.875667
-1.444849e-006,-0.874
-1.444599e-006,-0.874
-1.444349e-006,-0.874
-1.444099e-006,-0.875667
-1.443849e-006,-0.874
-1.443599e-006,-0.874
-1.443349e-006,-0.874
-1.443099e-006,-0.875667
-1.442849e-006,-0.874
-1.442599e-006,-0.874
-1.442349e-006,-0.874
-1.442099e-006,-0.875667
-1.441849e-006,-0.874
-1.441599e-006,-0.874
-1.441349e-006,-0.874
-1.441099e-006,-0.875667
-1.440849e-006,-0.874
-1.440599e-006,-0.874
-1.440349e-006,-0.874
-1.440099e-006,-0.875667
-1.439849e-006,-0.874
-1.439599e-006,-0.874
-1.439349e-006,-0.875667
-1.439099e-006,-0.875667
-1.438849e-006,-0.874
-1.438599e-006,-0.874
-1.438349e-006,-0.875667
-1.438099e-006,-0.875667
-1.437849e-006,-0.874
-1.437599e-006,-0.874
-1.437349e-006,-0.874
-1.437099e-006,-0.875667
-1.436849e-006,-0.874
-1.436599e-006,-0.874
-1.436349e-006,-0.875667
-1.436099e-006,-0.875667
-1.435849e-006,-0.874
-1.435599e-006,-0.874
-1.435349e-006,-0.875667
-1.435099e-006,-0.875667
-1.434849e-006,-0.874
-1.434599e-006,-0.874
-1.434349e-006,-0.875667
-1.434099e-006,-0.875667
-1.433849e-006,-0.874
-1.433599e-006,-0.874
-1.433349e-006,-0.875667
-1.433099e-006,-0.875667
-1.432849e-006,-0.874
-1.432599e-006,-0.874
-1.432349e-006,-0.875667
-1.432099e-006,-0.875667
-1.431849e-006,-0.874
-1.431599e-006,-0.874
-1.431349e-006,-0.875667
-1.431099e-006,-0.875667
-1.430849e-006,-0.874
-1.430599e-006,-0.874
-1.430349e-006,-0.875667
-1.430099e-006,-0.875667
-1.429849e-006,-0.874
-1.429599e-006,-0.874
-1.429349e-006,-0.875667
-1.429099e-006,-0.875667
-1.428849e-006,-0.874
-1.428599e-006,-0.874
-1.428349e-006,-0.875667
-1.428099e-006,-0.875667
-1.427849e-006,-0.874
-1.427599e-006,-0.874
-1.427349e-006,-0.875667
-1.427099e-006,-0.875667
-1.426849e-006,-0.874
-1.426599e-006,-0.874
-1.426349e-006,-0.874
-1.426099e-006,-0.875667
-1.425849e-006,-0.874
-1.425599e-006,-0.874
-1.425349e-006,-0.874
-1.425099e-006,-0.875667
-1.424849e-006,-0.874
-1.424599e-006,-0.874
-1.424349e-006,-0.874
-1.424099e-006,-0.875667
-1.423849e-006,-0.874
-1.423599e-006,-0.874
-1.423349e-006,-0.874
-1.423099e-006,-0.875667
-1.422849e-006,-0.874
-1.422599e-006,-0.874
-1.422349e-006,-0.875667
-1.422099e-006,-0.875667
-1.421849e-006,-0.874
-1.421599e-006,-0.874
-1.421349e-006,-0.875667
-1.421099e-006,-0.875667
-1.420849e-006,-0.874
-1.420599e-006,-0.874
-1.420349e-006,-0.875667
-1.420099e-006,-0.875667
-1.419849e-006,-0.874
-1.419599e-006,-0.874
-1.419349e-006,-0.875667
-1.419099e-006,-0.875667
-1.418849e-006,-0.874
-1.418599e-006,-0.874
-1.418349e-006,-0.875667
-1.418099e-006,-0.875667
-1.417849e-006,-0.874
-1.417599e-006,-0.874
-1.417349e-006,-0.875667
-1.417099e-006,-0.875667
-1.416849e-006,-0.874
-1.416599e-006,-0.874
-1.416349e-006,-0.875667
-1.416099e-006,-0.875667
-1.415849e-006,-0.874
-1.415599e-006,-0.874
-1.415349e-006,-0.875667
-1.415099e-006,-0.875667
-1.414849e-006,-0.874
-1.414599e-006,-0.874
-1.414349e-006,-0.875667
-1.414099e-006,-0.875667
-1.413849e-006,-0.875667
-1.413599e-006,-0.874
-1.413349e-006,-0.875667
-1.413099e-006,-0.875667
-1.412849e-006,-0.875667
-1.412599e-006,-0.874
-1.412349e-006,-0.875667
-1.412099e-006,-0.875667
-1.411849e-006,-0.875667
-1.411599e-006,-0.874
-1.411349e-006,-0.875667
-1.411099e-006,-0.875667
-1.410849e-006,-0.875667
-1.410599e-006,-0.874
-1.410349e-006,-0.875667
-1.410099e-006,-0.875667
-1.409849e-006,-0.874
-1.409599e-006,-0.874
-1.409349e-006,-0.874
-1.409099e-006,-0.875667
-1.408849e-006,-0.875667
-1.408599e-006,-0.874
-1.408349e-006,-0.875667
-1.408099e-006,-0.875667
-1.407849e-006,-0.875667
-1.407599e-006,-0.874
-1.407349e-006,-0.875667
-1.407099e-006,-0.875667
-1.406849e-006,-0.875667
-1.406599e-006,-0.874
-1.406349e-006,-0.875667
-1.406099e-006,-0.875667
-1.405849e-006,-0.875667
-1.405599e-006,-0.874
-1.405349e-006,-0.875667
-1.405099e-006,-0.875667
-1.404849e-006,-0.874
-1.404599e-006,-0.874
-1.404349e-006,-0.875667
-1.404099e-006,-0.875667
-1.403849e-006,-0.874
-1.403599e-006,-0.874
-1.403349e-006,-0.875667
-1.403099e-006,-0.875667
-1.402849e-006,-0.874
-1.402599e-006,-0.874
-1.402349e-006,-0.875667
-1.402099e-006,-0.875667
-1.401849e-006,-0.874
-1.401599e-006,-0.874
-1.401349e-006,-0.875667
-1.401099e-006,-0.875667
-1.400849e-006,-0.874
-1.400599e-006,-0.874
-1.400349e-006,-0.875667
-1.400099e-006,-0.875667
-1.399849e-006,-0.874
-1.399599e-006,-0.874
-1.399349e-006,-0.875667
-1.399099e-006,-0.875667
-1.398849e-006,-0.874
-1.398599e-006,-0.874
-1.398349e-006,-0.875667
-1.398099e-006,-0.875667
-1.397849e-006,-0.874
-1.397599e-006,-0.874
-1.397349e-006,-0.875667
-1.397099e-006,-0.875667
-1.396849e-006,-0.874
-1.396599e-006,-0.874
-1.396349e-006,-0.875667
-1.396099e-006,-0.875667
-1.395849e-006,-0.874
-1.395599e-006,-0.874
-1.395349e-006,-0.875667
-1.395099e-006,-0.875667
-1.394849e-006,-0.874
-1.394599e-006,-0.874
-1.394349e-006,-0.875667
-1.394099e-006,-0.875667
-1.393849e-006,-0.874
-1.393599e-006,-0.874
-1.393349e-006,-0.875667
-1.393099e-006,-0.875667
-1.392849e-006,-0.874
-1.392599e-006,-0.874
-1.392349e-006,-0.875667
-1.392099e-006,-0.875667
-1.391849e-006,-0.874
-1.391599e-006,-0.874
-1.391349e-006,-0.875667
-1.391099e-006,-0.875667
-1.390849e-006,-0.874
-1.390599e-006,-0.874
-1.390349e-006,-0.875667
-1.390099e-006,-0.875667
-1.389849e-006,-0.874
-1.389599e-006,-0.874
-1.389349e-006,-0.874
-1.389099e-006,-0.875667
-1.388849e-006,-0.874
-1.388599e-006,-0.874
-1.388349e-006,-0.875667
-1.388099e-006,-0.875667
-1.387849e-006,-0.874
-1.387599e-006,-0.874
-1.387349e-006,-0.875667
-1.387099e-006,-0.875667
-1.386849e-006,-0.874
-1.386599e-006,-0.874
-1.386349e-006,-0.875667
-1.386099e-006,-0.875667
-1.385849e-006,-0.874
-1.385599e-006,-0.874
-1.385349e-006,-0.875667
-1.385099e-006,-0.875667
-1.384849e-006,-0.874
-1.384599e-006,-0.874
-1.384349e-006,-0.875667
-1.384099e-006,-0.875667
-1.383849e-006,-0.874
-1.383599e-006,-0.874
-1.383349e-006,-0.875667
-1.383099e-006,-0.875667
-1.382849e-006,-0.874
-1.382599e-006,-0.874
-1.382349e-006,-0.875667
-1.382099e-006,-0.875667
-1.381849e-006,-0.874
-1.381599e-006,-0.874
-1.381349e-006,-0.875667
-1.381099e-006,-0.875667
-1.380849e-006,-0.874
-1.380599e-006,-0.874
-1.380349e-006,-0.875667
-1.380099e-006,-0.875667
-1.379849e-006,-0.874
-1.379599e-006,-0.874
-1.379349e-006,-0.875667
-1.379099e-006,-0.875667
-1.378849e-006,-0.874
-1.378599e-006,-0.874
-1.378349e-006,-0.875667
-1.378099e-006,-0.875667
-1.377849e-006,-0.874
-1.377599e-006,-0.874
-1.377349e-006,-0.875667
-1.377099e-006,-0.875667
-1.376849e-006,-0.874
-1.376599e-006,-0.874
-1.376349e-006,-0.874
-1.376099e-006,-0.875667
-1.375849e-006,-0.874
-1.375599e-006,-0.874
-1.375349e-006,-0.875667
-1.375099e-006,-0.875667
-1.374849e-006,-0.874
-1.374599e-006,-0.874
-1.374349e-006,-0.875667
-1.374099e-006,-0.875667
-1.373849e-006,-0.874
-1.373599e-006,-0.874
-1.373349e-006,-0.875667
-1.373099e-006,-0.875667
-1.372849e-006,-0.874
-1.372599e-006,-0.874
-1.372349e-006,-0.874
-1.372099e-006,-0.875667
-1.371849e-006,-0.874
-1.371599e-006,-0.874
-1.371349e-006,-0.874
-1.371099e-006,-0.875667
-1.370849e-006,-0.874
-1.370599e-006,-0.874
-1.370349e-006,-0.874
-1.370099e-006,-0.875667
-1.369849e-006,-0.874
-1.369599e-006,-0.874
-1.369349e-006,-0.874
-1.369099e-006,-0.875667
-1.368849e-006,-0.874
-1.368599e-006,-0.874
-1.368349e-006,-0.874
-1.368099e-006,-0.875667
-1.367849e-006,-0.874
-1.367599e-006,-0.874
-1.367349e-006,-0.874
-1.367099e-006,-0.875667
-1.366849e-006,-0.874
-1.366599e-006,-0.874
-1.366349e-006,-0.875667
-1.366099e-006,-0.875667
-1.365849e-006,-0.874
-1.365599e-006,-0.874
-1.365349e-006,-0.875667
-1.365099e-006,-0.875667
-1.364849e-006,-0.874
-1.364599e-006,-0.874
-1.364349e-006,-0.875667
-1.364099e-006,-0.875667
-1.363849e-006,-0.874
-1.363599e-006,-0.874
-1.363349e-006,-0.875667
-1.363099e-006,-0.875667
-1.362849e-006,-0.874
-1.362599e-006,-0.874
-1.362349e-006,-0.875667
-1.362099e-006,-0.875667
-1.361849e-006,-0.874
-1.361599e-006,-0.874
-1.361349e-006,-0.875667
-1.361099e-006,-0.875667
-1.360849e-006,-0.874
-1.360599e-006,-0.874
-1.360349e-006,-0.875667
-1.360099e-006,-0.875667
-1.359849e-006,-0.874
-1.359599e-006,-0.874
-1.359349e-006,-0.875667
-1.359099e-006,-0.875667
-1.358849e-006,-0.874
-1.358599e-006,-0.874
-1.358349e-006,-0.875667
-1.358099e-006,-0.875667
-1.357849e-006,-0.874
-1.357599e-006,-0.874
-1.357349e-006,-0.875667
-1.357099e-006,-0.875667
-1.356849e-006,-0.874
-1.356599e-006,-0.874
-1.356349e-006,-0.875667
-1.356099e-006,-0.875667
-1.355849e-006,-0.874
-1.355599e-006,-0.874
-1.355349e-006,-0.875667
-1.355099e-006,-0.875667
-1.354849e-006,-0.874
-1.354599e-006,-0.874
-1.354349e-006,-0.875667
-1.354099e-006,-0.875667
-1.353849e-006,-0.874
-1.353599e-006,-0.874
-1.353349e-006,-0.875667
-1.353099e-006,-0.875667
-1.352849e-006,-0.874
-1.352599e-006,-0.874
-1.352349e-006,-0.875667
-1.352099e-006,-0.875667
-1.351849e-006,-0.874
-1.351599e-006,-0.874
-1.351349e-006,-0.875667
-1.351099e-006,-0.875667
-1.350849e-006,-0.874
-1.350599e-006,-0.874
-1.350349e-006,-0.875667
-1.350099e-006,-0.875667
-1.349849e-006,-0.874
-1.349599e-006,-0.874
-1.349349e-006,-0.875667
-1.349099e-006,-0.875667
-1.348849e-006,-0.875667
-1.348599e-006,-0.874
-1.348349e-006,-0.875667
-1.348099e-006,-0.875667
-1.347849e-006,-0.875667
-1.347599e-006,-0.874
-1.347349e-006,-0.875667
-1.347099e-006,-0.875667
-1.346849e-006,-0.874
-1.346599e-006,-0.874
-1.346349e-006,-0.875667
-1.346099e-006,-0.875667
-1.345849e-006,-0.874
-1.345599e-006,-0.874
-1.345349e-006,-0.875667
-1.345099e-006,-0.875667
-1.344849e-006,-0.874
-1.344599e-006,-0.874
-1.344349e-006,-0.875667
-1.344099e-006,-0.875667
-1.343849e-006,-0.874
-1.343599e-006,-0.874
-1.343349e-006,-0.875667
-1.343099e-006,-0.875667
-1.342849e-006,-0.874
-1.342599e-006,-0.874
-1.342349e-006,-0.875667
-1.342099e-006,-0.875667
-1.341849e-006,-0.874
-1.341599e-006,-0.874
-1.341349e-006,-0.875667
-1.341099e-006,-0.875667
-1.340849e-006,-0.874
-1.340599e-006,-0.874
-1.340349e-006,-0.875667
-1.340099e-006,-0.875667
-1.339849e-006,-0.874
-1.339599e-006,-0.874
-1.339349e-006,-0.875667
-1.339099e-006,-0.875667
-1.338849e-006,-0.874
-1.338599e-006,-0.874
-1.338349e-006,-0.875667
-1.338099e-006,-0.875667
-1.337849e-006,-0.874
-1.337599e-006,-0.874
-1.337349e-006,-0.875667
-1.337099e-006,-0.875667
-1.336849e-006,-0.874
-1.336599e-006,-0.874
-1.336349e-006,-0.875667
-1.336099e-006,-0.875667
-1.335849e-006,-0.874
-1.335599e-006,-0.874
-1.335349e-006,-0.875667
-1.335099e-006,-0.875667
-1.334849e-006,-0.874
-1.334599e-006,-0.874
-1.334349e-006,-0.875667
-1.334099e-006,-0.875667
-1.333849e-006,-0.874
-1.333599e-006,-0.874
-1.333349e-006,-0.875667
-1.333099e-006,-0.875667
-1.332849e-006,-0.874
-1.332599e-006,-0.874
-1.332349e-006,-0.875667
-1.332099e-006,-0.875667
-1.331849e-006,-0.874
-1.331599e-006,-0.874
-1.331349e-006,-0.875667
-1.331099e-006,-0.875667
-1.330849e-006,-0.874
-1.330599e-006,-0.874
-1.330349e-006,-0.874
-1.330099e-006,-0.875667
-1.329849e-006,-0.874
-1.329599e-006,-0.874
-1.329349e-006,-0.874
-1.329099e-006,-0.875667
-1.328849e-006,-0.874
-1.328599e-006,-0.874
-1.328349e-006,-0.874
-1.328099e-006,-0.875667
-1.327849e-006,-0.874
-1.327599e-006,-0.874
-1.327349e-006,-0.875667
-1.327099e-006,-0.875667
-1.326849e-006,-0.874
-1.326599e-006,-0.874
-1.326349e-006,-0.875667
-1.326099e-006,-0.875667
-1.325849e-006,-0.874
-1.325599e-006,-0.874
-1.325349e-006,-0.875667
-1.325099e-006,-0.875667
-1.324849e-006,-0.874
-1.324599e-006,-0.874
-1.324349e-006,-0.875667
-1.324099e-006,-0.875667
-1.323849e-006,-0.874
-1.323599e-006,-0.874
-1.323349e-006,-0.875667
-1.323099e-006,-0.875667
-1.322849e-006,-0.874
-1.322599e-006,-0.874
-1.322349e-006,-0.875667
-1.322099e-006,-0.875667
-1.321849e-006,-0.874
-1.321599e-006,-0.874
-1.321349e-006,-0.875667
-1.321099e-006,-0.875667
-1.320849e-006,-0.874
-1.320599e-006,-0.874
-1.320349e-006,-0.875667
-1.320099e-006,-0.875667
-1.319849e-006,-0.874
-1.319599e-006,-0.874
-1.319349e-006,-0.875667
-1.319099e-006,-0.875667
-1.318849e-006,-0.874
-1.318599e-006,-0.874
-1.318349e-006,-0.875667
-1.318099e-006,-0.875667
-1.317849e-006,-0.874
-1.317599e-006,-0.874
-1.317349e-006,-0.875667
-1.317099e-006,-0.875667
-1.316849e-006,-0.874
-1.316599e-006,-0.874
-1.316349e-006,-0.875667
-1.316099e-006,-0.875667
-1.315849e-006,-0.874
-1.315599e-006,-0.874
-1.315349e-006,-0.875667
-1.315099e-006,-0.875667
-1.314849e-006,-0.874
-1.314599e-006,-0.874
-1.314349e-006,-0.875667
-1.314099e-006,-0.875667
-1.313849e-006,-0.874
-1.313599e-006,-0.874
-1.313349e-006,-0.875667
-1.313099e-006,-0.875667
-1.312849e-006,-0.874
-1.312599e-006,-0.874
-1.312349e-006,-0.875667
-1.312099e-006,-0.875667
-1.311849e-006,-0.874
-1.311599e-006,-0.874
-1.311349e-006,-0.875667
-1.311099e-006,-0.875667
-1.310849e-006,-0.874
-1.310599e-006,-0.874
-1.310349e-006,-0.875667
-1.310099e-006,-0.875667
-1.309849e-006,-0.874
-1.309599e-006,-0.874
-1.309349e-006,-0.875667
-1.309099e-006,-0.875667
-1.308849e-006,-0.874
-1.308599e-006,-0.874
-1.308349e-006,-0.875667
-1.308099e-006,-0.874
-1.307849e-006,-0.874
-1.307599e-006,-0.874
-1.307349e-006,-0.875667
-1.307099e-006,-0.874
-1.306849e-006,-0.874
-1.306599e-006,-0.874
-1.306349e-006,-0.875667
-1.306099e-006,-0.875667
-1.305849e-006,-0.874
-1.305599e-006,-0.874
-1.305349e-006,-0.875667
-1.305099e-006,-0.875667
-1.304849e-006,-0.874
-1.304599e-006,-0.874
-1.304349e-006,-0.875667
-1.304099e-006,-0.875667
-1.303849e-006,-0.874
-1.303599e-006,-0.874
-1.303349e-006,-0.875667
-1.303099e-006,-0.875667
-1.302849e-006,-0.874
-1.302599e-006,-0.874
-1.302349e-006,-0.875667
-1.302099e-006,-0.875667
-1.301849e-006,-0.874
-1.301599e-006,-0.874
-1.301349e-006,-0.875667
-1.301099e-006,-0.875667
-1.300849e-006,-0.874
-1.300599e-006,-0.874
-1.300349e-006,-0.875667
-1.300099e-006,-0.875667
-1.299849e-006,-0.874
-1.299599e-006,-0.874
-1.299349e-006,-0.875667
-1.299099e-006,-0.875667
-1.298849e-006,-0.874
-1.298599e-006,-0.874
-1.298349e-006,-0.875667
-1.298099e-006,-0.875667
-1.297849e-006,-0.874
-1.297599e-006,-0.874
-1.297349e-006,-0.875667
-1.297099e-006,-0.875667
-1.296849e-006,-0.874
-1.296599e-006,-0.874
-1.296349e-006,-0.875667
-1.296099e-006,-0.875667
-1.295849e-006,-0.874
-1.295599e-006,-0.874
-1.295349e-006,-0.875667
-1.295099e-006,-0.875667
-1.294849e-006,-0.874
-1.294599e-006,-0.874
-1.294349e-006,-0.875667
-1.294099e-006,-0.875667
-1.293849e-006,-0.874
-1.293599e-006,-0.874
-1.293349e-006,-0.874
-1.293099e-006,-0.875667
-1.292849e-006,-0.874
-1.292599e-006,-0.874
-1.292349e-006,-0.874
-1.292099e-006,-0.875667
-1.291849e-006,-0.874
-1.291599e-006,-0.874
-1.291349e-006,-0.874
-1.291099e-006,-0.875667
-1.290849e-006,-0.874
-1.290599e-006,-0.874
-1.290349e-006,-0.874
-1.290099e-006,-0.875667
-1.289849e-006,-0.874
-1.289599e-006,-0.874
-1.289349e-006,-0.875667
-1.289099e-006,-0.875667
-1.288849e-006,-0.874
-1.288599e-006,-0.874
-1.288349e-006,-0.875667
-1.288099e-006,-0.875667
-1.287849e-006,-0.874
-1.287599e-006,-0.874
-1.287349e-006,-0.875667
-1.287099e-006,-0.875667
-1.286849e-006,-0.874
-1.286599e-006,-0.874
-1.286349e-006,-0.875667
-1.286099e-006,-0.875667
-1.285849e-006,-0.874
-1.285599e-006,-0.874
-1.285349e-006,-0.874
-1.285099e-006,-0.874
-1.284849e-006,-0.874
-1.284599e-006,-0.874
-1.284349e-006,-0.874
-1.284099e-006,-0.874
-1.283849e-006,-0.874
-1.283599e-006,-0.874
-1.283349e-006,-0.874
-1.283099e-006,-0.874
-1.282849e-006,-0.874
-1.282599e-006,-0.874
-1.282349e-006,-0.874
-1.282099e-006,-0.874
-1.281849e-006,-0.874
-1.281599e-006,-0.874
-1.281349e-006,-0.875667
-1.281099e-006,-0.874
-1.280849e-006,-0.874
-1.280599e-006,-0.874
-1.280349e-006,-0.874
-1.280099e-006,-0.875667
-1.279849e-006,-0.874
-1.279599e-006,-0.874
-1.279349e-006,-0.874
-1.279099e-006,-0.875667
-1.278849e-006,-0.874
-1.278599e-006,-0.874
-1.278349e-006,-0.874
-1.278099e-006,-0.875667
-1.277849e-006,-0.874
-1.277599e-006,-0.874
-1.277349e-006,-0.874
-1.277099e-006,-0.875667
-1.276849e-006,-0.874
-1.276599e-006,-0.874
-1.276349e-006,-0.874
-1.276099e-006,-0.875667
-1.275849e-006,-0.874
-1.275599e-006,-0.874
-1.275349e-006,-0.874
-1.275099e-006,-0.875667
-1.274849e-006,-0.874
-1.274599e-006,-0.874
-1.274349e-006,-0.874
-1.274099e-006,-0.875667
-1.273849e-006,-0.874
-1.273599e-006,-0.874
-1.273349e-006,-0.874
-1.273099e-006,-0.875667
-1.272849e-006,-0.874
-1.272599e-006,-0.874
-1.272349e-006,-0.874
-1.272099e-006,-0.875667
-1.271849e-006,-0.874
-1.271599e-006,-0.874
-1.271349e-006,-0.874
-1.271099e-006,-0.875667
-1.270849e-006,-0.874
-1.270599e-006,-0.874
-1.270349e-006,-0.874
-1.270099e-006,-0.874
-1.269849e-006,-0.874
-1.269599e-006,-0.874
-1.269349e-006,-0.874
-1.269099e-006,-0.875667
-1.268849e-006,-0.875667
-1.268599e-006,-0.874
-1.268349e-006,-0.874
-1.268099e-006,-0.875667
-1.267849e-006,-0.875667
-1.267599e-006,-0.874
-1.267349e-006,-0.875667
-1.267099e-006,-0.875667
-1.266849e-006,-0.874
-1.266599e-006,-0.874
-1.266349e-006,-0.875667
-1.266099e-006,-0.875667
-1.265849e-006,-0.874
-1.265599e-006,-0.874
-1.265349e-006,-0.874
-1.265099e-006,-0.874
-1.264849e-006,-0.874
-1.264599e-006,-0.874
-1.264349e-006,-0.874
-1.264099e-006,-0.874
-1.263849e-006,-0.874
-1.263599e-006,-0.874
-1.263349e-006,-0.875667
-1.263099e-006,-0.874
-1.262849e-006,-0.874
-1.262599e-006,-0.874
-1.262349e-006,-0.875667
-1.262099e-006,-0.875667
-1.261849e-006,-0.874
-1.261599e-006,-0.874
-1.261349e-006,-0.875667
-1.261099e-006,-0.875667
-1.260849e-006,-0.874
-1.260599e-006,-0.874
-1.260349e-006,-0.875667
-1.260099e-006,-0.875667
-1.259849e-006,-0.874
-1.259599e-006,-0.874
-1.259349e-006,-0.874
-1.259099e-006,-0.875667
-1.258849e-006,-0.874
-1.258599e-006,-0.874
-1.258349e-006,-0.874
-1.258099e-006,-0.875667
-1.257849e-006,-0.874
-1.257599e-006,-0.874
-1.257349e-006,-0.875667
-1.257099e-006,-0.875667
-1.256849e-006,-0.874
-1.256599e-006,-0.874
-1.256349e-006,-0.875667
-1.256099e-006,-0.875667
-1.255849e-006,-0.874
-1.255599e-006,-0.874
-1.255349e-006,-0.875667
-1.255099e-006,-0.875667
-1.254849e-006,-0.874
-1.254599e-006,-0.874
-1.254349e-006,-0.875667
-1.254099e-006,-0.875667
-1.253849e-006,-0.874
-1.253599e-006,-0.874
-1.253349e-006,-0.875667
-1.253099e-006,-0.875667
-1.252849e-006,-0.874
-1.252599e-006,-0.874
-1.252349e-006,-0.875667
-1.252099e-006,-0.875667
-1.251849e-006,-0.874
-1.251599e-006,-0.874
-1.251349e-006,-0.875667
-1.251099e-006,-0.875667
-1.250849e-006,-0.874
-1.250599e-006,-0.874
-1.250349e-006,-0.875667
-1.250099e-006,-0.875667
-1.249849e-006,-0.874
-1.249599e-006,-0.874
-1.249349e-006,-0.875667
-1.249099e-006,-0.875667
-1.248849e-006,-0.874
-1.248599e-006,-0.874
-1.248349e-006,-0.875667
-1.248099e-006,-0.875667
-1.247849e-006,-0.874
-1.247599e-006,-0.874
-1.247349e-006,-0.875667
-1.247099e-006,-0.875667
-1.246849e-006,-0.874
-1.246599e-006,-0.874
-1.246349e-006,-0.875667
-1.246099e-006,-0.875667
-1.245849e-006,-0.874
-1.245599e-006,-0.874
-1.245349e-006,-0.875667
-1.245099e-006,-0.875667
-1.244849e-006,-0.874
-1.244599e-006,-0.874
-1.244349e-006,-0.875667
-1.244099e-006,-0.875667
-1.243849e-006,-0.874
-1.243599e-006,-0.874
-1.243349e-006,-0.875667
-1.243099e-006,-0.875667
-1.242849e-006,-0.874
-1.242599e-006,-0.874
-1.242349e-006,-0.875667
-1.242099e-006,-0.875667
-1.241849e-006,-0.874
-1.241599e-006,-0.874
-1.241349e-006,-0.875667
-1.241099e-006,-0.875667
-1.240849e-006,-0.874
-1.240599e-006,-0.874
-1.240349e-006,-0.875667
-1.240099e-006,-0.875667
-1.239849e-006,-0.874
-1.239599e-006,-0.874
-1.239349e-006,-0.875667
-1.239099e-006,-0.875667
-1.238849e-006,-0.874
-1.238599e-006,-0.874
-1.238349e-006,-0.875667
-1.238099e-006,-0.875667
-1.237849e-006,-0.874
-1.237599e-006,-0.874
-1.237349e-006,-0.875667
-1.237099e-006,-0.875667
-1.236849e-006,-0.874
-1.236599e-006,-0.874
-1.236349e-006,-0.875667
-1.236099e-006,-0.875667
-1.235849e-006,-0.874
-1.235599e-006,-0.874
-1.235349e-006,-0.875667
-1.235099e-006,-0.875667
-1.234849e-006,-0.874
-1.234599e-006,-0.874
-1.234349e-006,-0.875667
-1.234099e-006,-0.875667
-1.233849e-006,-0.874
-1.233599e-006,-0.874
-1.233349e-006,-0.875667
-1.233099e-006,-0.875667
-1.232849e-006,-0.874
-1.232599e-006,-0.874
-1.232349e-006,-0.874
-1.232099e-006,-0.875667
-1.231849e-006,-0.874
-1.231599e-006,-0.874
-1.231349e-006,-0.874
-1.231099e-006,-0.875667
-1.230849e-006,-0.874
-1.230599e-006,-0.874
-1.230349e-006,-0.875667
-1.230099e-006,-0.875667
-1.229849e-006,-0.874
-1.229599e-006,-0.874
-1.229349e-006,-0.875667
-1.229099e-006,-0.875667
-1.228849e-006,-0.874
-1.228599e-006,-0.874
-1.228349e-006,-0.875667
-1.228099e-006,-0.875667
-1.227849e-006,-0.874
-1.227599e-006,-0.874
-1.227349e-006,-0.875667
-1.227099e-006,-0.875667
-1.226849e-006,-0.874
-1.226599e-006,-0.874
-1.226349e-006,-0.874
-1.226099e-006,-0.875667
-1.225849e-006,-0.874
-1.225599e-006,-0.874
-1.225349e-006,-0.875667
-1.225099e-006,-0.875667
-1.224849e-006,-0.874
-1.224599e-006,-0.874
-1.224349e-006,-0.875667
-1.224099e-006,-0.875667
-1.223849e-006,-0.874
-1.223599e-006,-0.874
-1.223349e-006,-0.875667
-1.223099e-006,-0.875667
-1.222849e-006,-0.874
-1.222599e-006,-0.874
-1.222349e-006,-0.874
-1.222099e-006,-0.875667
-1.221849e-006,-0.874
-1.221599e-006,-0.874
-1.221349e-006,-0.874
-1.221099e-006,-0.875667
-1.220849e-006,-0.874
-1.220599e-006,-0.874
-1.220349e-006,-0.875667
-1.220099e-006,-0.875667
-1.219849e-006,-0.874
-1.219599e-006,-0.874
-1.219349e-006,-0.875667
-1.219099e-006,-0.875667
-1.218849e-006,-0.874
-1.218599e-006,-0.874
-1.218349e-006,-0.875667
-1.218099e-006,-0.875667
-1.217849e-006,-0.874
-1.217599e-006,-0.874
-1.217349e-006,-0.875667
-1.217099e-006,-0.875667
-1.216849e-006,-0.874
-1.216599e-006,-0.874
-1.216349e-006,-0.875667
-1.216099e-006,-0.875667
-1.215849e-006,-0.874
-1.215599e-006,-0.874
-1.215349e-006,-0.875667
-1.215099e-006,-0.875667
-1.214849e-006,-0.874
-1.214599e-006,-0.874
-1.214349e-006,-0.875667
-1.214099e-006,-0.875667
-1.213849e-006,-0.874
-1.213599e-006,-0.874
-1.213349e-006,-0.875667
-1.213099e-006,-0.875667
-1.212849e-006,-0.874
-1.212599e-006,-0.874
-1.212349e-006,-0.875667
-1.212099e-006,-0.875667
-1.211849e-006,-0.874
-1.211599e-006,-0.874
-1.211349e-006,-0.875667
-1.211099e-006,-0.875667
-1.210849e-006,-0.874
-1.210599e-006,-0.874
-1.210349e-006,-0.875667
-1.210099e-006,-0.875667
-1.209849e-006,-0.874
-1.209599e-006,-0.874
-1.209349e-006,-0.875667
-1.209099e-006,-0.875667
-1.208849e-006,-0.874
-1.208599e-006,-0.874
-1.208349e-006,-0.875667
-1.208099e-006,-0.875667
-1.207849e-006,-0.874
-1.207599e-006,-0.874
-1.207349e-006,-0.875667
-1.207099e-006,-0.875667
-1.206849e-006,-0.874
-1.206599e-006,-0.874
-1.206349e-006,-0.875667
-1.206099e-006,-0.875667
-1.205849e-006,-0.874
-1.205599e-006,-0.874
-1.205349e-006,-0.875667
-1.205099e-006,-0.875667
-1.204849e-006,-0.874
-1.204599e-006,-0.874
-1.204349e-006,-0.874
-1.204099e-006,-0.875667
-1.203849e-006,-0.874
-1.203599e-006,-0.874
-1.203349e-006,-0.874
-1.203099e-006,-0.875667
-1.202849e-006,-0.874
-1.202599e-006,-0.874
-1.202349e-006,-0.874
-1.202099e-006,-0.875667
-1.201849e-006,-0.874
-1.201599e-006,-0.874
-1.201349e-006,-0.874
-1.201099e-006,-0.875667
-1.200849e-006,-0.874
-1.200599e-006,-0.874
-1.200349e-006,-0.875667
-1.200099e-006,-0.875667
-1.199849e-006,-0.874
-1.199599e-006,-0.874
-1.199349e-006,-0.875667
-1.199099e-006,-0.875667
-1.198849e-006,-0.874
-1.198599e-006,-0.874
-1.198349e-006,-0.875667
-1.198099e-006,-0.875667
-1.197849e-006,-0.874
-1.197599e-006,-0.874
-1.197349e-006,-0.875667
-1.197099e-006,-0.875667
-1.196849e-006,-0.874
-1.196599e-006,-0.874
-1.196349e-006,-0.874
-1.196099e-006,-0.875667
-1.195849e-006,-0.874
-1.195599e-006,-0.874
-1.195349e-006,-0.874
-1.195099e-006,-0.875667
-1.194849e-006,-0.874
-1.194599e-006,-0.874
-1.194349e-006,-0.874
-1.194099e-006,-0.875667
-1.193849e-006,-0.874
-1.193599e-006,-0.874
-1.193349e-006,-0.874
-1.193099e-006,-0.875667
-1.192849e-006,-0.874
-1.192599e-006,-0.874
-1.192349e-006,-0.875667
-1.192099e-006,-0.875667
-1.191849e-006,-0.874
-1.191599e-006,-0.874
-1.191349e-006,-0.875667
-1.191099e-006,-0.875667
-1.190849e-006,-0.874
-1.190599e-006,-0.874
-1.190349e-006,-0.875667
-1.190099e-006,-0.875667
-1.189849e-006,-0.874
-1.189599e-006,-0.874
-1.189349e-006,-0.875667
-1.189099e-006,-0.875667
-1.188849e-006,-0.874
-1.188599e-006,-0.874
-1.188349e-006,-0.875667
-1.188099e-006,-0.875667
-1.187849e-006,-0.874
-1.187599e-006,-0.874
-1.187349e-006,-0.875667
-1.187099e-006,-0.875667
-1.186849e-006,-0.874
-1.186599e-006,-0.874
-1.186349e-006,-0.875667
-1.186099e-006,-0.875667
-1.185849e-006,-0.874
-1.185599e-006,-0.874
-1.185349e-006,-0.875667
-1.185099e-006,-0.875667
-1.184849e-006,-0.874
-1.184599e-006,-0.874
-1.184349e-006,-0.875667
-1.184099e-006,-0.875667
-1.183849e-006,-0.874
-1.183599e-006,-0.874
-1.183349e-006,-0.875667
-1.183099e-006,-0.875667
-1.182849e-006,-0.875667
-1.182599e-006,-0.874
-1.182349e-006,-0.875667
-1.182099e-006,-0.875667
-1.181849e-006,-0.875667
-1.181599e-006,-0.874
-1.181349e-006,-0.875667
-1.181099e-006,-0.875667
-1.180849e-006,-0.875667
-1.180599e-006,-0.874
-1.180349e-006,-0.875667
-1.180099e-006,-0.875667
-1.179849e-006,-0.874
-1.179599e-006,-0.874
-1.179349e-006,-0.875667
-1.179099e-006,-0.875667
-1.178849e-006,-0.874
-1.178599e-006,-0.874
-1.178349e-006,-0.875667
-1.178099e-006,-0.874
-1.177849e-006,-0.874
-1.177599e-006,-0.874
-1.177349e-006,-0.874
-1.177099e-006,-0.874
-1.176849e-006,-0.874
-1.176599e-006,-0.874
-1.176349e-006,-0.874
-1.176099e-006,-0.874
-1.175849e-006,-0.874
-1.175599e-006,-0.874
-1.175349e-006,-0.874
-1.175099e-006,-0.874
-1.174849e-006,-0.874
-1.174599e-006,-0.874
-1.174349e-006,-0.874
-1.174099e-006,-0.874
-1.173849e-006,-0.874
-1.173599e-006,-0.874
-1.173349e-006,-0.874
-1.173099e-006,-0.875667
-1.172849e-006,-0.874
-1.172599e-006,-0.874
-1.172349e-006,-0.874
-1.172099e-006,-0.875667
-1.171849e-006,-0.874
-1.171599e-006,-0.874
-1.171349e-006,-0.875667
-1.171099e-006,-0.875667
-1.170849e-006,-0.874
-1.170599e-006,-0.874
-1.170349e-006,-0.875667
-1.170099e-006,-0.875667
-1.169849e-006,-0.874
-1.169599e-006,-0.874
-1.169349e-006,-0.875667
-1.169099e-006,-0.875667
-1.168849e-006,-0.874
-1.168599e-006,-0.874
-1.168349e-006,-0.875667
-1.168099e-006,-0.875667
-1.167849e-006,-0.874
-1.167599e-006,-0.874
-1.167349e-006,-0.875667
-1.167099e-006,-0.875667
-1.166849e-006,-0.875667
-1.166599e-006,-0.874
-1.166349e-006,-0.875667
-1.166099e-006,-0.875667
-1.165849e-006,-0.875667
-1.165599e-006,-0.874
-1.165349e-006,-0.875667
-1.165099e-006,-0.875667
-1.164849e-006,-0.874
-1.164599e-006,-0.874
-1.164349e-006,-0.875667
-1.164099e-006,-0.875667
-1.163849e-006,-0.874
-1.163599e-006,-0.874
-1.163349e-006,-0.875667
-1.163099e-006,-0.875667
-1.162849e-006,-0.874
-1.162599e-006,-0.874
-1.162349e-006,-0.875667
-1.162099e-006,-0.875667
-1.161849e-006,-0.874
-1.161599e-006,-0.874
-1.161349e-006,-0.875667
-1.161099e-006,-0.875667
-1.160849e-006,-0.874
-1.160599e-006,-0.874
-1.160349e-006,-0.875667
-1.160099e-006,-0.875667
-1.159849e-006,-0.874
-1.159599e-006,-0.874
-1.159349e-006,-0.875667
-1.159099e-006,-0.875667
-1.158849e-006,-0.874
-1.158599e-006,-0.874
-1.158349e-006,-0.875667
-1.158099e-006,-0.875667
-1.157849e-006,-0.874
-1.157599e-006,-0.874
-1.157349e-006,-0.875667
-1.157099e-006,-0.875667
-1.156849e-006,-0.874
-1.156599e-006,-0.874
-1.156349e-006,-0.875667
-1.156099e-006,-0.875667
-1.155849e-006,-0.874
-1.155599e-006,-0.874
-1.155349e-006,-0.875667
-1.155099e-006,-0.875667
-1.154849e-006,-0.874
-1.154599e-006,-0.874
-1.154349e-006,-0.875667
-1.154099e-006,-0.875667
-1.153849e-006,-0.874
-1.153599e-006,-0.874
-1.153349e-006,-0.875667
-1.153099e-006,-0.875667
-1.152849e-006,-0.874
-1.152599e-006,-0.874
-1.152349e-006,-0.875667
-1.152099e-006,-0.875667
-1.151849e-006,-0.874
-1.151599e-006,-0.874
-1.151349e-006,-0.875667
-1.151099e-006,-0.875667
-1.150849e-006,-0.874
-1.150599e-006,-0.874
-1.150349e-006,-0.875667
-1.150099e-006,-0.875667
-1.149849e-006,-0.874
-1.149599e-006,-0.874
-1.149349e-006,-0.874
-1.149099e-006,-0.875667
-1.148849e-006,-0.874
-1.148599e-006,-0.874
-1.148349e-006,-0.874
-1.148099e-006,-0.875667
-1.147849e-006,-0.874
-1.147599e-006,-0.874
-1.147349e-006,-0.874
-1.147099e-006,-0.875667
-1.146849e-006,-0.874
-1.146599e-006,-0.874
-1.146349e-006,-0.874
-1.146099e-006,-0.875667
-1.145849e-006,-0.874
-1.145599e-006,-0.874
-1.145349e-006,-0.874
-1.145099e-006,-0.875667
-1.144849e-006,-0.874
-1.144599e-006,-0.874
-1.144349e-006,-0.875667
-1.144099e-006,-0.875667
-1.143849e-006,-0.874
-1.143599e-006,-0.874
-1.143349e-006,-0.875667
-1.143099e-006,-0.875667
-1.142849e-006,-0.874
-1.142599e-006,-0.874
-1.142349e-006,-0.875667
-1.142099e-006,-0.875667
-1.141849e-006,-0.874
-1.141599e-006,-0.874
-1.141349e-006,-0.875667
-1.141099e-006,-0.875667
-1.140849e-006,-0.874
-1.140599e-006,-0.874
-1.140349e-006,-0.875667
-1.140099e-006,-0.875667
-1.139849e-006,-0.874
-1.139599e-006,-0.874
-1.139349e-006,-0.875667
-1.139099e-006,-0.875667
-1.138849e-006,-0.874
-1.138599e-006,-0.874
-1.138349e-006,-0.875667
-1.138099e-006,-0.875667
-1.137849e-006,-0.874
-1.137599e-006,-0.874
-1.137349e-006,-0.875667
-1.137099e-006,-0.875667
-1.136849e-006,-0.874
-1.136599e-006,-0.874
-1.136349e-006,-0.875667
-1.136099e-006,-0.875667
-1.135849e-006,-0.874
-1.135599e-006,-0.874
-1.135349e-006,-0.875667
-1.135099e-006,-0.875667
-1.134849e-006,-0.874
-1.134599e-006,-0.874
-1.134349e-006,-0.874
-1.134099e-006,-0.875667
-1.133849e-006,-0.874
-1.133599e-006,-0.874
-1.133349e-006,-0.874
-1.133099e-006,-0.875667
-1.132849e-006,-0.874
-1.132599e-006,-0.874
-1.132349e-006,-0.875667
-1.132099e-006,-0.875667
-1.131849e-006,-0.874
-1.131599e-006,-0.874
-1.131349e-006,-0.875667
-1.131099e-006,-0.875667
-1.130849e-006,-0.874
-1.130599e-006,-0.874
-1.130349e-006,-0.875667
-1.130099e-006,-0.875667
-1.129849e-006,-0.874
-1.129599e-006,-0.874
-1.129349e-006,-0.875667
-1.129099e-006,-0.875667
-1.128849e-006,-0.875667
-1.128599e-006,-0.874
-1.128349e-006,-0.875667
-1.128099e-006,-0.875667
-1.127849e-006,-0.875667
-1.127599e-006,-0.874
-1.127349e-006,-0.875667
-1.127099e-006,-0.875667
-1.126849e-006,-0.875667
-1.126599e-006,-0.874
-1.126349e-006,-0.875667
-1.126099e-006,-0.875667
-1.125849e-006,-0.874
-1.125599e-006,-0.874
-1.125349e-006,-0.875667
-1.125099e-006,-0.875667
-1.124849e-006,-0.874
-1.124599e-006,-0.874
-1.124349e-006,-0.875667
-1.124099e-006,-0.875667
-1.123849e-006,-0.874
-1.123599e-006,-0.874
-1.123349e-006,-0.875667
-1.123099e-006,-0.875667
-1.122849e-006,-0.874
-1.122599e-006,-0.874
-1.122349e-006,-0.875667
-1.122099e-006,-0.875667
-1.121849e-006,-0.874
-1.121599e-006,-0.874
-1.121349e-006,-0.875667
-1.121099e-006,-0.875667
-1.120849e-006,-0.874
-1.120599e-006,-0.874
-1.120349e-006,-0.875667
-1.120099e-006,-0.875667
-1.119849e-006,-0.874
-1.119599e-006,-0.874
-1.119349e-006,-0.875667
-1.119099e-006,-0.875667
-1.118849e-006,-0.874
-1.118599e-006,-0.874
-1.118349e-006,-0.875667
-1.118099e-006,-0.875667
-1.117849e-006,-0.874
-1.117599e-006,-0.874
-1.117349e-006,-0.874
-1.117099e-006,-0.875667
-1.116849e-006,-0.874
-1.116599e-006,-0.874
-1.116349e-006,-0.875667
-1.116099e-006,-0.875667
-1.115849e-006,-0.874
-1.115599e-006,-0.874
-1.115349e-006,-0.875667
-1.115099e-006,-0.875667
-1.114849e-006,-0.874
-1.114599e-006,-0.874
-1.114349e-006,-0.875667
-1.114099e-006,-0.875667
-1.113849e-006,-0.874
-1.113599e-006,-0.874
-1.113349e-006,-0.875667
-1.113099e-006,-0.875667
-1.112849e-006,-0.874
-1.112599e-006,-0.874
-1.112349e-006,-0.875667
-1.112099e-006,-0.875667
-1.111849e-006,-0.874
-1.111599e-006,-0.874
-1.111349e-006,-0.875667
-1.111099e-006,-0.875667
-1.110849e-006,-0.874
-1.110599e-006,-0.874
-1.110349e-006,-0.875667
-1.110099e-006,-0.875667
-1.109849e-006,-0.874
-1.109599e-006,-0.874
-1.109349e-006,-0.875667
-1.109099e-006,-0.875667
-1.108849e-006,-0.874
-1.108599e-006,-0.874
-1.108349e-006,-0.875667
-1.108099e-006,-0.875667
-1.107849e-006,-0.874
-1.107599e-006,-0.874
-1.107349e-006,-0.875667
-1.107099e-006,-0.875667
-1.106849e-006,-0.874
-1.106599e-006,-0.874
-1.106349e-006,-0.875667
-1.106099e-006,-0.875667
-1.105849e-006,-0.874
-1.105599e-006,-0.874
-1.105349e-006,-0.875667
-1.105099e-006,-0.875667
-1.104849e-006,-0.874
-1.104599e-006,-0.874
-1.104349e-006,-0.875667
-1.104099e-006,-0.875667
-1.103849e-006,-0.874
-1.103599e-006,-0.874
-1.103349e-006,-0.875667
-1.103099e-006,-0.875667
-1.102849e-006,-0.874
-1.102599e-006,-0.874
-1.102349e-006,-0.875667
-1.102099e-006,-0.875667
-1.101849e-006,-0.874
-1.101599e-006,-0.874
-1.101349e-006,-0.875667
-1.101099e-006,-0.875667
-1.100849e-006,-0.874
-1.100599e-006,-0.874
-1.100349e-006,-0.875667
-1.100099e-006,-0.875667
-1.099849e-006,-0.874
-1.099599e-006,-0.874
-1.099349e-006,-0.875667
-1.099099e-006,-0.875667
-1.098849e-006,-0.874
-1.098599e-006,-0.874
-1.098349e-006,-0.875667
-1.098099e-006,-0.875667
-1.097849e-006,-0.874
-1.097599e-006,-0.874
-1.097349e-006,-0.875667
-1.097099e-006,-0.875667
-1.096849e-006,-0.874
-1.096599e-006,-0.874
-1.096349e-006,-0.875667
-1.096099e-006,-0.875667
-1.095849e-006,-0.874
-1.095599e-006,-0.874
-1.095349e-006,-0.875667
-1.095099e-006,-0.875667
-1.094849e-006,-0.874
-1.094599e-006,-0.874
-1.094349e-006,-0.875667
-1.094099e-006,-0.875667
-1.093849e-006,-0.874
-1.093599e-006,-0.874
-1.093349e-006,-0.875667
-1.093099e-006,-0.875667
-1.092849e-006,-0.874
-1.092599e-006,-0.874
-1.092349e-006,-0.875667
-1.092099e-006,-0.875667
-1.091849e-006,-0.874
-1.091599e-006,-0.874
-1.091349e-006,-0.875667
-1.091099e-006,-0.875667
-1.090849e-006,-0.874
-1.090599e-006,-0.874
-1.090349e-006,-0.875667
-1.090099e-006,-0.875667
-1.089849e-006,-0.874
-1.089599e-006,-0.874
-1.089349e-006,-0.875667
-1.089099e-006,-0.875667
-1.088849e-006,-0.874
-1.088599e-006,-0.874
-1.088349e-006,-0.874
-1.088099e-006,-0.875667
-1.087849e-006,-0.874
-1.087599e-006,-0.874
-1.087349e-006,-0.874
-1.087099e-006,-0.875667
-1.086849e-006,-0.874
-1.086599e-006,-0.874
-1.086349e-006,-0.874
-1.086099e-006,-0.875667
-1.085849e-006,-0.874
-1.085599e-006,-0.874
-1.085349e-006,-0.874
-1.085099e-006,-0.875667
-1.084849e-006,-0.874
-1.084599e-006,-0.874
-1.084349e-006,-0.875667
-1.084099e-006,-0.875667
-1.083849e-006,-0.874
-1.083599e-006,-0.874
-1.083349e-006,-0.875667
-1.083099e-006,-0.875667
-1.082849e-006,-0.874
-1.082599e-006,-0.874
-1.082349e-006,-0.875667
-1.082099e-006,-0.875667
-1.081849e-006,-0.874
-1.081599e-006,-0.874
-1.081349e-006,-0.875667
-1.081099e-006,-0.875667
-1.080849e-006,-0.874
-1.080599e-006,-0.874
-1.080349e-006,-0.875667
-1.080099e-006,-0.875667
-1.079849e-006,-0.874
-1.079599e-006,-0.874
-1.079349e-006,-0.875667
-1.079099e-006,-0.875667
-1.078849e-006,-0.874
-1.078599e-006,-0.874
-1.078349e-006,-0.875667
-1.078099e-006,-0.875667
-1.077849e-006,-0.874
-1.077599e-006,-0.874
-1.077349e-006,-0.875667
-1.077099e-006,-0.875667
-1.076849e-006,-0.874
-1.076599e-006,-0.874
-1.076349e-006,-0.875667
-1.076099e-006,-0.875667
-1.075849e-006,-0.874
-1.075599e-006,-0.874
-1.075349e-006,-0.875667
-1.075099e-006,-0.875667
-1.074849e-006,-0.874
-1.074599e-006,-0.874
-1.074349e-006,-0.875667
-1.074099e-006,-0.875667
-1.073849e-006,-0.874
-1.073599e-006,-0.874
-1.073349e-006,-0.875667
-1.073099e-006,-0.875667
-1.072849e-006,-0.874
-1.072599e-006,-0.874
-1.072349e-006,-0.875667
-1.072099e-006,-0.875667
-1.071849e-006,-0.874
-1.071599e-006,-0.874
-1.071349e-006,-0.875667
-1.071099e-006,-0.875667
-1.070849e-006,-0.874
-1.070599e-006,-0.874
-1.070349e-006,-0.875667
-1.070099e-006,-0.875667
-1.069849e-006,-0.874
-1.069599e-006,-0.874
-1.069349e-006,-0.875667
-1.069099e-006,-0.874
-1.068849e-006,-0.874
-1.068599e-006,-0.874
-1.068349e-006,-0.875667
-1.068099e-006,-0.875667
-1.067849e-006,-0.874
-1.067599e-006,-0.874
-1.067349e-006,-0.875667
-1.067099e-006,-0.875667
-1.066849e-006,-0.874
-1.066599e-006,-0.874
-1.066349e-006,-0.875667
-1.066099e-006,-0.875667
-1.065849e-006,-0.874
-1.065599e-006,-0.874
-1.065349e-006,-0.875667
-1.065099e-006,-0.875667
-1.064849e-006,-0.874
-1.064599e-006,-0.874
-1.064349e-006,-0.875667
-1.064099e-006,-0.875667
-1.063849e-006,-0.874
-1.063599e-006,-0.874
-1.063349e-006,-0.874
-1.063099e-006,-0.875667
-1.062849e-006,-0.874
-1.062599e-006,-0.874
-1.062349e-006,-0.874
-1.062099e-006,-0.875667
-1.061849e-006,-0.874
-1.061599e-006,-0.874
-1.061349e-006,-0.875667
-1.061099e-006,-0.875667
-1.060849e-006,-0.874
-1.060599e-006,-0.874
-1.060349e-006,-0.875667
-1.060099e-006,-0.875667
-1.059849e-006,-0.874
-1.059599e-006,-0.874
-1.059349e-006,-0.874
-1.059099e-006,-0.875667
-1.058849e-006,-0.874
-1.058599e-006,-0.874
-1.058349e-006,-0.875667
-1.058099e-006,-0.875667
-1.057849e-006,-0.874
-1.057599e-006,-0.874
-1.057349e-006,-0.875667
-1.057099e-006,-0.875667
-1.056849e-006,-0.874
-1.056599e-006,-0.874
-1.056349e-006,-0.875667
-1.056099e-006,-0.875667
-1.055849e-006,-0.874
-1.055599e-006,-0.874
-1.055349e-006,-0.875667
-1.055099e-006,-0.875667
-1.054849e-006,-0.874
-1.054599e-006,-0.874
-1.054349e-006,-0.875667
-1.054099e-006,-0.875667
-1.053849e-006,-0.874
-1.053599e-006,-0.874
-1.053349e-006,-0.875667
-1.053099e-006,-0.875667
-1.052849e-006,-0.874
-1.052599e-006,-0.874
-1.052349e-006,-0.875667
-1.052099e-006,-0.875667
-1.051849e-006,-0.874
-1.051599e-006,-0.874
-1.051349e-006,-0.875667
-1.051099e-006,-0.875667
-1.050849e-006,-0.874
-1.050599e-006,-0.874
-1.050349e-006,-0.875667
-1.050099e-006,-0.875667
-1.049849e-006,-0.874
-1.049599e-006,-0.874
-1.049349e-006,-0.875667
-1.049099e-006,-0.875667
-1.048849e-006,-0.874
-1.048599e-006,-0.874
-1.048349e-006,-0.875667
-1.048099e-006,-0.875667
-1.047849e-006,-0.874
-1.047599e-006,-0.874
-1.047349e-006,-0.874
-1.047099e-006,-0.875667
-1.046849e-006,-0.874
-1.046599e-006,-0.874
-1.046349e-006,-0.874
-1.046099e-006,-0.875667
-1.045849e-006,-0.874
-1.045599e-006,-0.874
-1.045349e-006,-0.875667
-1.045099e-006,-0.875667
-1.044849e-006,-0.874
-1.044599e-006,-0.874
-1.044349e-006,-0.875667
-1.044099e-006,-0.875667
-1.043849e-006,-0.874
-1.043599e-006,-0.874
-1.043349e-006,-0.875667
-1.043099e-006,-0.875667
-1.042849e-006,-0.874
-1.042599e-006,-0.874
-1.042349e-006,-0.875667
-1.042099e-006,-0.875667
-1.041849e-006,-0.874
-1.041599e-006,-0.874
-1.041349e-006,-0.875667
-1.041099e-006,-0.875667
-1.040849e-006,-0.874
-1.040599e-006,-0.874
-1.040349e-006,-0.875667
-1.040099e-006,-0.875667
-1.039849e-006,-0.874
-1.039599e-006,-0.874
-1.039349e-006,-0.875667
-1.039099e-006,-0.875667
-1.038849e-006,-0.874
-1.038599e-006,-0.874
-1.038349e-006,-0.875667
-1.038099e-006,-0.875667
-1.037849e-006,-0.874
-1.037599e-006,-0.874
-1.037349e-006,-0.874
-1.037099e-006,-0.875667
-1.036849e-006,-0.874
-1.036599e-006,-0.874
-1.036349e-006,-0.874
-1.036099e-006,-0.875667
-1.035849e-006,-0.874
-1.035599e-006,-0.874
-1.035349e-006,-0.875667
-1.035099e-006,-0.875667
-1.034849e-006,-0.874
-1.034599e-006,-0.874
-1.034349e-006,-0.875667
-1.034099e-006,-0.875667
-1.033849e-006,-0.874
-1.033599e-006,-0.874
-1.033349e-006,-0.875667
-1.033099e-006,-0.875667
-1.032849e-006,-0.874
-1.032599e-006,-0.874
-1.032349e-006,-0.875667
-1.032099e-006,-0.875667
-1.031849e-006,-0.874
-1.031599e-006,-0.874
-1.031349e-006,-0.875667
-1.031099e-006,-0.875667
-1.030849e-006,-0.874
-1.030599e-006,-0.874
-1.030349e-006,-0.875667
-1.030099e-006,-0.875667
-1.029849e-006,-0.874
-1.029599e-006,-0.874
-1.029349e-006,-0.875667
-1.029099e-006,-0.875667
-1.028849e-006,-0.874
-1.028599e-006,-0.874
-1.028349e-006,-0.875667
-1.028099e-006,-0.875667
-1.027849e-006,-0.874
-1.027599e-006,-0.874
-1.027349e-006,-0.875667
-1.027099e-006,-0.875667
-1.026849e-006,-0.874
-1.026599e-006,-0.874
-1.026349e-006,-0.875667
-1.026099e-006,-0.875667
-1.025849e-006,-0.874
-1.025599e-006,-0.874
-1.025349e-006,-0.875667
-1.025099e-006,-0.875667
-1.024849e-006,-0.874
-1.024599e-006,-0.874
-1.024349e-006,-0.875667
-1.024099e-006,-0.875667
-1.023849e-006,-0.874
-1.023599e-006,-0.874
-1.023349e-006,-0.875667
-1.023099e-006,-0.875667
-1.022849e-006,-0.874
-1.022599e-006,-0.874
-1.022349e-006,-0.875667
-1.022099e-006,-0.875667
-1.021849e-006,-0.874
-1.021599e-006,-0.874
-1.021349e-006,-0.875667
-1.021099e-006,-0.875667
-1.020849e-006,-0.874
-1.020599e-006,-0.874
-1.020349e-006,-0.875667
-1.020099e-006,-0.875667
-1.019849e-006,-0.874
-1.019599e-006,-0.874
-1.019349e-006,-0.875667
-1.019099e-006,-0.875667
-1.018849e-006,-0.874
-1.018599e-006,-0.874
-1.018349e-006,-0.875667
-1.018099e-006,-0.875667
-1.017849e-006,-0.874
-1.017599e-006,-0.874
-1.017349e-006,-0.875667
-1.017099e-006,-0.875667
-1.016849e-006,-0.874
-1.016599e-006,-0.874
-1.016349e-006,-0.875667
-1.016099e-006,-0.875667
-1.015849e-006,-0.874
-1.015599e-006,-0.874
-1.015349e-006,-0.875667
-1.015099e-006,-0.875667
-1.014849e-006,-0.874
-1.014599e-006,-0.874
-1.014349e-006,-0.874
-1.014099e-006,-0.875667
-1.013849e-006,-0.874
-1.013599e-006,-0.874
-1.013349e-006,-0.875667
-1.013099e-006,-0.875667
-1.012849e-006,-0.874
-1.012599e-006,-0.874
-1.012349e-006,-0.875667
-1.012099e-006,-0.875667
-1.011849e-006,-0.874
-1.011599e-006,-0.874
-1.011349e-006,-0.875667
-1.011099e-006,-0.875667
-1.010849e-006,-0.874
-1.010599e-006,-0.874
-1.010349e-006,-0.875667
-1.010099e-006,-0.875667
-1.009849e-006,-0.874
-1.009599e-006,-0.874
-1.009349e-006,-0.875667
-1.009099e-006,-0.875667
-1.008849e-006,-0.874
-1.008599e-006,-0.874
-1.008349e-006,-0.875667
-1.008099e-006,-0.875667
-1.007849e-006,-0.874
-1.007599e-006,-0.874
-1.007349e-006,-0.875667
-1.007099e-006,-0.875667
-1.006849e-006,-0.874
-1.006599e-006,-0.874
-1.006349e-006,-0.875667
-1.006099e-006,-0.875667
-1.005849e-006,-0.874
-1.005599e-006,-0.874
-1.005349e-006,-0.875667
-1.005099e-006,-0.875667
-1.004849e-006,-0.874
-1.004599e-006,-0.874
-1.004349e-006,-0.875667
-1.004099e-006,-0.875667
-1.003849e-006,-0.874
-1.003599e-006,-0.874
-1.003349e-006,-0.875667
-1.003099e-006,-0.875667
-1.002849e-006,-0.874
-1.002599e-006,-0.874
-1.002349e-006,-0.874
-1.002099e-006,-0.875667
-1.001849e-006,-0.874
-1.001599e-006,-0.874
-1.001349e-006,-0.874
-1.001099e-006,-0.875667
-1.000849e-006,-0.874
-1.000599e-006,-0.874
-1.000349e-006,-0.875667
-1.000099e-006,-0.875667
-9.99849e-007,-0.874
-9.99599e-007,-0.874
-9.99349e-007,-0.875667
-9.99099e-007,-0.875667
-9.98849e-007,-0.874
-9.98599e-007,-0.874
-9.98349e-007,-0.875667
-9.98099e-007,-0.875667
-9.97849e-007,-0.874
-9.97599e-007,-0.874
-9.97349e-007,-0.875667
-9.97099e-007,-0.875667
-9.96849e-007,-0.875667
-9.96599e-007,-0.874
-9.96349e-007,-0.875667
-9.96099e-007,-0.875667
-9.95849e-007,-0.874
-9.95599e-007,-0.874
-9.95349e-007,-0.875667
-9.95099e-007,-0.875667
-9.94849e-007,-0.874
-9.94599e-007,-0.874
-9.94349e-007,-0.875667
-9.94099e-007,-0.875667
-9.93849e-007,-0.874
-9.93599e-007,-0.874
-9.93349e-007,-0.875667
-9.93099e-007,-0.875667
-9.92849e-007,-0.874
-9.92599e-007,-0.874
-9.92349e-007,-0.874
-9.92099e-007,-0.875667
-9.91849e-007,-0.874
-9.91599e-007,-0.874
-9.91349e-007,-0.874
-9.91099e-007,-0.875667
-9.90849e-007,-0.874
-9.90599e-007,-0.874
-9.90349e-007,-0.875667
-9.90099e-007,-0.875667
-9.89849e-007,-0.874
-9.89599e-007,-0.874
-9.89349e-007,-0.875667
-9.89099e-007,-0.875667
-9.88849e-007,-0.874
-9.88599e-007,-0.874
-9.88349e-007,-0.875667
-9.88099e-007,-0.875667
-9.87849e-007,-0.874
-9.87599e-007,-0.874
-9.87349e-007,-0.875667
-9.87099e-007,-0.875667
-9.86849e-007,-0.874
-9.86599e-007,-0.874
-9.86349e-007,-0.875667
-9.86099e-007,-0.875667
-9.85849e-007,-0.874
-9.85599e-007,-0.874
-9.85349e-007,-0.875667
-9.85099e-007,-0.875667
-9.84849e-007,-0.874
-9.84599e-007,-0.874
-9.84349e-007,-0.875667
-9.84099e-007,-0.875667
-9.83849e-007,-0.874
-9.83599e-007,-0.874
-9.83349e-007,-0.875667
-9.83099e-007,-0.875667
-9.82849e-007,-0.874
-9.82599e-007,-0.874
-9.82349e-007,-0.875667
-9.82099e-007,-0.875667
-9.81849e-007,-0.874
-9.81599e-007,-0.874
-9.81349e-007,-0.875667
-9.81099e-007,-0.875667
-9.80849e-007,-0.874
-9.80599e-007,-0.874
-9.80349e-007,-0.875667
-9.80099e-007,-0.875667
-9.79849e-007,-0.874
-9.79599e-007,-0.874
-9.79349e-007,-0.875667
-9.79099e-007,-0.875667
-9.78849e-007,-0.874
-9.78599e-007,-0.874
-9.78349e-007,-0.874
-9.78099e-007,-0.875667
-9.77849e-007,-0.874
-9.77599e-007,-0.874
-9.77349e-007,-0.874
-9.77099e-007,-0.875667
-9.76849e-007,-0.874
-9.76599e-007,-0.874
-9.76349e-007,-0.874
-9.76099e-007,-0.875667
-9.75849e-007,-0.874
-9.75599e-007,-0.874
-9.75349e-007,-0.874
-9.75099e-007,-0.875667
-9.74849e-007,-0.874
-9.74599e-007,-0.874
-9.74349e-007,-0.875667
-9.74099e-007,-0.875667
-9.73849e-007,-0.874
-9.73599e-007,-0.874
-9.73349e-007,-0.875667
-9.73099e-007,-0.875667
-9.72849e-007,-0.874
-9.72599e-007,-0.874
-9.72349e-007,-0.874
-9.72099e-007,-0.875667
-9.71849e-007,-0.874
-9.71599e-007,-0.874
-9.71349e-007,-0.875667
-9.71099e-007,-0.875667
-9.70849e-007,-0.874
-9.70599e-007,-0.874
-9.70349e-007,-0.875667
-9.70099e-007,-0.875667
-9.69849e-007,-0.874
-9.69599e-007,-0.874
-9.69349e-007,-0.875667
-9.69099e-007,-0.875667
-9.68849e-007,-0.874
-9.68599e-007,-0.874
-9.68349e-007,-0.875667
-9.68099e-007,-0.875667
-9.67849e-007,-0.874
-9.67599e-007,-0.874
-9.67349e-007,-0.875667
-9.67099e-007,-0.875667
-9.66849e-007,-0.874
-9.66599e-007,-0.874
-9.66349e-007,-0.875667
-9.66099e-007,-0.875667
-9.65849e-007,-0.874
-9.65599e-007,-0.874
-9.65349e-007,-0.875667
-9.65099e-007,-0.875667
-9.64849e-007,-0.874
-9.64599e-007,-0.874
-9.64349e-007,-0.875667
-9.64099e-007,-0.875667
-9.63849e-007,-0.874
-9.63599e-007,-0.874
-9.63349e-007,-0.875667
-9.63099e-007,-0.875667
-9.62849e-007,-0.874
-9.62599e-007,-0.874
-9.62349e-007,-0.875667
-9.62099e-007,-0.875667
-9.61849e-007,-0.874
-9.61599e-007,-0.874
-9.61349e-007,-0.875667
-9.61099e-007,-0.875667
-9.60849e-007,-0.874
-9.60599e-007,-0.874
-9.60349e-007,-0.874
-9.60099e-007,-0.875667
-9.59849e-007,-0.874
-9.59599e-007,-0.874
-9.59349e-007,-0.874
-9.59099e-007,-0.875667
-9.58849e-007,-0.874
-9.58599e-007,-0.874
-9.58349e-007,-0.874
-9.58099e-007,-0.875667
-9.57849e-007,-0.874
-9.57599e-007,-0.874
-9.57349e-007,-0.875667
-9.57099e-007,-0.875667
-9.56849e-007,-0.874
-9.56599e-007,-0.874
-9.56349e-007,-0.875667
-9.56099e-007,-0.875667
-9.55849e-007,-0.874
-9.55599e-007,-0.874
-9.55349e-007,-0.874
-9.55099e-007,-0.875667
-9.54849e-007,-0.874
-9.54599e-007,-0.874
-9.54349e-007,-0.874
-9.54099e-007,-0.875667
-9.53849e-007,-0.874
-9.53599e-007,-0.874
-9.53349e-007,-0.874
-9.53099e-007,-0.875667
-9.52849e-007,-0.874
-9.52599e-007,-0.874
-9.52349e-007,-0.874
-9.52099e-007,-0.875667
-9.51849e-007,-0.874
-9.51599e-007,-0.874
-9.51349e-007,-0.874
-9.51099e-007,-0.875667
-9.50849e-007,-0.874
-9.50599e-007,-0.874
-9.50349e-007,-0.874
-9.50099e-007,-0.875667
-9.49849e-007,-0.874
-9.49599e-007,-0.874
-9.49349e-007,-0.874
-9.49099e-007,-0.875667
-9.48849e-007,-0.874
-9.48599e-007,-0.874
-9.48349e-007,-0.875667
-9.48099e-007,-0.875667
-9.47849e-007,-0.874
-9.47599e-007,-0.874
-9.47349e-007,-0.875667
-9.47099e-007,-0.875667
-9.46849e-007,-0.874
-9.46599e-007,-0.874
-9.46349e-007,-0.875667
-9.46099e-007,-0.875667
-9.45849e-007,-0.874
-9.45599e-007,-0.874
-9.45349e-007,-0.875667
-9.45099e-007,-0.875667
-9.44849e-007,-0.875667
-9.44599e-007,-0.874
-9.44349e-007,-0.875667
-9.44099e-007,-0.875667
-9.43849e-007,-0.874
-9.43599e-007,-0.874
-9.43349e-007,-0.875667
-9.43099e-007,-0.875667
-9.42849e-007,-0.874
-9.42599e-007,-0.874
-9.42349e-007,-0.875667
-9.42099e-007,-0.875667
-9.41849e-007,-0.874
-9.41599e-007,-0.874
-9.41349e-007,-0.875667
-9.41099e-007,-0.875667
-9.40849e-007,-0.874
-9.40599e-007,-0.874
-9.40349e-007,-0.874
-9.40099e-007,-0.875667
-9.39849e-007,-0.874
-9.39599e-007,-0.874
-9.39349e-007,-0.874
-9.39099e-007,-0.875667
-9.38849e-007,-0.874
-9.38599e-007,-0.874
-9.38349e-007,-0.874
-9.38099e-007,-0.875667
-9.37849e-007,-0.874
-9.37599e-007,-0.874
-9.37349e-007,-0.875667
-9.37099e-007,-0.875667
-9.36849e-007,-0.874
-9.36599e-007,-0.874
-9.36349e-007,-0.875667
-9.36099e-007,-0.875667
-9.35849e-007,-0.874
-9.35599e-007,-0.874
-9.35349e-007,-0.875667
-9.35099e-007,-0.875667
-9.34849e-007,-0.874
-9.34599e-007,-0.874
-9.34349e-007,-0.875667
-9.34099e-007,-0.875667
-9.33849e-007,-0.874
-9.33599e-007,-0.874
-9.33349e-007,-0.875667
-9.33099e-007,-0.875667
-9.32849e-007,-0.874
-9.32599e-007,-0.874
-9.32349e-007,-0.875667
-9.32099e-007,-0.875667
-9.31849e-007,-0.874
-9.31599e-007,-0.874
-9.31349e-007,-0.875667
-9.31099e-007,-0.875667
-9.30849e-007,-0.874
-9.30599e-007,-0.874
-9.30349e-007,-0.875667
-9.30099e-007,-0.875667
-9.29849e-007,-0.874
-9.29599e-007,-0.874
-9.29349e-007,-0.875667
-9.29099e-007,-0.875667
-9.28849e-007,-0.874
-9.28599e-007,-0.874
-9.28349e-007,-0.875667
-9.28099e-007,-0.875667
-9.27849e-007,-0.874
-9.27599e-007,-0.874
-9.27349e-007,-0.875667
-9.27099e-007,-0.875667
-9.26849e-007,-0.874
-9.26599e-007,-0.874
-9.26349e-007,-0.875667
-9.26099e-007,-0.875667
-9.25849e-007,-0.874
-9.25599e-007,-0.874
-9.25349e-007,-0.874
-9.25099e-007,-0.875667
-9.24849e-007,-0.874
-9.24599e-007,-0.874
-9.24349e-007,-0.874
-9.24099e-007,-0.875667
-9.23849e-007,-0.874
-9.23599e-007,-0.874
-9.23349e-007,-0.875667
-9.23099e-007,-0.875667
-9.22849e-007,-0.874
-9.22599e-007,-0.874
-9.22349e-007,-0.875667
-9.22099e-007,-0.875667
-9.21849e-007,-0.874
-9.21599e-007,-0.874
-9.21349e-007,-0.875667
-9.21099e-007,-0.875667
-9.20849e-007,-0.874
-9.20599e-007,-0.874
-9.20349e-007,-0.875667
-9.20099e-007,-0.875667
-9.19849e-007,-0.874
-9.19599e-007,-0.874
-9.19349e-007,-0.875667
-9.19099e-007,-0.875667
-9.18849e-007,-0.874
-9.18599e-007,-0.874
-9.18349e-007,-0.875667
-9.18099e-007,-0.875667
-9.17849e-007,-0.874
-9.17599e-007,-0.874
-9.17349e-007,-0.875667
-9.17099e-007,-0.875667
-9.16849e-007,-0.874
-9.16599e-007,-0.874
-9.16349e-007,-0.875667
-9.16099e-007,-0.875667
-9.15849e-007,-0.874
-9.15599e-007,-0.874
-9.15349e-007,-0.875667
-9.15099e-007,-0.875667
-9.14849e-007,-0.874
-9.14599e-007,-0.874
-9.14349e-007,-0.875667
-9.14099e-007,-0.875667
-9.13849e-007,-0.874
-9.13599e-007,-0.874
-9.13349e-007,-0.875667
-9.13099e-007,-0.875667
-9.12849e-007,-0.874
-9.12599e-007,-0.874
-9.12349e-007,-0.875667
-9.12099e-007,-0.875667
-9.11849e-007,-0.874
-9.11599e-007,-0.874
-9.11349e-007,-0.875667
-9.11099e-007,-0.875667
-9.10849e-007,-0.874
-9.10599e-007,-0.874
-9.10349e-007,-0.875667
-9.10099e-007,-0.875667
-9.09849e-007,-0.874
-9.09599e-007,-0.874
-9.09349e-007,-0.875667
-9.09099e-007,-0.875667
-9.08849e-007,-0.874
-9.08599e-007,-0.874
-9.08349e-007,-0.875667
-9.08099e-007,-0.874
-9.07849e-007,-0.874
-9.07599e-007,-0.874
-9.07349e-007,-0.875667
-9.07099e-007,-0.874
-9.06849e-007,-0.874
-9.06599e-007,-0.874
-9.06349e-007,-0.875667
-9.06099e-007,-0.875667
-9.05849e-007,-0.874
-9.05599e-007,-0.874
-9.05349e-007,-0.875667
-9.05099e-007,-0.875667
-9.04849e-007,-0.874
-9.04599e-007,-0.874
-9.04349e-007,-0.875667
-9.04099e-007,-0.875667
-9.03849e-007,-0.874
-9.03599e-007,-0.874
-9.03349e-007,-0.875667
-9.03099e-007,-0.875667
-9.02849e-007,-0.874
-9.02599e-007,-0.874
-9.02349e-007,-0.875667
-9.02099e-007,-0.875667
-9.01849e-007,-0.874
-9.01599e-007,-0.874
-9.01349e-007,-0.875667
-9.01099e-007,-0.875667
-9.00849e-007,-0.874
-9.00599e-007,-0.874
-9.00349e-007,-0.875667
-9.00099e-007,-0.875667
-8.99849e-007,-0.874
-8.99599e-007,-0.874
-8.99349e-007,-0.875667
-8.99099e-007,-0.875667
-8.98849e-007,-0.874
-8.98599e-007,-0.874
-8.98349e-007,-0.875667
-8.98099e-007,-0.875667
-8.97849e-007,-0.874
-8.97599e-007,-0.874
-8.97349e-007,-0.875667
-8.97099e-007,-0.875667
-8.96849e-007,-0.874
-8.96599e-007,-0.874
-8.96349e-007,-0.875667
-8.96099e-007,-0.875667
-8.95849e-007,-0.874
-8.95599e-007,-0.874
-8.95349e-007,-0.875667
-8.95099e-007,-0.875667
-8.94849e-007,-0.874
-8.94599e-007,-0.874
-8.94349e-007,-0.875667
-8.94099e-007,-0.875667
-8.93849e-007,-0.874
-8.93599e-007,-0.874
-8.93349e-007,-0.875667
-8.93099e-007,-0.875667
-8.92849e-007,-0.874
-8.92599e-007,-0.874
-8.92349e-007,-0.874
-8.92099e-007,-0.875667
-8.91849e-007,-0.874
-8.91599e-007,-0.874
-8.91349e-007,-0.874
-8.91099e-007,-0.875667
-8.90849e-007,-0.874
-8.90599e-007,-0.874
-8.90349e-007,-0.875667
-8.90099e-007,-0.875667
-8.89849e-007,-0.874
-8.89599e-007,-0.874
-8.89349e-007,-0.875667
-8.89099e-007,-0.875667
-8.88849e-007,-0.874
-8.88599e-007,-0.874
-8.88349e-007,-0.875667
-8.88099e-007,-0.875667
-8.87849e-007,-0.874
-8.87599e-007,-0.874
-8.87349e-007,-0.874
-8.87099e-007,-0.875667
-8.86849e-007,-0.874
-8.86599e-007,-0.874
-8.86349e-007,-0.875667
-8.86099e-007,-0.875667
-8.85849e-007,-0.874
-8.85599e-007,-0.874
-8.85349e-007,-0.875667
-8.85099e-007,-0.875667
-8.84849e-007,-0.874
-8.84599e-007,-0.874
-8.84349e-007,-0.874
-8.84099e-007,-0.875667
-8.83849e-007,-0.874
-8.83599e-007,-0.874
-8.83349e-007,-0.874
-8.83099e-007,-0.875667
-8.82849e-007,-0.874
-8.82599e-007,-0.874
-8.82349e-007,-0.875667
-8.82099e-007,-0.875667
-8.81849e-007,-0.874
-8.81599e-007,-0.874
-8.81349e-007,-0.875667
-8.81099e-007,-0.875667
-8.80849e-007,-0.874
-8.80599e-007,-0.874
-8.80349e-007,-0.875667
-8.80099e-007,-0.875667
-8.79849e-007,-0.874
-8.79599e-007,-0.874
-8.79349e-007,-0.874
-8.79099e-007,-0.875667
-8.78849e-007,-0.874
-8.78599e-007,-0.874
-8.78349e-007,-0.875667
-8.78099e-007,-0.875667
-8.77849e-007,-0.874
-8.77599e-007,-0.874
-8.77349e-007,-0.875667
-8.77099e-007,-0.875667
-8.76849e-007,-0.874
-8.76599e-007,-0.874
-8.76349e-007,-0.875667
-8.76099e-007,-0.875667
-8.75849e-007,-0.874
-8.75599e-007,-0.874
-8.75349e-007,-0.875667
-8.75099e-007,-0.875667
-8.74849e-007,-0.874
-8.74599e-007,-0.874
-8.74349e-007,-0.875667
-8.74099e-007,-0.875667
-8.73849e-007,-0.874
-8.73599e-007,-0.874
-8.73349e-007,-0.875667
-8.73099e-007,-0.875667
-8.72849e-007,-0.874
-8.72599e-007,-0.874
-8.72349e-007,-0.875667
-8.72099e-007,-0.875667
-8.71849e-007,-0.874
-8.71599e-007,-0.874
-8.71349e-007,-0.875667
-8.71099e-007,-0.875667
-8.70849e-007,-0.874
-8.70599e-007,-0.874
-8.70349e-007,-0.875667
-8.70099e-007,-0.875667
-8.69849e-007,-0.874
-8.69599e-007,-0.874
-8.69349e-007,-0.875667
-8.69099e-007,-0.875667
-8.68849e-007,-0.875667
-8.68599e-007,-0.874
-8.68349e-007,-0.875667
-8.68099e-007,-0.875667
-8.67849e-007,-0.875667
-8.67599e-007,-0.874
-8.67349e-007,-0.875667
-8.67099e-007,-0.875667
-8.66849e-007,-0.874
-8.66599e-007,-0.874
-8.66349e-007,-0.875667
-8.66099e-007,-0.875667
-8.65849e-007,-0.874
-8.65599e-007,-0.874
-8.65349e-007,-0.875667
-8.65099e-007,-0.875667
-8.64849e-007,-0.874
-8.64599e-007,-0.874
-8.64349e-007,-0.875667
-8.64099e-007,-0.875667
-8.63849e-007,-0.874
-8.63599e-007,-0.874
-8.63349e-007,-0.874
-8.63099e-007,-0.875667
-8.62849e-007,-0.874
-8.62599e-007,-0.874
-8.62349e-007,-0.874
-8.62099e-007,-0.875667
-8.61849e-007,-0.874
-8.61599e-007,-0.874
-8.61349e-007,-0.875667
-8.61099e-007,-0.875667
-8.60849e-007,-0.874
-8.60599e-007,-0.874
-8.60349e-007,-0.875667
-8.60099e-007,-0.875667
-8.59849e-007,-0.874
-8.59599e-007,-0.874
-8.59349e-007,-0.875667
-8.59099e-007,-0.875667
-8.58849e-007,-0.874
-8.58599e-007,-0.874
-8.58349e-007,-0.875667
-8.58099e-007,-0.875667
-8.57849e-007,-0.874
-8.57599e-007,-0.874
-8.57349e-007,-0.875667
-8.57099e-007,-0.875667
-8.56849e-007,-0.874
-8.56599e-007,-0.874
-8.56349e-007,-0.875667
-8.56099e-007,-0.875667
-8.55849e-007,-0.875667
-8.55599e-007,-0.874
-8.55349e-007,-0.875667
-8.55099e-007,-0.875667
-8.54849e-007,-0.875667
-8.54599e-007,-0.874
-8.54349e-007,-0.875667
-8.54099e-007,-0.875667
-8.53849e-007,-0.875667
-8.53599e-007,-0.874
-8.53349e-007,-0.875667
-8.53099e-007,-0.875667
-8.52849e-007,-0.874
-8.52599e-007,-0.874
-8.52349e-007,-0.875667
-8.52099e-007,-0.875667
-8.51849e-007,-0.874
-8.51599e-007,-0.874
-8.51349e-007,-0.875667
-8.51099e-007,-0.875667
-8.50849e-007,-0.875667
-8.50599e-007,-0.874
-8.50349e-007,-0.875667
-8.50099e-007,-0.875667
-8.49849e-007,-0.875667
-8.49599e-007,-0.874
-8.49349e-007,-0.875667
-8.49099e-007,-0.875667
-8.48849e-007,-0.875667
-8.48599e-007,-0.874
-8.48349e-007,-0.875667
-8.48099e-007,-0.875667
-8.47849e-007,-0.875667
-8.47599e-007,-0.874
-8.47349e-007,-0.875667
-8.47099e-007,-0.875667
-8.46849e-007,-0.875667
-8.46599e-007,-0.874
-8.46349e-007,-0.875667
-8.46099e-007,-0.875667
-8.45849e-007,-0.874
-8.45599e-007,-0.874
-8.45349e-007,-0.875667
-8.45099e-007,-0.875667
-8.44849e-007,-0.874
-8.44599e-007,-0.874
-8.44349e-007,-0.875667
-8.44099e-007,-0.875667
-8.43849e-007,-0.874
-8.43599e-007,-0.874
-8.43349e-007,-0.875667
-8.43099e-007,-0.875667
-8.42849e-007,-0.874
-8.42599e-007,-0.874
-8.42349e-007,-0.875667
-8.42099e-007,-0.875667
-8.41849e-007,-0.874
-8.41599e-007,-0.874
-8.41349e-007,-0.875667
-8.41099e-007,-0.875667
-8.40849e-007,-0.874
-8.40599e-007,-0.874
-8.40349e-007,-0.875667
-8.40099e-007,-0.875667
-8.39849e-007,-0.874
-8.39599e-007,-0.874
-8.39349e-007,-0.875667
-8.39099e-007,-0.875667
-8.38849e-007,-0.874
-8.38599e-007,-0.874
-8.38349e-007,-0.875667
-8.38099e-007,-0.875667
-8.37849e-007,-0.874
-8.37599e-007,-0.874
-8.37349e-007,-0.875667
-8.37099e-007,-0.875667
-8.36849e-007,-0.874
-8.36599e-007,-0.874
-8.36349e-007,-0.875667
-8.36099e-007,-0.875667
-8.35849e-007,-0.874
-8.35599e-007,-0.874
-8.35349e-007,-0.875667
-8.35099e-007,-0.875667
-8.34849e-007,-0.874
-8.34599e-007,-0.874
-8.34349e-007,-0.875667
-8.34099e-007,-0.875667
-8.33849e-007,-0.874
-8.33599e-007,-0.874
-8.33349e-007,-0.875667
-8.33099e-007,-0.875667
-8.32849e-007,-0.874
-8.32599e-007,-0.874
-8.32349e-007,-0.875667
-8.32099e-007,-0.875667
-8.31849e-007,-0.874
-8.31599e-007,-0.874
-8.31349e-007,-0.875667
-8.31099e-007,-0.875667
-8.30849e-007,-0.874
-8.30599e-007,-0.874
-8.30349e-007,-0.875667
-8.30099e-007,-0.875667
-8.29849e-007,-0.874
-8.29599e-007,-0.874
-8.29349e-007,-0.875667
-8.29099e-007,-0.875667
-8.28849e-007,-0.874
-8.28599e-007,-0.874
-8.28349e-007,-0.875667
-8.28099e-007,-0.875667
-8.27849e-007,-0.874
-8.27599e-007,-0.874
-8.27349e-007,-0.875667
-8.27099e-007,-0.875667
-8.26849e-007,-0.875667
-8.26599e-007,-0.874
-8.26349e-007,-0.875667
-8.26099e-007,-0.875667
-8.25849e-007,-0.875667
-8.25599e-007,-0.874
-8.25349e-007,-0.875667
-8.25099e-007,-0.875667
-8.24849e-007,-0.875667
-8.24599e-007,-0.874
-8.24349e-007,-0.875667
-8.24099e-007,-0.875667
-8.23849e-007,-0.875667
-8.23599e-007,-0.874
-8.23349e-007,-0.875667
-8.23099e-007,-0.875667
-8.22849e-007,-0.875667
-8.22599e-007,-0.874
-8.22349e-007,-0.875667
-8.22099e-007,-0.875667
-8.21849e-007,-0.875667
-8.21599e-007,-0.874
-8.21349e-007,-0.875667
-8.21099e-007,-0.875667
-8.20849e-007,-0.875667
-8.20599e-007,-0.874
-8.20349e-007,-0.874
-8.20099e-007,-0.875667
-8.19849e-007,-0.874
-8.19599e-007,-0.874
-8.19349e-007,-0.875667
-8.19099e-007,-0.875667
-8.18849e-007,-0.874
-8.18599e-007,-0.874
-8.18349e-007,-0.875667
-8.18099e-007,-0.875667
-8.17849e-007,-0.874
-8.17599e-007,-0.874
-8.17349e-007,-0.875667
-8.17099e-007,-0.875667
-8.16849e-007,-0.874
-8.16599e-007,-0.874
-8.16349e-007,-0.875667
-8.16099e-007,-0.875667
-8.15849e-007,-0.874
-8.15599e-007,-0.874
-8.15349e-007,-0.875667
-8.15099e-007,-0.875667
-8.14849e-007,-0.875667
-8.14599e-007,-0.874
-8.14349e-007,-0.875667
-8.14099e-007,-0.875667
-8.13849e-007,-0.875667
-8.13599e-007,-0.874
-8.13349e-007,-0.875667
-8.13099e-007,-0.875667
-8.12849e-007,-0.875667
-8.12599e-007,-0.874
-8.12349e-007,-0.875667
-8.12099e-007,-0.875667
-8.11849e-007,-0.874
-8.11599e-007,-0.874
-8.11349e-007,-0.875667
-8.11099e-007,-0.875667
-8.10849e-007,-0.874
-8.10599e-007,-0.874
-8.10349e-007,-0.875667
-8.10099e-007,-0.875667
-8.09849e-007,-0.874
-8.09599e-007,-0.874
-8.09349e-007,-0.875667
-8.09099e-007,-0.875667
-8.08849e-007,-0.874
-8.08599e-007,-0.874
-8.08349e-007,-0.875667
-8.08099e-007,-0.875667
-8.07849e-007,-0.874
-8.07599e-007,-0.874
-8.07349e-007,-0.875667
-8.07099e-007,-0.875667
-8.06849e-007,-0.874
-8.06599e-007,-0.874
-8.06349e-007,-0.875667
-8.06099e-007,-0.875667
-8.05849e-007,-0.874
-8.05599e-007,-0.874
-8.05349e-007,-0.875667
-8.05099e-007,-0.875667
-8.04849e-007,-0.874
-8.04599e-007,-0.874
-8.04349e-007,-0.875667
-8.04099e-007,-0.875667
-8.03849e-007,-0.874
-8.03599e-007,-0.874
-8.03349e-007,-0.875667
-8.03099e-007,-0.875667
-8.02849e-007,-0.874
-8.02599e-007,-0.874
-8.02349e-007,-0.875667
-8.02099e-007,-0.875667
-8.01849e-007,-0.874
-8.01599e-007,-0.874
-8.01349e-007,-0.874
-8.01099e-007,-0.875667
-8.00849e-007,-0.874
-8.00599e-007,-0.874
-8.00349e-007,-0.875667
-8.00099e-007,-0.875667
-7.99849e-007,-0.874
-7.99599e-007,-0.874
-7.99349e-007,-0.875667
-7.99099e-007,-0.875667
-7.98849e-007,-0.874
-7.98599e-007,-0.874
-7.98349e-007,-0.875667
-7.98099e-007,-0.875667
-7.97849e-007,-0.874
-7.97599e-007,-0.874
-7.97349e-007,-0.875667
-7.97099e-007,-0.875667
-7.96849e-007,-0.874
-7.96599e-007,-0.874
-7.96349e-007,-0.875667
-7.96099e-007,-0.875667
-7.95849e-007,-0.874
-7.95599e-007,-0.874
-7.95349e-007,-0.875667
-7.95099e-007,-0.875667
-7.94849e-007,-0.874
-7.94599e-007,-0.874
-7.94349e-007,-0.875667
-7.94099e-007,-0.875667
-7.93849e-007,-0.874
-7.93599e-007,-0.874
-7.93349e-007,-0.874
-7.93099e-007,-0.875667
-7.92849e-007,-0.874
-7.92599e-007,-0.874
-7.92349e-007,-0.874
-7.92099e-007,-0.875667
-7.91849e-007,-0.874
-7.91599e-007,-0.874
-7.91349e-007,-0.874
-7.91099e-007,-0.875667
-7.90849e-007,-0.874
-7.90599e-007,-0.874
-7.90349e-007,-0.874
-7.90099e-007,-0.875667
-7.89849e-007,-0.874
-7.89599e-007,-0.874
-7.89349e-007,-0.875667
-7.89099e-007,-0.875667
-7.88849e-007,-0.874
-7.88599e-007,-0.874
-7.88349e-007,-0.875667
-7.88099e-007,-0.875667
-7.87849e-007,-0.874
-7.87599e-007,-0.874
-7.87349e-007,-0.875667
-7.87099e-007,-0.875667
-7.86849e-007,-0.874
-7.86599e-007,-0.874
-7.86349e-007,-0.875667
-7.86099e-007,-0.875667
-7.85849e-007,-0.874
-7.85599e-007,-0.874
-7.85349e-007,-0.875667
-7.85099e-007,-0.875667
-7.84849e-007,-0.874
-7.84599e-007,-0.874
-7.84349e-007,-0.875667
-7.84099e-007,-0.875667
-7.83849e-007,-0.874
-7.83599e-007,-0.874
-7.83349e-007,-0.875667
-7.83099e-007,-0.875667
-7.82849e-007,-0.874
-7.82599e-007,-0.874
-7.82349e-007,-0.875667
-7.82099e-007,-0.875667
-7.81849e-007,-0.874
-7.81599e-007,-0.874
-7.81349e-007,-0.875667
-7.81099e-007,-0.875667
-7.80849e-007,-0.874
-7.80599e-007,-0.874
-7.80349e-007,-0.875667
-7.80099e-007,-0.875667
-7.79849e-007,-0.874
-7.79599e-007,-0.874
-7.79349e-007,-0.875667
-7.79099e-007,-0.875667
-7.78849e-007,-0.874
-7.78599e-007,-0.874
-7.78349e-007,-0.875667
-7.78099e-007,-0.875667
-7.77849e-007,-0.874
-7.77599e-007,-0.874
-7.77349e-007,-0.875667
-7.77099e-007,-0.875667
-7.76849e-007,-0.874
-7.76599e-007,-0.874
-7.76349e-007,-0.875667
-7.76099e-007,-0.875667
-7.75849e-007,-0.874
-7.75599e-007,-0.874
-7.75349e-007,-0.875667
-7.75099e-007,-0.875667
-7.74849e-007,-0.874
-7.74599e-007,-0.874
-7.74349e-007,-0.875667
-7.74099e-007,-0.875667
-7.73849e-007,-0.874
-7.73599e-007,-0.874
-7.73349e-007,-0.875667
-7.73099e-007,-0.875667
-7.72849e-007,-0.874
-7.72599e-007,-0.874
-7.72349e-007,-0.875667
-7.72099e-007,-0.875667
-7.71849e-007,-0.874
-7.71599e-007,-0.874
-7.71349e-007,-0.875667
-7.71099e-007,-0.875667
-7.70849e-007,-0.874
-7.70599e-007,-0.874
-7.70349e-007,-0.875667
-7.70099e-007,-0.875667
-7.69849e-007,-0.874
-7.69599e-007,-0.874
-7.69349e-007,-0.875667
-7.69099e-007,-0.875667
-7.68849e-007,-0.874
-7.68599e-007,-0.874
-7.68349e-007,-0.875667
-7.68099e-007,-0.875667
-7.67849e-007,-0.874
-7.67599e-007,-0.874
-7.67349e-007,-0.875667
-7.67099e-007,-0.875667
-7.66849e-007,-0.874
-7.66599e-007,-0.874
-7.66349e-007,-0.875667
-7.66099e-007,-0.875667
-7.65849e-007,-0.874
-7.65599e-007,-0.874
-7.65349e-007,-0.874
-7.65099e-007,-0.875667
-7.64849e-007,-0.874
-7.64599e-007,-0.874
-7.64349e-007,-0.875667
-7.64099e-007,-0.875667
-7.63849e-007,-0.874
-7.63599e-007,-0.874
-7.63349e-007,-0.875667
-7.63099e-007,-0.875667
-7.62849e-007,-0.874
-7.62599e-007,-0.874
-7.62349e-007,-0.875667
-7.62099e-007,-0.875667
-7.61849e-007,-0.874
-7.61599e-007,-0.874
-7.61349e-007,-0.875667
-7.61099e-007,-0.875667
-7.60849e-007,-0.874
-7.60599e-007,-0.874
-7.60349e-007,-0.875667
-7.60099e-007,-0.875667
-7.59849e-007,-0.874
-7.59599e-007,-0.874
-7.59349e-007,-0.875667
-7.59099e-007,-0.875667
-7.58849e-007,-0.874
-7.58599e-007,-0.874
-7.58349e-007,-0.875667
-7.58099e-007,-0.874
-7.57849e-007,-0.874
-7.57599e-007,-0.874
-7.57349e-007,-0.875667
-7.57099e-007,-0.874
-7.56849e-007,-0.874
-7.56599e-007,-0.874
-7.56349e-007,-0.875667
-7.56099e-007,-0.875667
-7.55849e-007,-0.874
-7.55599e-007,-0.874
-7.55349e-007,-0.874
-7.55099e-007,-0.875667
-7.54849e-007,-0.874
-7.54599e-007,-0.874
-7.54349e-007,-0.875667
-7.54099e-007,-0.875667
-7.53849e-007,-0.874
-7.53599e-007,-0.874
-7.53349e-007,-0.875667
-7.53099e-007,-0.875667
-7.52849e-007,-0.874
-7.52599e-007,-0.874
-7.52349e-007,-0.875667
-7.52099e-007,-0.875667
-7.51849e-007,-0.874
-7.51599e-007,-0.874
-7.51349e-007,-0.875667
-7.51099e-007,-0.875667
-7.50849e-007,-0.874
-7.50599e-007,-0.874
-7.50349e-007,-0.875667
-7.50099e-007,-0.875667
-7.49849e-007,-0.874
-7.49599e-007,-0.874
-7.49349e-007,-0.875667
-7.49099e-007,-0.875667
-7.48849e-007,-0.874
-7.48599e-007,-0.874
-7.48349e-007,-0.875667
-7.48099e-007,-0.875667
-7.47849e-007,-0.874
-7.47599e-007,-0.874
-7.47349e-007,-0.875667
-7.47099e-007,-0.875667
-7.46849e-007,-0.874
-7.46599e-007,-0.874
-7.46349e-007,-0.875667
-7.46099e-007,-0.875667
-7.45849e-007,-0.874
-7.45599e-007,-0.874
-7.45349e-007,-0.874
-7.45099e-007,-0.875667
-7.44849e-007,-0.874
-7.44599e-007,-0.874
-7.44349e-007,-0.875667
-7.44099e-007,-0.875667
-7.43849e-007,-0.874
-7.43599e-007,-0.874
-7.43349e-007,-0.875667
-7.43099e-007,-0.875667
-7.42849e-007,-0.874
-7.42599e-007,-0.874
-7.42349e-007,-0.875667
-7.42099e-007,-0.875667
-7.41849e-007,-0.874
-7.41599e-007,-0.874
-7.41349e-007,-0.875667
-7.41099e-007,-0.875667
-7.40849e-007,-0.874
-7.40599e-007,-0.874
-7.40349e-007,-0.875667
-7.40099e-007,-0.875667
-7.39849e-007,-0.874
-7.39599e-007,-0.874
-7.39349e-007,-0.875667
-7.39099e-007,-0.875667
-7.38849e-007,-0.874
-7.38599e-007,-0.874
-7.38349e-007,-0.875667
-7.38099e-007,-0.875667
-7.37849e-007,-0.874
-7.37599e-007,-0.874
-7.37349e-007,-0.875667
-7.37099e-007,-0.875667
-7.36849e-007,-0.874
-7.36599e-007,-0.874
-7.36349e-007,-0.875667
-7.36099e-007,-0.875667
-7.35849e-007,-0.874
-7.35599e-007,-0.874
-7.35349e-007,-0.875667
-7.35099e-007,-0.875667
-7.34849e-007,-0.874
-7.34599e-007,-0.874
-7.34349e-007,-0.875667
-7.34099e-007,-0.875667
-7.33849e-007,-0.874
-7.33599e-007,-0.874
-7.33349e-007,-0.875667
-7.33099e-007,-0.875667
-7.32849e-007,-0.874
-7.32599e-007,-0.874
-7.32349e-007,-0.874
-7.32099e-007,-0.875667
-7.31849e-007,-0.874
-7.31599e-007,-0.874
-7.31349e-007,-0.874
-7.31099e-007,-0.875667
-7.30849e-007,-0.874
-7.30599e-007,-0.874
-7.30349e-007,-0.875667
-7.30099e-007,-0.875667
-7.29849e-007,-0.874
-7.29599e-007,-0.874
-7.29349e-007,-0.875667
-7.29099e-007,-0.875667
-7.28849e-007,-0.874
-7.28599e-007,-0.874
-7.28349e-007,-0.875667
-7.28099e-007,-0.875667
-7.27849e-007,-0.874
-7.27599e-007,-0.874
-7.27349e-007,-0.875667
-7.27099e-007,-0.875667
-7.26849e-007,-0.874
-7.26599e-007,-0.874
-7.26349e-007,-0.874
-7.26099e-007,-0.875667
-7.25849e-007,-0.874
-7.25599e-007,-0.874
-7.25349e-007,-0.874
-7.25099e-007,-0.875667
-7.24849e-007,-0.874
-7.24599e-007,-0.874
-7.24349e-007,-0.875667
-7.24099e-007,-0.875667
-7.23849e-007,-0.874
-7.23599e-007,-0.874
-7.23349e-007,-0.875667
-7.23099e-007,-0.875667
-7.22849e-007,-0.874
-7.22599e-007,-0.874
-7.22349e-007,-0.875667
-7.22099e-007,-0.875667
-7.21849e-007,-0.874
-7.21599e-007,-0.874
-7.21349e-007,-0.875667
-7.21099e-007,-0.875667
-7.20849e-007,-0.874
-7.20599e-007,-0.874
-7.20349e-007,-0.875667
-7.20099e-007,-0.875667
-7.19849e-007,-0.874
-7.19599e-007,-0.874
-7.19349e-007,-0.875667
-7.19099e-007,-0.875667
-7.18849e-007,-0.874
-7.18599e-007,-0.874
-7.18349e-007,-0.875667
-7.18099e-007,-0.875667
-7.17849e-007,-0.874
-7.17599e-007,-0.874
-7.17349e-007,-0.874
-7.17099e-007,-0.875667
-7.16849e-007,-0.874
-7.16599e-007,-0.874
-7.16349e-007,-0.875667
-7.16099e-007,-0.875667
-7.15849e-007,-0.874
-7.15599e-007,-0.874
-7.15349e-007,-0.875667
-7.15099e-007,-0.875667
-7.14849e-007,-0.874
-7.14599e-007,-0.874
-7.14349e-007,-0.875667
-7.14099e-007,-0.875667
-7.13849e-007,-0.874
-7.13599e-007,-0.874
-7.13349e-007,-0.875667
-7.13099e-007,-0.875667
-7.12849e-007,-0.874
-7.12599e-007,-0.874
-7.12349e-007,-0.875667
-7.12099e-007,-0.875667
-7.11849e-007,-0.874
-7.11599e-007,-0.874
-7.11349e-007,-0.875667
-7.11099e-007,-0.875667
-7.10849e-007,-0.874
-7.10599e-007,-0.874
-7.10349e-007,-0.875667
-7.10099e-007,-0.875667
-7.09849e-007,-0.874
-7.09599e-007,-0.874
-7.09349e-007,-0.875667
-7.09099e-007,-0.875667
-7.08849e-007,-0.874
-7.08599e-007,-0.874
-7.08349e-007,-0.875667
-7.08099e-007,-0.875667
-7.07849e-007,-0.874
-7.07599e-007,-0.874
-7.07349e-007,-0.875667
-7.07099e-007,-0.875667
-7.06849e-007,-0.874
-7.06599e-007,-0.874
-7.06349e-007,-0.875667
-7.06099e-007,-0.875667
-7.05849e-007,-0.874
-7.05599e-007,-0.874
-7.05349e-007,-0.874
-7.05099e-007,-0.875667
-7.04849e-007,-0.874
-7.04599e-007,-0.874
-7.04349e-007,-0.874
-7.04099e-007,-0.875667
-7.03849e-007,-0.874
-7.03599e-007,-0.874
-7.03349e-007,-0.874
-7.03099e-007,-0.875667
-7.02849e-007,-0.874
-7.02599e-007,-0.874
-7.02349e-007,-0.875667
-7.02099e-007,-0.875667
-7.01849e-007,-0.874
-7.01599e-007,-0.874
-7.01349e-007,-0.875667
-7.01099e-007,-0.875667
-7.00849e-007,-0.874
-7.00599e-007,-0.874
-7.00349e-007,-0.875667
-7.00099e-007,-0.875667
-6.99849e-007,-0.875667
-6.99599e-007,-0.874
-6.99349e-007,-0.875667
-6.99099e-007,-0.875667
-6.98849e-007,-0.875667
-6.98599e-007,-0.874
-6.98349e-007,-0.875667
-6.98099e-007,-0.875667
-6.97849e-007,-0.874
-6.97599e-007,-0.874
-6.97349e-007,-0.875667
-6.97099e-007,-0.875667
-6.96849e-007,-0.874
-6.96599e-007,-0.874
-6.96349e-007,-0.875667
-6.96099e-007,-0.875667
-6.95849e-007,-0.874
-6.95599e-007,-0.874
-6.95349e-007,-0.875667
-6.95099e-007,-0.875667
-6.94849e-007,-0.874
-6.94599e-007,-0.874
-6.94349e-007,-0.875667
-6.94099e-007,-0.875667
-6.93849e-007,-0.874
-6.93599e-007,-0.874
-6.93349e-007,-0.875667
-6.93099e-007,-0.875667
-6.92849e-007,-0.874
-6.92599e-007,-0.874
-6.92349e-007,-0.875667
-6.92099e-007,-0.875667
-6.91849e-007,-0.874
-6.91599e-007,-0.874
-6.91349e-007,-0.875667
-6.91099e-007,-0.875667
-6.90849e-007,-0.874
-6.90599e-007,-0.874
-6.90349e-007,-0.875667
-6.90099e-007,-0.875667
-6.89849e-007,-0.874
-6.89599e-007,-0.874
-6.89349e-007,-0.875667
-6.89099e-007,-0.875667
-6.88849e-007,-0.874
-6.88599e-007,-0.874
-6.88349e-007,-0.875667
-6.88099e-007,-0.875667
-6.87849e-007,-0.874
-6.87599e-007,-0.874
-6.87349e-007,-0.875667
-6.87099e-007,-0.875667
-6.86849e-007,-0.874
-6.86599e-007,-0.874
-6.86349e-007,-0.874
-6.86099e-007,-0.875667
-6.85849e-007,-0.874
-6.85599e-007,-0.874
-6.85349e-007,-0.875667
-6.85099e-007,-0.875667
-6.84849e-007,-0.874
-6.84599e-007,-0.874
-6.84349e-007,-0.875667
-6.84099e-007,-0.875667
-6.83849e-007,-0.874
-6.83599e-007,-0.874
-6.83349e-007,-0.875667
-6.83099e-007,-0.875667
-6.82849e-007,-0.874
-6.82599e-007,-0.874
-6.82349e-007,-0.875667
-6.82099e-007,-0.875667
-6.81849e-007,-0.874
-6.81599e-007,-0.874
-6.81349e-007,-0.875667
-6.81099e-007,-0.875667
-6.80849e-007,-0.874
-6.80599e-007,-0.874
-6.80349e-007,-0.875667
-6.80099e-007,-0.875667
-6.79849e-007,-0.874
-6.79599e-007,-0.874
-6.79349e-007,-0.875667
-6.79099e-007,-0.875667
-6.78849e-007,-0.874
-6.78599e-007,-0.874
-6.78349e-007,-0.874
-6.78099e-007,-0.875667
-6.77849e-007,-0.874
-6.77599e-007,-0.874
-6.77349e-007,-0.875667
-6.77099e-007,-0.875667
-6.76849e-007,-0.874
-6.76599e-007,-0.874
-6.76349e-007,-0.875667
-6.76099e-007,-0.875667
-6.75849e-007,-0.874
-6.75599e-007,-0.874
-6.75349e-007,-0.875667
-6.75099e-007,-0.875667
-6.74849e-007,-0.874
-6.74599e-007,-0.874
-6.74349e-007,-0.875667
-6.74099e-007,-0.875667
-6.73849e-007,-0.874
-6.73599e-007,-0.874
-6.73349e-007,-0.875667
-6.73099e-007,-0.875667
-6.72849e-007,-0.874
-6.72599e-007,-0.874
-6.72349e-007,-0.875667
-6.72099e-007,-0.875667
-6.71849e-007,-0.874
-6.71599e-007,-0.874
-6.71349e-007,-0.875667
-6.71099e-007,-0.875667
-6.70849e-007,-0.874
-6.70599e-007,-0.874
-6.70349e-007,-0.875667
-6.70099e-007,-0.875667
-6.69849e-007,-0.874
-6.69599e-007,-0.874
-6.69349e-007,-0.875667
-6.69099e-007,-0.875667
-6.68849e-007,-0.874
-6.68599e-007,-0.874
-6.68349e-007,-0.875667
-6.68099e-007,-0.875667
-6.67849e-007,-0.874
-6.67599e-007,-0.874
-6.67349e-007,-0.875667
-6.67099e-007,-0.875667
-6.66849e-007,-0.874
-6.66599e-007,-0.874
-6.66349e-007,-0.875667
-6.66099e-007,-0.875667
-6.65849e-007,-0.874
-6.65599e-007,-0.874
-6.65349e-007,-0.875667
-6.65099e-007,-0.875667
-6.64849e-007,-0.874
-6.64599e-007,-0.874
-6.64349e-007,-0.875667
-6.64099e-007,-0.875667
-6.63849e-007,-0.874
-6.63599e-007,-0.874
-6.63349e-007,-0.875667
-6.63099e-007,-0.875667
-6.62849e-007,-0.874
-6.62599e-007,-0.874
-6.62349e-007,-0.874
-6.62099e-007,-0.875667
-6.61849e-007,-0.874
-6.61599e-007,-0.874
-6.61349e-007,-0.874
-6.61099e-007,-0.875667
-6.60849e-007,-0.874
-6.60599e-007,-0.874
-6.60349e-007,-0.874
-6.60099e-007,-0.875667
-6.59849e-007,-0.874
-6.59599e-007,-0.874
-6.59349e-007,-0.874
-6.59099e-007,-0.875667
-6.58849e-007,-0.874
-6.58599e-007,-0.874
-6.58349e-007,-0.875667
-6.58099e-007,-0.875667
-6.57849e-007,-0.874
-6.57599e-007,-0.874
-6.57349e-007,-0.875667
-6.57099e-007,-0.875667
-6.56849e-007,-0.874
-6.56599e-007,-0.874
-6.56349e-007,-0.875667
-6.56099e-007,-0.875667
-6.55849e-007,-0.874
-6.55599e-007,-0.874
-6.55349e-007,-0.875667
-6.55099e-007,-0.875667
-6.54849e-007,-0.874
-6.54599e-007,-0.874
-6.54349e-007,-0.875667
-6.54099e-007,-0.875667
-6.53849e-007,-0.874
-6.53599e-007,-0.874
-6.53349e-007,-0.875667
-6.53099e-007,-0.875667
-6.52849e-007,-0.874
-6.52599e-007,-0.874
-6.52349e-007,-0.875667
-6.52099e-007,-0.875667
-6.51849e-007,-0.874
-6.51599e-007,-0.874
-6.51349e-007,-0.875667
-6.51099e-007,-0.875667
-6.50849e-007,-0.874
-6.50599e-007,-0.874
-6.50349e-007,-0.875667
-6.50099e-007,-0.875667
-6.49849e-007,-0.874
-6.49599e-007,-0.874
-6.49349e-007,-0.875667
-6.49099e-007,-0.875667
-6.48849e-007,-0.874
-6.48599e-007,-0.874
-6.48349e-007,-0.875667
-6.48099e-007,-0.875667
-6.47849e-007,-0.874
-6.47599e-007,-0.874
-6.47349e-007,-0.875667
-6.47099e-007,-0.875667
-6.46849e-007,-0.874
-6.46599e-007,-0.874
-6.46349e-007,-0.875667
-6.46099e-007,-0.875667
-6.45849e-007,-0.874
-6.45599e-007,-0.874
-6.45349e-007,-0.875667
-6.45099e-007,-0.875667
-6.44849e-007,-0.874
-6.44599e-007,-0.874
-6.44349e-007,-0.875667
-6.44099e-007,-0.875667
-6.43849e-007,-0.874
-6.43599e-007,-0.874
-6.43349e-007,-0.875667
-6.43099e-007,-0.875667
-6.42849e-007,-0.874
-6.42599e-007,-0.874
-6.42349e-007,-0.875667
-6.42099e-007,-0.875667
-6.41849e-007,-0.874
-6.41599e-007,-0.874
-6.41349e-007,-0.875667
-6.41099e-007,-0.875667
-6.40849e-007,-0.874
-6.40599e-007,-0.874
-6.40349e-007,-0.875667
-6.40099e-007,-0.875667
-6.39849e-007,-0.874
-6.39599e-007,-0.874
-6.39349e-007,-0.875667
-6.39099e-007,-0.875667
-6.38849e-007,-0.874
-6.38599e-007,-0.874
-6.38349e-007,-0.875667
-6.38099e-007,-0.875667
-6.37849e-007,-0.874
-6.37599e-007,-0.874
-6.37349e-007,-0.875667
-6.37099e-007,-0.875667
-6.36849e-007,-0.874
-6.36599e-007,-0.874
-6.36349e-007,-0.875667
-6.36099e-007,-0.875667
-6.35849e-007,-0.874
-6.35599e-007,-0.874
-6.35349e-007,-0.875667
-6.35099e-007,-0.875667
-6.34849e-007,-0.874
-6.34599e-007,-0.874
-6.34349e-007,-0.875667
-6.34099e-007,-0.875667
-6.33849e-007,-0.874
-6.33599e-007,-0.874
-6.33349e-007,-0.875667
-6.33099e-007,-0.875667
-6.32849e-007,-0.874
-6.32599e-007,-0.874
-6.32349e-007,-0.875667
-6.32099e-007,-0.875667
-6.31849e-007,-0.874
-6.31599e-007,-0.874
-6.31349e-007,-0.875667
-6.31099e-007,-0.875667
-6.30849e-007,-0.874
-6.30599e-007,-0.874
-6.30349e-007,-0.875667
-6.30099e-007,-0.875667
-6.29849e-007,-0.874
-6.29599e-007,-0.874
-6.29349e-007,-0.875667
-6.29099e-007,-0.875667
-6.28849e-007,-0.874
-6.28599e-007,-0.874
-6.28349e-007,-0.875667
-6.28099e-007,-0.875667
-6.27849e-007,-0.874
-6.27599e-007,-0.874
-6.27349e-007,-0.875667
-6.27099e-007,-0.875667
-6.26849e-007,-0.874
-6.26599e-007,-0.874
-6.26349e-007,-0.875667
-6.26099e-007,-0.875667
-6.25849e-007,-0.874
-6.25599e-007,-0.874
-6.25349e-007,-0.875667
-6.25099e-007,-0.875667
-6.24849e-007,-0.874
-6.24599e-007,-0.874
-6.24349e-007,-0.875667
-6.24099e-007,-0.875667
-6.23849e-007,-0.874
-6.23599e-007,-0.874
-6.23349e-007,-0.875667
-6.23099e-007,-0.875667
-6.22849e-007,-0.874
-6.22599e-007,-0.874
-6.22349e-007,-0.875667
-6.22099e-007,-0.875667
-6.21849e-007,-0.874
-6.21599e-007,-0.874
-6.21349e-007,-0.875667
-6.21099e-007,-0.875667
-6.20849e-007,-0.874
-6.20599e-007,-0.874
-6.20349e-007,-0.875667
-6.20099e-007,-0.875667
-6.19849e-007,-0.874
-6.19599e-007,-0.874
-6.19349e-007,-0.875667
-6.19099e-007,-0.875667
-6.18849e-007,-0.874
-6.18599e-007,-0.874
-6.18349e-007,-0.874
-6.18099e-007,-0.875667
-6.17849e-007,-0.874
-6.17599e-007,-0.874
-6.17349e-007,-0.874
-6.17099e-007,-0.875667
-6.16849e-007,-0.874
-6.16599e-007,-0.874
-6.16349e-007,-0.874
-6.16099e-007,-0.875667
-6.15849e-007,-0.874
-6.15599e-007,-0.874
-6.15349e-007,-0.874
-6.15099e-007,-0.875667
-6.14849e-007,-0.874
-6.14599e-007,-0.874
-6.14349e-007,-0.874
-6.14099e-007,-0.875667
-6.13849e-007,-0.874
-6.13599e-007,-0.874
-6.13349e-007,-0.875667
-6.13099e-007,-0.875667
-6.12849e-007,-0.874
-6.12599e-007,-0.874
-6.12349e-007,-0.875667
-6.12099e-007,-0.875667
-6.11849e-007,-0.874
-6.11599e-007,-0.874
-6.11349e-007,-0.875667
-6.11099e-007,-0.875667
-6.10849e-007,-0.874
-6.10599e-007,-0.874
-6.10349e-007,-0.875667
-6.10099e-007,-0.875667
-6.09849e-007,-0.874
-6.09599e-007,-0.874
-6.09349e-007,-0.875667
-6.09099e-007,-0.875667
-6.08849e-007,-0.874
-6.08599e-007,-0.874
-6.08349e-007,-0.875667
-6.08099e-007,-0.875667
-6.07849e-007,-0.874
-6.07599e-007,-0.874
-6.07349e-007,-0.874
-6.07099e-007,-0.875667
-6.06849e-007,-0.874
-6.06599e-007,-0.874
-6.06349e-007,-0.875667
-6.06099e-007,-0.875667
-6.05849e-007,-0.874
-6.05599e-007,-0.874
-6.05349e-007,-0.875667
-6.05099e-007,-0.875667
-6.04849e-007,-0.874
-6.04599e-007,-0.874
-6.04349e-007,-0.875667
-6.04099e-007,-0.875667
-6.03849e-007,-0.874
-6.03599e-007,-0.874
-6.03349e-007,-0.875667
-6.03099e-007,-0.875667
-6.02849e-007,-0.874
-6.02599e-007,-0.874
-6.02349e-007,-0.875667
-6.02099e-007,-0.875667
-6.01849e-007,-0.874
-6.01599e-007,-0.874
-6.01349e-007,-0.875667
-6.01099e-007,-0.875667
-6.00849e-007,-0.874
-6.00599e-007,-0.874
-6.00349e-007,-0.875667
-6.00099e-007,-0.875667
-5.99849e-007,-0.874
-5.99599e-007,-0.874
-5.99349e-007,-0.875667
-5.99099e-007,-0.875667
-5.98849e-007,-0.874
-5.98599e-007,-0.874
-5.98349e-007,-0.875667
-5.98099e-007,-0.875667
-5.97849e-007,-0.874
-5.97599e-007,-0.874
-5.97349e-007,-0.875667
-5.97099e-007,-0.875667
-5.96849e-007,-0.874
-5.96599e-007,-0.874
-5.96349e-007,-0.875667
-5.96099e-007,-0.875667
-5.95849e-007,-0.874
-5.95599e-007,-0.874
-5.95349e-007,-0.875667
-5.95099e-007,-0.875667
-5.94849e-007,-0.874
-5.94599e-007,-0.874
-5.94349e-007,-0.875667
-5.94099e-007,-0.875667
-5.93849e-007,-0.874
-5.93599e-007,-0.874
-5.93349e-007,-0.875667
-5.93099e-007,-0.875667
-5.92849e-007,-0.874
-5.92599e-007,-0.874
-5.92349e-007,-0.875667
-5.92099e-007,-0.875667
-5.91849e-007,-0.874
-5.91599e-007,-0.874
-5.91349e-007,-0.875667
-5.91099e-007,-0.875667
-5.90849e-007,-0.874
-5.90599e-007,-0.874
-5.90349e-007,-0.875667
-5.90099e-007,-0.875667
-5.89849e-007,-0.874
-5.89599e-007,-0.874
-5.89349e-007,-0.875667
-5.89099e-007,-0.875667
-5.88849e-007,-0.874
-5.88599e-007,-0.874
-5.88349e-007,-0.875667
-5.88099e-007,-0.875667
-5.87849e-007,-0.874
-5.87599e-007,-0.874
-5.87349e-007,-0.875667
-5.87099e-007,-0.875667
-5.86849e-007,-0.874
-5.86599e-007,-0.874
-5.86349e-007,-0.875667
-5.86099e-007,-0.875667
-5.85849e-007,-0.874
-5.85599e-007,-0.874
-5.85349e-007,-0.875667
-5.85099e-007,-0.875667
-5.84849e-007,-0.874
-5.84599e-007,-0.874
-5.84349e-007,-0.875667
-5.84099e-007,-0.875667
-5.83849e-007,-0.874
-5.83599e-007,-0.874
-5.83349e-007,-0.875667
-5.83099e-007,-0.874
-5.82849e-007,-0.874
-5.82599e-007,-0.874
-5.82349e-007,-0.875667
-5.82099e-007,-0.874
-5.81849e-007,-0.874
-5.81599e-007,-0.874
-5.81349e-007,-0.875667
-5.81099e-007,-0.874
-5.80849e-007,-0.874
-5.80599e-007,-0.874
-5.80349e-007,-0.875667
-5.80099e-007,-0.874
-5.79849e-007,-0.874
-5.79599e-007,-0.874
-5.79349e-007,-0.875667
-5.79099e-007,-0.874
-5.78849e-007,-0.874
-5.78599e-007,-0.874
-5.78349e-007,-0.875667
-5.78099e-007,-0.875667
-5.77849e-007,-0.874
-5.77599e-007,-0.874
-5.77349e-007,-0.875667
-5.77099e-007,-0.875667
-5.76849e-007,-0.874
-5.76599e-007,-0.874
-5.76349e-007,-0.875667
-5.76099e-007,-0.875667
-5.75849e-007,-0.874
-5.75599e-007,-0.874
-5.75349e-007,-0.875667
-5.75099e-007,-0.875667
-5.74849e-007,-0.874
-5.74599e-007,-0.874
-5.74349e-007,-0.875667
-5.74099e-007,-0.875667
-5.73849e-007,-0.874
-5.73599e-007,-0.874
-5.73349e-007,-0.875667
-5.73099e-007,-0.875667
-5.72849e-007,-0.874
-5.72599e-007,-0.874
-5.72349e-007,-0.875667
-5.72099e-007,-0.875667
-5.71849e-007,-0.874
-5.71599e-007,-0.874
-5.71349e-007,-0.875667
-5.71099e-007,-0.875667
-5.70849e-007,-0.874
-5.70599e-007,-0.874
-5.70349e-007,-0.874
-5.70099e-007,-0.875667
-5.69849e-007,-0.874
-5.69599e-007,-0.874
-5.69349e-007,-0.874
-5.69099e-007,-0.875667
-5.68849e-007,-0.874
-5.68599e-007,-0.874
-5.68349e-007,-0.874
-5.68099e-007,-0.875667
-5.67849e-007,-0.874
-5.67599e-007,-0.874
-5.67349e-007,-0.874
-5.67099e-007,-0.875667
-5.66849e-007,-0.874
-5.66599e-007,-0.874
-5.66349e-007,-0.874
-5.66099e-007,-0.875667
-5.65849e-007,-0.874
-5.65599e-007,-0.874
-5.65349e-007,-0.874
-5.65099e-007,-0.875667
-5.64849e-007,-0.874
-5.64599e-007,-0.874
-5.64349e-007,-0.874
-5.64099e-007,-0.875667
-5.63849e-007,-0.874
-5.63599e-007,-0.874
-5.63349e-007,-0.874
-5.63099e-007,-0.875667
-5.62849e-007,-0.874
-5.62599e-007,-0.874
-5.62349e-007,-0.874
-5.62099e-007,-0.875667
-5.61849e-007,-0.874
-5.61599e-007,-0.874
-5.61349e-007,-0.874
-5.61099e-007,-0.875667
-5.60849e-007,-0.874
-5.60599e-007,-0.874
-5.60349e-007,-0.874
-5.60099e-007,-0.875667
-5.59849e-007,-0.874
-5.59599e-007,-0.874
-5.59349e-007,-0.874
-5.59099e-007,-0.875667
-5.58849e-007,-0.874
-5.58599e-007,-0.874
-5.58349e-007,-0.874
-5.58099e-007,-0.875667
-5.57849e-007,-0.874
-5.57599e-007,-0.874
-5.57349e-007,-0.874
-5.57099e-007,-0.875667
-5.56849e-007,-0.874
-5.56599e-007,-0.874
-5.56349e-007,-0.874
-5.56099e-007,-0.875667
-5.55849e-007,-0.874
-5.55599e-007,-0.874
-5.55349e-007,-0.874
-5.55099e-007,-0.875667
-5.54849e-007,-0.874
-5.54599e-007,-0.874
-5.54349e-007,-0.875667
-5.54099e-007,-0.875667
-5.53849e-007,-0.875667
-5.53599e-007,-0.874
-5.53349e-007,-0.875667
-5.53099e-007,-0.875667
-5.52849e-007,-0.874
-5.52599e-007,-0.874
-5.52349e-007,-0.875667
-5.52099e-007,-0.875667
-5.51849e-007,-0.874
-5.51599e-007,-0.874
-5.51349e-007,-0.875667
-5.51099e-007,-0.875667
-5.50849e-007,-0.874
-5.50599e-007,-0.874
-5.50349e-007,-0.875667
-5.50099e-007,-0.875667
-5.49849e-007,-0.874
-5.49599e-007,-0.874
-5.49349e-007,-0.875667
-5.49099e-007,-0.875667
-5.48849e-007,-0.874
-5.48599e-007,-0.874
-5.48349e-007,-0.875667
-5.48099e-007,-0.875667
-5.47849e-007,-0.874
-5.47599e-007,-0.874
-5.47349e-007,-0.875667
-5.47099e-007,-0.875667
-5.46849e-007,-0.874
-5.46599e-007,-0.874
-5.46349e-007,-0.875667
-5.46099e-007,-0.875667
-5.45849e-007,-0.874
-5.45599e-007,-0.874
-5.45349e-007,-0.875667
-5.45099e-007,-0.875667
-5.44849e-007,-0.874
-5.44599e-007,-0.874
-5.44349e-007,-0.875667
-5.44099e-007,-0.875667
-5.43849e-007,-0.874
-5.43599e-007,-0.874
-5.43349e-007,-0.875667
-5.43099e-007,-0.875667
-5.42849e-007,-0.874
-5.42599e-007,-0.874
-5.42349e-007,-0.875667
-5.42099e-007,-0.875667
-5.41849e-007,-0.874
-5.41599e-007,-0.874
-5.41349e-007,-0.874
-5.41099e-007,-0.875667
-5.40849e-007,-0.874
-5.40599e-007,-0.874
-5.40349e-007,-0.875667
-5.40099e-007,-0.875667
-5.39849e-007,-0.874
-5.39599e-007,-0.874
-5.39349e-007,-0.874
-5.39099e-007,-0.875667
-5.38849e-007,-0.874
-5.38599e-007,-0.874
-5.38349e-007,-0.874
-5.38099e-007,-0.874
-5.37849e-007,-0.874
-5.37599e-007,-0.874
-5.37349e-007,-0.874
-5.37099e-007,-0.874
-5.36849e-007,-0.874
-5.36599e-007,-0.874
-5.36349e-007,-0.874
-5.36099e-007,-0.875667
-5.35849e-007,-0.874
-5.35599e-007,-0.874
-5.35349e-007,-0.875667
-5.35099e-007,-0.875667
-5.34849e-007,-0.874
-5.34599e-007,-0.874
-5.34349e-007,-0.875667
-5.34099e-007,-0.875667
-5.33849e-007,-0.874
-5.33599e-007,-0.874
-5.33349e-007,-0.875667
-5.33099e-007,-0.875667
-5.32849e-007,-0.874
-5.32599e-007,-0.874
-5.32349e-007,-0.875667
-5.32099e-007,-0.875667
-5.31849e-007,-0.874
-5.31599e-007,-0.874
-5.31349e-007,-0.875667
-5.31099e-007,-0.875667
-5.30849e-007,-0.874
-5.30599e-007,-0.874
-5.30349e-007,-0.875667
-5.30099e-007,-0.875667
-5.29849e-007,-0.874
-5.29599e-007,-0.874
-5.29349e-007,-0.875667
-5.29099e-007,-0.875667
-5.28849e-007,-0.874
-5.28599e-007,-0.874
-5.28349e-007,-0.875667
-5.28099e-007,-0.875667
-5.27849e-007,-0.874
-5.27599e-007,-0.874
-5.27349e-007,-0.875667
-5.27099e-007,-0.875667
-5.26849e-007,-0.874
-5.26599e-007,-0.874
-5.26349e-007,-0.875667
-5.26099e-007,-0.875667
-5.25849e-007,-0.874
-5.25599e-007,-0.874
-5.25349e-007,-0.875667
-5.25099e-007,-0.875667
-5.24849e-007,-0.874
-5.24599e-007,-0.874
-5.24349e-007,-0.875667
-5.24099e-007,-0.875667
-5.23849e-007,-0.874
-5.23599e-007,-0.874
-5.23349e-007,-0.875667
-5.23099e-007,-0.875667
-5.22849e-007,-0.874
-5.22599e-007,-0.874
-5.22349e-007,-0.875667
-5.22099e-007,-0.874
-5.21849e-007,-0.874
-5.21599e-007,-0.874
-5.21349e-007,-0.875667
-5.21099e-007,-0.874
-5.20849e-007,-0.874
-5.20599e-007,-0.874
-5.20349e-007,-0.875667
-5.20099e-007,-0.874
-5.19849e-007,-0.874
-5.19599e-007,-0.874
-5.19349e-007,-0.875667
-5.19099e-007,-0.875667
-5.18849e-007,-0.874
-5.18599e-007,-0.874
-5.18349e-007,-0.875667
-5.18099e-007,-0.875667
-5.17849e-007,-0.874
-5.17599e-007,-0.874
-5.17349e-007,-0.875667
-5.17099e-007,-0.875667
-5.16849e-007,-0.874
-5.16599e-007,-0.874
-5.16349e-007,-0.875667
-5.16099e-007,-0.875667
-5.15849e-007,-0.875667
-5.15599e-007,-0.874
-5.15349e-007,-0.875667
-5.15099e-007,-0.875667
-5.14849e-007,-0.874
-5.14599e-007,-0.874
-5.14349e-007,-0.875667
-5.14099e-007,-0.875667
-5.13849e-007,-0.874
-5.13599e-007,-0.874
-5.13349e-007,-0.875667
-5.13099e-007,-0.875667
-5.12849e-007,-0.875667
-5.12599e-007,-0.874
-5.12349e-007,-0.875667
-5.12099e-007,-0.875667
-5.11849e-007,-0.875667
-5.11599e-007,-0.874
-5.11349e-007,-0.875667
-5.11099e-007,-0.875667
-5.10849e-007,-0.875667
-5.10599e-007,-0.874
-5.10349e-007,-0.875667
-5.10099e-007,-0.875667
-5.09849e-007,-0.874
-5.09599e-007,-0.874
-5.09349e-007,-0.875667
-5.09099e-007,-0.875667
-5.08849e-007,-0.874
-5.08599e-007,-0.874
-5.08349e-007,-0.875667
-5.08099e-007,-0.875667
-5.07849e-007,-0.874
-5.07599e-007,-0.874
-5.07349e-007,-0.875667
-5.07099e-007,-0.875667
-5.06849e-007,-0.874
-5.06599e-007,-0.874
-5.06349e-007,-0.875667
-5.06099e-007,-0.875667
-5.05849e-007,-0.874
-5.05599e-007,-0.874
-5.05349e-007,-0.875667
-5.05099e-007,-0.875667
-5.04849e-007,-0.874
-5.04599e-007,-0.874
-5.04349e-007,-0.875667
-5.04099e-007,-0.875667
-5.03849e-007,-0.874
-5.03599e-007,-0.874
-5.03349e-007,-0.875667
-5.03099e-007,-0.875667
-5.02849e-007,-0.874
-5.02599e-007,-0.874
-5.02349e-007,-0.875667
-5.02099e-007,-0.875667
-5.01849e-007,-0.874
-5.01599e-007,-0.874
-5.01349e-007,-0.875667
-5.01099e-007,-0.875667
-5.00849e-007,-0.874
-5.00599e-007,-0.874
-5.00349e-007,-0.875667
-5.00099e-007,-0.875667
-4.99849e-007,-0.874
-4.99599e-007,-0.874
-4.99349e-007,-0.875667
-4.99099e-007,-0.875667
-4.98849e-007,-0.874
-4.98599e-007,-0.874
-4.98349e-007,-0.875667
-4.98099e-007,-0.875667
-4.97849e-007,-0.874
-4.97599e-007,-0.874
-4.97349e-007,-0.875667
-4.97099e-007,-0.875667
-4.96849e-007,-0.874
-4.96599e-007,-0.874
-4.96349e-007,-0.875667
-4.96099e-007,-0.875667
-4.95849e-007,-0.874
-4.95599e-007,-0.874
-4.95349e-007,-0.875667
-4.95099e-007,-0.875667
-4.94849e-007,-0.874
-4.94599e-007,-0.874
-4.94349e-007,-0.875667
-4.94099e-007,-0.875667
-4.93849e-007,-0.874
-4.93599e-007,-0.874
-4.93349e-007,-0.875667
-4.93099e-007,-0.875667
-4.92849e-007,-0.874
-4.92599e-007,-0.874
-4.92349e-007,-0.875667
-4.92099e-007,-0.875667
-4.91849e-007,-0.874
-4.91599e-007,-0.874
-4.91349e-007,-0.875667
-4.91099e-007,-0.875667
-4.90849e-007,-0.874
-4.90599e-007,-0.874
-4.90349e-007,-0.875667
-4.90099e-007,-0.875667
-4.89849e-007,-0.874
-4.89599e-007,-0.874
-4.89349e-007,-0.875667
-4.89099e-007,-0.875667
-4.88849e-007,-0.874
-4.88599e-007,-0.874
-4.88349e-007,-0.875667
-4.88099e-007,-0.875667
-4.87849e-007,-0.874
-4.87599e-007,-0.874
-4.87349e-007,-0.875667
-4.87099e-007,-0.875667
-4.86849e-007,-0.874
-4.86599e-007,-0.874
-4.86349e-007,-0.875667
-4.86099e-007,-0.875667
-4.85849e-007,-0.874
-4.85599e-007,-0.874
-4.85349e-007,-0.875667
-4.85099e-007,-0.875667
-4.84849e-007,-0.874
-4.84599e-007,-0.874
-4.84349e-007,-0.875667
-4.84099e-007,-0.875667
-4.83849e-007,-0.874
-4.83599e-007,-0.874
-4.83349e-007,-0.875667
-4.83099e-007,-0.875667
-4.82849e-007,-0.874
-4.82599e-007,-0.874
-4.82349e-007,-0.875667
-4.82099e-007,-0.875667
-4.81849e-007,-0.874
-4.81599e-007,-0.874
-4.81349e-007,-0.875667
-4.81099e-007,-0.875667
-4.80849e-007,-0.874
-4.80599e-007,-0.874
-4.80349e-007,-0.875667
-4.80099e-007,-0.875667
-4.79849e-007,-0.874
-4.79599e-007,-0.874
-4.79349e-007,-0.875667
-4.79099e-007,-0.875667
-4.78849e-007,-0.874
-4.78599e-007,-0.874
-4.78349e-007,-0.875667
-4.78099e-007,-0.875667
-4.77849e-007,-0.874
-4.77599e-007,-0.874
-4.77349e-007,-0.875667
-4.77099e-007,-0.875667
-4.76849e-007,-0.874
-4.76599e-007,-0.874
-4.76349e-007,-0.875667
-4.76099e-007,-0.875667
-4.75849e-007,-0.874
-4.75599e-007,-0.874
-4.75349e-007,-0.875667
-4.75099e-007,-0.875667
-4.74849e-007,-0.874
-4.74599e-007,-0.874
-4.74349e-007,-0.875667
-4.74099e-007,-0.875667
-4.73849e-007,-0.874
-4.73599e-007,-0.874
-4.73349e-007,-0.875667
-4.73099e-007,-0.875667
-4.72849e-007,-0.874
-4.72599e-007,-0.874
-4.72349e-007,-0.875667
-4.72099e-007,-0.875667
-4.71849e-007,-0.874
-4.71599e-007,-0.874
-4.71349e-007,-0.875667
-4.71099e-007,-0.875667
-4.70849e-007,-0.874
-4.70599e-007,-0.874
-4.70349e-007,-0.874
-4.70099e-007,-0.875667
-4.69849e-007,-0.874
-4.69599e-007,-0.874
-4.69349e-007,-0.874
-4.69099e-007,-0.875667
-4.68849e-007,-0.874
-4.68599e-007,-0.874
-4.68349e-007,-0.874
-4.68099e-007,-0.875667
-4.67849e-007,-0.874
-4.67599e-007,-0.874
-4.67349e-007,-0.874
-4.67099e-007,-0.875667
-4.66849e-007,-0.874
-4.66599e-007,-0.874
-4.66349e-007,-0.875667
-4.66099e-007,-0.875667
-4.65849e-007,-0.874
-4.65599e-007,-0.874
-4.65349e-007,-0.875667
-4.65099e-007,-0.875667
-4.64849e-007,-0.874
-4.64599e-007,-0.874
-4.64349e-007,-0.875667
-4.64099e-007,-0.875667
-4.63849e-007,-0.874
-4.63599e-007,-0.874
-4.63349e-007,-0.875667
-4.63099e-007,-0.875667
-4.62849e-007,-0.874
-4.62599e-007,-0.874
-4.62349e-007,-0.875667
-4.62099e-007,-0.875667
-4.61849e-007,-0.874
-4.61599e-007,-0.874
-4.61349e-007,-0.875667
-4.61099e-007,-0.875667
-4.60849e-007,-0.874
-4.60599e-007,-0.874
-4.60349e-007,-0.874
-4.60099e-007,-0.875667
-4.59849e-007,-0.874
-4.59599e-007,-0.874
-4.59349e-007,-0.874
-4.59099e-007,-0.875667
-4.58849e-007,-0.874
-4.58599e-007,-0.874
-4.58349e-007,-0.874
-4.58099e-007,-0.875667
-4.57849e-007,-0.874
-4.57599e-007,-0.874
-4.57349e-007,-0.875667
-4.57099e-007,-0.875667
-4.56849e-007,-0.874
-4.56599e-007,-0.874
-4.56349e-007,-0.875667
-4.56099e-007,-0.875667
-4.55849e-007,-0.874
-4.55599e-007,-0.874
-4.55349e-007,-0.875667
-4.55099e-007,-0.875667
-4.54849e-007,-0.874
-4.54599e-007,-0.874
-4.54349e-007,-0.875667
-4.54099e-007,-0.875667
-4.53849e-007,-0.874
-4.53599e-007,-0.874
-4.53349e-007,-0.875667
-4.53099e-007,-0.875667
-4.52849e-007,-0.874
-4.52599e-007,-0.874
-4.52349e-007,-0.875667
-4.52099e-007,-0.875667
-4.51849e-007,-0.874
-4.51599e-007,-0.874
-4.51349e-007,-0.875667
-4.51099e-007,-0.875667
-4.50849e-007,-0.874
-4.50599e-007,-0.874
-4.50349e-007,-0.875667
-4.50099e-007,-0.875667
-4.49849e-007,-0.874
-4.49599e-007,-0.874
-4.49349e-007,-0.875667
-4.49099e-007,-0.875667
-4.48849e-007,-0.874
-4.48599e-007,-0.874
-4.48349e-007,-0.875667
-4.48099e-007,-0.875667
-4.47849e-007,-0.874
-4.47599e-007,-0.874
-4.47349e-007,-0.875667
-4.47099e-007,-0.875667
-4.46849e-007,-0.874
-4.46599e-007,-0.874
-4.46349e-007,-0.875667
-4.46099e-007,-0.875667
-4.45849e-007,-0.874
-4.45599e-007,-0.874
-4.45349e-007,-0.875667
-4.45099e-007,-0.875667
-4.44849e-007,-0.874
-4.44599e-007,-0.874
-4.44349e-007,-0.875667
-4.44099e-007,-0.875667
-4.43849e-007,-0.874
-4.43599e-007,-0.874
-4.43349e-007,-0.875667
-4.43099e-007,-0.875667
-4.42849e-007,-0.874
-4.42599e-007,-0.874
-4.42349e-007,-0.875667
-4.42099e-007,-0.875667
-4.41849e-007,-0.874
-4.41599e-007,-0.874
-4.41349e-007,-0.875667
-4.41099e-007,-0.875667
-4.40849e-007,-0.874
-4.40599e-007,-0.874
-4.40349e-007,-0.875667
-4.40099e-007,-0.875667
-4.39849e-007,-0.874
-4.39599e-007,-0.874
-4.39349e-007,-0.875667
-4.39099e-007,-0.875667
-4.38849e-007,-0.874
-4.38599e-007,-0.874
-4.38349e-007,-0.875667
-4.38099e-007,-0.875667
-4.37849e-007,-0.874
-4.37599e-007,-0.874
-4.37349e-007,-0.875667
-4.37099e-007,-0.875667
-4.36849e-007,-0.874
-4.36599e-007,-0.874
-4.36349e-007,-0.875667
-4.36099e-007,-0.875667
-4.35849e-007,-0.874
-4.35599e-007,-0.874
-4.35349e-007,-0.875667
-4.35099e-007,-0.875667
-4.34849e-007,-0.874
-4.34599e-007,-0.874
-4.34349e-007,-0.875667
-4.34099e-007,-0.875667
-4.33849e-007,-0.874
-4.33599e-007,-0.874
-4.33349e-007,-0.875667
-4.33099e-007,-0.875667
-4.32849e-007,-0.874
-4.32599e-007,-0.874
-4.32349e-007,-0.875667
-4.32099e-007,-0.875667
-4.31849e-007,-0.874
-4.31599e-007,-0.874
-4.31349e-007,-0.875667
-4.31099e-007,-0.875667
-4.30849e-007,-0.874
-4.30599e-007,-0.874
-4.30349e-007,-0.875667
-4.30099e-007,-0.875667
-4.29849e-007,-0.874
-4.29599e-007,-0.874
-4.29349e-007,-0.875667
-4.29099e-007,-0.875667
-4.28849e-007,-0.874
-4.28599e-007,-0.874
-4.28349e-007,-0.875667
-4.28099e-007,-0.875667
-4.27849e-007,-0.874
-4.27599e-007,-0.874
-4.27349e-007,-0.875667
-4.27099e-007,-0.875667
-4.26849e-007,-0.874
-4.26599e-007,-0.874
-4.26349e-007,-0.875667
-4.26099e-007,-0.875667
-4.25849e-007,-0.874
-4.25599e-007,-0.874
-4.25349e-007,-0.875667
-4.25099e-007,-0.875667
-4.24849e-007,-0.874
-4.24599e-007,-0.874
-4.24349e-007,-0.875667
-4.24099e-007,-0.875667
-4.23849e-007,-0.874
-4.23599e-007,-0.874
-4.23349e-007,-0.875667
-4.23099e-007,-0.875667
-4.22849e-007,-0.874
-4.22599e-007,-0.874
-4.22349e-007,-0.875667
-4.22099e-007,-0.875667
-4.21849e-007,-0.874
-4.21599e-007,-0.874
-4.21349e-007,-0.875667
-4.21099e-007,-0.875667
-4.20849e-007,-0.874
-4.20599e-007,-0.874
-4.20349e-007,-0.875667
-4.20099e-007,-0.875667
-4.19849e-007,-0.874
-4.19599e-007,-0.874
-4.19349e-007,-0.875667
-4.19099e-007,-0.874
-4.18849e-007,-0.874
-4.18599e-007,-0.874
-4.18349e-007,-0.875667
-4.18099e-007,-0.874
-4.17849e-007,-0.874
-4.17599e-007,-0.874
-4.17349e-007,-0.875667
-4.17099e-007,-0.874
-4.16849e-007,-0.874
-4.16599e-007,-0.874
-4.16349e-007,-0.875667
-4.16099e-007,-0.875667
-4.15849e-007,-0.874
-4.15599e-007,-0.874
-4.15349e-007,-0.875667
-4.15099e-007,-0.875667
-4.14849e-007,-0.874
-4.14599e-007,-0.874
-4.14349e-007,-0.875667
-4.14099e-007,-0.875667
-4.13849e-007,-0.874
-4.13599e-007,-0.874
-4.13349e-007,-0.875667
-4.13099e-007,-0.875667
-4.12849e-007,-0.874
-4.12599e-007,-0.874
-4.12349e-007,-0.875667
-4.12099e-007,-0.875667
-4.11849e-007,-0.874
-4.11599e-007,-0.874
-4.11349e-007,-0.875667
-4.11099e-007,-0.875667
-4.10849e-007,-0.874
-4.10599e-007,-0.874
-4.10349e-007,-0.875667
-4.10099e-007,-0.874
-4.09849e-007,-0.874
-4.09599e-007,-0.874
-4.09349e-007,-0.874
-4.09099e-007,-0.874
-4.08849e-007,-0.874
-4.08599e-007,-0.874
-4.08349e-007,-0.874
-4.08099e-007,-0.875667
-4.07849e-007,-0.874
-4.07599e-007,-0.874
-4.07349e-007,-0.874
-4.07099e-007,-0.875667
-4.06849e-007,-0.874
-4.06599e-007,-0.874
-4.06349e-007,-0.874
-4.06099e-007,-0.875667
-4.05849e-007,-0.874
-4.05599e-007,-0.874
-4.05349e-007,-0.875667
-4.05099e-007,-0.875667
-4.04849e-007,-0.874
-4.04599e-007,-0.874
-4.04349e-007,-0.875667
-4.04099e-007,-0.875667
-4.03849e-007,-0.874
-4.03599e-007,-0.874
-4.03349e-007,-0.875667
-4.03099e-007,-0.875667
-4.02849e-007,-0.874
-4.02599e-007,-0.874
-4.02349e-007,-0.875667
-4.02099e-007,-0.875667
-4.01849e-007,-0.874
-4.01599e-007,-0.874
-4.01349e-007,-0.875667
-4.01099e-007,-0.875667
-4.00849e-007,-0.874
-4.00599e-007,-0.874
-4.00349e-007,-0.875667
-4.00099e-007,-0.875667
-3.99849e-007,-0.874
-3.99599e-007,-0.874
-3.99349e-007,-0.875667
-3.99099e-007,-0.875667
-3.98849e-007,-0.874
-3.98599e-007,-0.874
-3.98349e-007,-0.875667
-3.98099e-007,-0.875667
-3.97849e-007,-0.874
-3.97599e-007,-0.874
-3.97349e-007,-0.875667
-3.97099e-007,-0.875667
-3.96849e-007,-0.874
-3.96599e-007,-0.874
-3.96349e-007,-0.875667
-3.96099e-007,-0.875667
-3.95849e-007,-0.874
-3.95599e-007,-0.874
-3.95349e-007,-0.875667
-3.95099e-007,-0.875667
-3.94849e-007,-0.874
-3.94599e-007,-0.874
-3.94349e-007,-0.875667
-3.94099e-007,-0.875667
-3.93849e-007,-0.874
-3.93599e-007,-0.874
-3.93349e-007,-0.875667
-3.93099e-007,-0.875667
-3.92849e-007,-0.874
-3.92599e-007,-0.874
-3.92349e-007,-0.875667
-3.92099e-007,-0.875667
-3.91849e-007,-0.874
-3.91599e-007,-0.874
-3.91349e-007,-0.875667
-3.91099e-007,-0.875667
-3.90849e-007,-0.874
-3.90599e-007,-0.874
-3.90349e-007,-0.875667
-3.90099e-007,-0.875667
-3.89849e-007,-0.874
-3.89599e-007,-0.874
-3.89349e-007,-0.875667
-3.89099e-007,-0.875667
-3.88849e-007,-0.874
-3.88599e-007,-0.874
-3.88349e-007,-0.875667
-3.88099e-007,-0.875667
-3.87849e-007,-0.874
-3.87599e-007,-0.874
-3.87349e-007,-0.875667
-3.87099e-007,-0.875667
-3.86849e-007,-0.874
-3.86599e-007,-0.874
-3.86349e-007,-0.875667
-3.86099e-007,-0.875667
-3.85849e-007,-0.874
-3.85599e-007,-0.874
-3.85349e-007,-0.875667
-3.85099e-007,-0.875667
-3.84849e-007,-0.874
-3.84599e-007,-0.874
-3.84349e-007,-0.874
-3.84099e-007,-0.875667
-3.83849e-007,-0.874
-3.83599e-007,-0.874
-3.83349e-007,-0.875667
-3.83099e-007,-0.875667
-3.82849e-007,-0.874
-3.82599e-007,-0.874
-3.82349e-007,-0.875667
-3.82099e-007,-0.874
-3.81849e-007,-0.874
-3.81599e-007,-0.874
-3.81349e-007,-0.875667
-3.81099e-007,-0.874
-3.80849e-007,-0.874
-3.80599e-007,-0.874
-3.80349e-007,-0.875667
-3.80099e-007,-0.875667
-3.79849e-007,-0.874
-3.79599e-007,-0.874
-3.79349e-007,-0.875667
-3.79099e-007,-0.875667
-3.78849e-007,-0.874
-3.78599e-007,-0.874
-3.78349e-007,-0.875667
-3.78099e-007,-0.875667
-3.77849e-007,-0.874
-3.77599e-007,-0.874
-3.77349e-007,-0.875667
-3.77099e-007,-0.875667
-3.76849e-007,-0.874
-3.76599e-007,-0.874
-3.76349e-007,-0.875667
-3.76099e-007,-0.875667
-3.75849e-007,-0.874
-3.75599e-007,-0.874
-3.75349e-007,-0.875667
-3.75099e-007,-0.875667
-3.74849e-007,-0.874
-3.74599e-007,-0.874
-3.74349e-007,-0.875667
-3.74099e-007,-0.875667
-3.73849e-007,-0.874
-3.73599e-007,-0.874
-3.73349e-007,-0.875667
-3.73099e-007,-0.875667
-3.72849e-007,-0.874
-3.72599e-007,-0.874
-3.72349e-007,-0.875667
-3.72099e-007,-0.875667
-3.71849e-007,-0.874
-3.71599e-007,-0.874
-3.71349e-007,-0.875667
-3.71099e-007,-0.875667
-3.70849e-007,-0.874
-3.70599e-007,-0.874
-3.70349e-007,-0.875667
-3.70099e-007,-0.875667
-3.69849e-007,-0.874
-3.69599e-007,-0.874
-3.69349e-007,-0.875667
-3.69099e-007,-0.875667
-3.68849e-007,-0.874
-3.68599e-007,-0.874
-3.68349e-007,-0.875667
-3.68099e-007,-0.875667
-3.67849e-007,-0.874
-3.67599e-007,-0.874
-3.67349e-007,-0.875667
-3.67099e-007,-0.875667
-3.66849e-007,-0.874
-3.66599e-007,-0.874
-3.66349e-007,-0.875667
-3.66099e-007,-0.875667
-3.65849e-007,-0.874
-3.65599e-007,-0.874
-3.65349e-007,-0.875667
-3.65099e-007,-0.875667
-3.64849e-007,-0.874
-3.64599e-007,-0.874
-3.64349e-007,-0.875667
-3.64099e-007,-0.875667
-3.63849e-007,-0.874
-3.63599e-007,-0.874
-3.63349e-007,-0.875667
-3.63099e-007,-0.875667
-3.62849e-007,-0.874
-3.62599e-007,-0.874
-3.62349e-007,-0.875667
-3.62099e-007,-0.875667
-3.61849e-007,-0.874
-3.61599e-007,-0.874
-3.61349e-007,-0.875667
-3.61099e-007,-0.875667
-3.60849e-007,-0.875667
-3.60599e-007,-0.874
-3.60349e-007,-0.875667
-3.60099e-007,-0.875667
-3.59849e-007,-0.875667
-3.59599e-007,-0.874
-3.59349e-007,-0.875667
-3.59099e-007,-0.875667
-3.58849e-007,-0.874
-3.58599e-007,-0.874
-3.58349e-007,-0.875667
-3.58099e-007,-0.875667
-3.57849e-007,-0.874
-3.57599e-007,-0.874
-3.57349e-007,-0.875667
-3.57099e-007,-0.875667
-3.56849e-007,-0.874
-3.56599e-007,-0.874
-3.56349e-007,-0.875667
-3.56099e-007,-0.875667
-3.55849e-007,-0.874
-3.55599e-007,-0.874
-3.55349e-007,-0.875667
-3.55099e-007,-0.875667
-3.54849e-007,-0.874
-3.54599e-007,-0.874
-3.54349e-007,-0.875667
-3.54099e-007,-0.875667
-3.53849e-007,-0.874
-3.53599e-007,-0.874
-3.53349e-007,-0.875667
-3.53099e-007,-0.875667
-3.52849e-007,-0.874
-3.52599e-007,-0.874
-3.52349e-007,-0.875667
-3.52099e-007,-0.875667
-3.51849e-007,-0.874
-3.51599e-007,-0.874
-3.51349e-007,-0.875667
-3.51099e-007,-0.875667
-3.50849e-007,-0.874
-3.50599e-007,-0.874
-3.50349e-007,-0.875667
-3.50099e-007,-0.875667
-3.49849e-007,-0.874
-3.49599e-007,-0.874
-3.49349e-007,-0.875667
-3.49099e-007,-0.875667
-3.48849e-007,-0.874
-3.48599e-007,-0.874
-3.48349e-007,-0.875667
-3.48099e-007,-0.875667
-3.47849e-007,-0.874
-3.47599e-007,-0.874
-3.47349e-007,-0.875667
-3.47099e-007,-0.875667
-3.46849e-007,-0.874
-3.46599e-007,-0.874
-3.46349e-007,-0.875667
-3.46099e-007,-0.875667
-3.45849e-007,-0.874
-3.45599e-007,-0.874
-3.45349e-007,-0.875667
-3.45099e-007,-0.875667
-3.44849e-007,-0.874
-3.44599e-007,-0.874
-3.44349e-007,-0.875667
-3.44099e-007,-0.875667
-3.43849e-007,-0.874
-3.43599e-007,-0.874
-3.43349e-007,-0.875667
-3.43099e-007,-0.875667
-3.42849e-007,-0.874
-3.42599e-007,-0.874
-3.42349e-007,-0.875667
-3.42099e-007,-0.875667
-3.41849e-007,-0.874
-3.41599e-007,-0.874
-3.41349e-007,-0.874
-3.41099e-007,-0.875667
-3.40849e-007,-0.874
-3.40599e-007,-0.874
-3.40349e-007,-0.874
-3.40099e-007,-0.875667
-3.39849e-007,-0.874
-3.39599e-007,-0.874
-3.39349e-007,-0.875667
-3.39099e-007,-0.875667
-3.38849e-007,-0.874
-3.38599e-007,-0.874
-3.38349e-007,-0.875667
-3.38099e-007,-0.875667
-3.37849e-007,-0.874
-3.37599e-007,-0.874
-3.37349e-007,-0.875667
-3.37099e-007,-0.875667
-3.36849e-007,-0.874
-3.36599e-007,-0.874
-3.36349e-007,-0.874
-3.36099e-007,-0.875667
-3.35849e-007,-0.874
-3.35599e-007,-0.874
-3.35349e-007,-0.874
-3.35099e-007,-0.875667
-3.34849e-007,-0.874
-3.34599e-007,-0.874
-3.34349e-007,-0.874
-3.34099e-007,-0.875667
-3.33849e-007,-0.874
-3.33599e-007,-0.874
-3.33349e-007,-0.875667
-3.33099e-007,-0.875667
-3.32849e-007,-0.874
-3.32599e-007,-0.874
-3.32349e-007,-0.875667
-3.32099e-007,-0.875667
-3.31849e-007,-0.874
-3.31599e-007,-0.874
-3.31349e-007,-0.875667
-3.31099e-007,-0.875667
-3.30849e-007,-0.874
-3.30599e-007,-0.874
-3.30349e-007,-0.875667
-3.30099e-007,-0.875667
-3.29849e-007,-0.874
-3.29599e-007,-0.874
-3.29349e-007,-0.875667
-3.29099e-007,-0.875667
-3.28849e-007,-0.874
-3.28599e-007,-0.874
-3.28349e-007,-0.874
-3.28099e-007,-0.875667
-3.27849e-007,-0.874
-3.27599e-007,-0.874
-3.27349e-007,-0.874
-3.27099e-007,-0.875667
-3.26849e-007,-0.874
-3.26599e-007,-0.874
-3.26349e-007,-0.874
-3.26099e-007,-0.875667
-3.25849e-007,-0.874
-3.25599e-007,-0.874
-3.25349e-007,-0.874
-3.25099e-007,-0.875667
-3.24849e-007,-0.874
-3.24599e-007,-0.874
-3.24349e-007,-0.874
-3.24099e-007,-0.875667
-3.23849e-007,-0.874
-3.23599e-007,-0.874
-3.23349e-007,-0.874
-3.23099e-007,-0.875667
-3.22849e-007,-0.874
-3.22599e-007,-0.874
-3.22349e-007,-0.874
-3.22099e-007,-0.875667
-3.21849e-007,-0.874
-3.21599e-007,-0.874
-3.21349e-007,-0.874
-3.21099e-007,-0.875667
-3.20849e-007,-0.874
-3.20599e-007,-0.874
-3.20349e-007,-0.875667
-3.20099e-007,-0.875667
-3.19849e-007,-0.874
-3.19599e-007,-0.874
-3.19349e-007,-0.875667
-3.19099e-007,-0.875667
-3.18849e-007,-0.874
-3.18599e-007,-0.874
-3.18349e-007,-0.875667
-3.18099e-007,-0.875667
-3.17849e-007,-0.874
-3.17599e-007,-0.874
-3.17349e-007,-0.875667
-3.17099e-007,-0.875667
-3.16849e-007,-0.874
-3.16599e-007,-0.874
-3.16349e-007,-0.875667
-3.16099e-007,-0.875667
-3.15849e-007,-0.874
-3.15599e-007,-0.874
-3.15349e-007,-0.875667
-3.15099e-007,-0.875667
-3.14849e-007,-0.874
-3.14599e-007,-0.874
-3.14349e-007,-0.875667
-3.14099e-007,-0.875667
-3.13849e-007,-0.874
-3.13599e-007,-0.874
-3.13349e-007,-0.875667
-3.13099e-007,-0.875667
-3.12849e-007,-0.874
-3.12599e-007,-0.874
-3.12349e-007,-0.875667
-3.12099e-007,-0.875667
-3.11849e-007,-0.874
-3.11599e-007,-0.874
-3.11349e-007,-0.875667
-3.11099e-007,-0.875667
-3.10849e-007,-0.874
-3.10599e-007,-0.874
-3.10349e-007,-0.875667
-3.10099e-007,-0.875667
-3.09849e-007,-0.874
-3.09599e-007,-0.874
-3.09349e-007,-0.875667
-3.09099e-007,-0.875667
-3.08849e-007,-0.874
-3.08599e-007,-0.874
-3.08349e-007,-0.875667
-3.08099e-007,-0.875667
-3.07849e-007,-0.874
-3.07599e-007,-0.874
-3.07349e-007,-0.875667
-3.07099e-007,-0.875667
-3.06849e-007,-0.874
-3.06599e-007,-0.874
-3.06349e-007,-0.875667
-3.06099e-007,-0.875667
-3.05849e-007,-0.874
-3.05599e-007,-0.874
-3.05349e-007,-0.875667
-3.05099e-007,-0.875667
-3.04849e-007,-0.874
-3.04599e-007,-0.874
-3.04349e-007,-0.875667
-3.04099e-007,-0.875667
-3.03849e-007,-0.874
-3.03599e-007,-0.874
-3.03349e-007,-0.875667
-3.03099e-007,-0.875667
-3.02849e-007,-0.874
-3.02599e-007,-0.874
-3.02349e-007,-0.875667
-3.02099e-007,-0.875667
-3.01849e-007,-0.874
-3.01599e-007,-0.874
-3.01349e-007,-0.875667
-3.01099e-007,-0.874
-3.00849e-007,-0.874
-3.00599e-007,-0.874
-3.00349e-007,-0.875667
-3.00099e-007,-0.875667
-2.99849e-007,-0.874
-2.99599e-007,-0.874
-2.99349e-007,-0.875667
-2.99099e-007,-0.875667
-2.98849e-007,-0.874
-2.98599e-007,-0.874
-2.98349e-007,-0.875667
-2.98099e-007,-0.875667
-2.97849e-007,-0.874
-2.97599e-007,-0.874
-2.97349e-007,-0.875667
-2.97099e-007,-0.875667
-2.96849e-007,-0.874
-2.96599e-007,-0.874
-2.96349e-007,-0.875667
-2.96099e-007,-0.875667
-2.95849e-007,-0.874
-2.95599e-007,-0.874
-2.95349e-007,-0.875667
-2.95099e-007,-0.875667
-2.94849e-007,-0.874
-2.94599e-007,-0.874
-2.94349e-007,-0.874
-2.94099e-007,-0.875667
-2.93849e-007,-0.874
-2.93599e-007,-0.874
-2.93349e-007,-0.875667
-2.93099e-007,-0.875667
-2.92849e-007,-0.874
-2.92599e-007,-0.874
-2.92349e-007,-0.875667
-2.92099e-007,-0.875667
-2.91849e-007,-0.874
-2.91599e-007,-0.874
-2.91349e-007,-0.875667
-2.91099e-007,-0.875667
-2.90849e-007,-0.874
-2.90599e-007,-0.874
-2.90349e-007,-0.875667
-2.90099e-007,-0.875667
-2.89849e-007,-0.874
-2.89599e-007,-0.874
-2.89349e-007,-0.875667
-2.89099e-007,-0.875667
-2.88849e-007,-0.874
-2.88599e-007,-0.874
-2.88349e-007,-0.875667
-2.88099e-007,-0.875667
-2.87849e-007,-0.874
-2.87599e-007,-0.874
-2.87349e-007,-0.875667
-2.87099e-007,-0.875667
-2.86849e-007,-0.874
-2.86599e-007,-0.874
-2.86349e-007,-0.875667
-2.86099e-007,-0.875667
-2.85849e-007,-0.874
-2.85599e-007,-0.874
-2.85349e-007,-0.875667
-2.85099e-007,-0.875667
-2.84849e-007,-0.875667
-2.84599e-007,-0.874
-2.84349e-007,-0.875667
-2.84099e-007,-0.875667
-2.83849e-007,-0.875667
-2.83599e-007,-0.874
-2.83349e-007,-0.875667
-2.83099e-007,-0.875667
-2.82849e-007,-0.874
-2.82599e-007,-0.874
-2.82349e-007,-0.875667
-2.82099e-007,-0.875667
-2.81849e-007,-0.874
-2.81599e-007,-0.874
-2.81349e-007,-0.875667
-2.81099e-007,-0.875667
-2.80849e-007,-0.874
-2.80599e-007,-0.874
-2.80349e-007,-0.875667
-2.80099e-007,-0.875667
-2.79849e-007,-0.874
-2.79599e-007,-0.874
-2.79349e-007,-0.875667
-2.79099e-007,-0.875667
-2.78849e-007,-0.874
-2.78599e-007,-0.874
-2.78349e-007,-0.875667
-2.78099e-007,-0.875667
-2.77849e-007,-0.874
-2.77599e-007,-0.874
-2.77349e-007,-0.875667
-2.77099e-007,-0.875667
-2.76849e-007,-0.874
-2.76599e-007,-0.874
-2.76349e-007,-0.875667
-2.76099e-007,-0.875667
-2.75849e-007,-0.874
-2.75599e-007,-0.874
-2.75349e-007,-0.875667
-2.75099e-007,-0.875667
-2.74849e-007,-0.874
-2.74599e-007,-0.874
-2.74349e-007,-0.875667
-2.74099e-007,-0.875667
-2.73849e-007,-0.874
-2.73599e-007,-0.874
-2.73349e-007,-0.875667
-2.73099e-007,-0.875667
-2.72849e-007,-0.874
-2.72599e-007,-0.874
-2.72349e-007,-0.875667
-2.72099e-007,-0.875667
-2.71849e-007,-0.874
-2.71599e-007,-0.874
-2.71349e-007,-0.875667
-2.71099e-007,-0.875667
-2.70849e-007,-0.874
-2.70599e-007,-0.874
-2.70349e-007,-0.875667
-2.70099e-007,-0.875667
-2.69849e-007,-0.874
-2.69599e-007,-0.874
-2.69349e-007,-0.875667
-2.69099e-007,-0.875667
-2.68849e-007,-0.874
-2.68599e-007,-0.874
-2.68349e-007,-0.875667
-2.68099e-007,-0.875667
-2.67849e-007,-0.874
-2.67599e-007,-0.874
-2.67349e-007,-0.875667
-2.67099e-007,-0.875667
-2.66849e-007,-0.874
-2.66599e-007,-0.874
-2.66349e-007,-0.875667
-2.66099e-007,-0.875667
-2.65849e-007,-0.874
-2.65599e-007,-0.874
-2.65349e-007,-0.875667
-2.65099e-007,-0.875667
-2.64849e-007,-0.874
-2.64599e-007,-0.874
-2.64349e-007,-0.875667
-2.64099e-007,-0.875667
-2.63849e-007,-0.874
-2.63599e-007,-0.874
-2.63349e-007,-0.875667
-2.63099e-007,-0.875667
-2.62849e-007,-0.874
-2.62599e-007,-0.874
-2.62349e-007,-0.875667
-2.62099e-007,-0.875667
-2.61849e-007,-0.874
-2.61599e-007,-0.874
-2.61349e-007,-0.875667
-2.61099e-007,-0.875667
-2.60849e-007,-0.874
-2.60599e-007,-0.874
-2.60349e-007,-0.875667
-2.60099e-007,-0.875667
-2.59849e-007,-0.874
-2.59599e-007,-0.874
-2.59349e-007,-0.875667
-2.59099e-007,-0.875667
-2.58849e-007,-0.874
-2.58599e-007,-0.874
-2.58349e-007,-0.875667
-2.58099e-007,-0.875667
-2.57849e-007,-0.874
-2.57599e-007,-0.874
-2.57349e-007,-0.875667
-2.57099e-007,-0.875667
-2.56849e-007,-0.874
-2.56599e-007,-0.874
-2.56349e-007,-0.875667
-2.56099e-007,-0.875667
-2.55849e-007,-0.874
-2.55599e-007,-0.874
-2.55349e-007,-0.875667
-2.55099e-007,-0.875667
-2.54849e-007,-0.874
-2.54599e-007,-0.874
-2.54349e-007,-0.875667
-2.54099e-007,-0.875667
-2.53849e-007,-0.874
-2.53599e-007,-0.874
-2.53349e-007,-0.875667
-2.53099e-007,-0.875667
-2.52849e-007,-0.874
-2.52599e-007,-0.874
-2.52349e-007,-0.875667
-2.52099e-007,-0.875667
-2.51849e-007,-0.874
-2.51599e-007,-0.874
-2.51349e-007,-0.875667
-2.51099e-007,-0.875667
-2.50849e-007,-0.874
-2.50599e-007,-0.874
-2.50349e-007,-0.875667
-2.50099e-007,-0.875667
-2.49849e-007,-0.874
-2.49599e-007,-0.874
-2.49349e-007,-0.875667
-2.49099e-007,-0.875667
-2.48849e-007,-0.874
-2.48599e-007,-0.874
-2.48349e-007,-0.874
-2.48099e-007,-0.875667
-2.47849e-007,-0.874
-2.47599e-007,-0.874
-2.47349e-007,-0.875667
-2.47099e-007,-0.875667
-2.46849e-007,-0.874
-2.46599e-007,-0.874
-2.46349e-007,-0.875667
-2.46099e-007,-0.875667
-2.45849e-007,-0.874
-2.45599e-007,-0.874
-2.45349e-007,-0.875667
-2.45099e-007,-0.875667
-2.44849e-007,-0.874
-2.44599e-007,-0.874
-2.44349e-007,-0.875667
-2.44099e-007,-0.875667
-2.43849e-007,-0.874
-2.43599e-007,-0.874
-2.43349e-007,-0.875667
-2.43099e-007,-0.875667
-2.42849e-007,-0.874
-2.42599e-007,-0.874
-2.42349e-007,-0.875667
-2.42099e-007,-0.875667
-2.41849e-007,-0.874
-2.41599e-007,-0.874
-2.41349e-007,-0.875667
-2.41099e-007,-0.875667
-2.40849e-007,-0.874
-2.40599e-007,-0.874
-2.40349e-007,-0.875667
-2.40099e-007,-0.875667
-2.39849e-007,-0.874
-2.39599e-007,-0.874
-2.39349e-007,-0.875667
-2.39099e-007,-0.875667
-2.38849e-007,-0.874
-2.38599e-007,-0.874
-2.38349e-007,-0.875667
-2.38099e-007,-0.875667
-2.37849e-007,-0.874
-2.37599e-007,-0.874
-2.37349e-007,-0.875667
-2.37099e-007,-0.875667
-2.36849e-007,-0.874
-2.36599e-007,-0.874
-2.36349e-007,-0.875667
-2.36099e-007,-0.875667
-2.35849e-007,-0.874
-2.35599e-007,-0.874
-2.35349e-007,-0.875667
-2.35099e-007,-0.875667
-2.34849e-007,-0.874
-2.34599e-007,-0.874
-2.34349e-007,-0.875667
-2.34099e-007,-0.875667
-2.33849e-007,-0.874
-2.33599e-007,-0.874
-2.33349e-007,-0.875667
-2.33099e-007,-0.875667
-2.32849e-007,-0.874
-2.32599e-007,-0.874
-2.32349e-007,-0.875667
-2.32099e-007,-0.875667
-2.31849e-007,-0.874
-2.31599e-007,-0.874
-2.31349e-007,-0.875667
-2.31099e-007,-0.875667
-2.30849e-007,-0.874
-2.30599e-007,-0.874
-2.30349e-007,-0.875667
-2.30099e-007,-0.875667
-2.29849e-007,-0.874
-2.29599e-007,-0.874
-2.29349e-007,-0.875667
-2.29099e-007,-0.875667
-2.28849e-007,-0.874
-2.28599e-007,-0.874
-2.28349e-007,-0.875667
-2.28099e-007,-0.875667
-2.27849e-007,-0.874
-2.27599e-007,-0.874
-2.27349e-007,-0.875667
-2.27099e-007,-0.875667
-2.26849e-007,-0.874
-2.26599e-007,-0.874
-2.26349e-007,-0.875667
-2.26099e-007,-0.875667
-2.25849e-007,-0.874
-2.25599e-007,-0.874
-2.25349e-007,-0.875667
-2.25099e-007,-0.875667
-2.24849e-007,-0.875667
-2.24599e-007,-0.874
-2.24349e-007,-0.875667
-2.24099e-007,-0.875667
-2.23849e-007,-0.875667
-2.23599e-007,-0.874
-2.23349e-007,-0.875667
-2.23099e-007,-0.875667
-2.22849e-007,-0.874
-2.22599e-007,-0.874
-2.22349e-007,-0.875667
-2.22099e-007,-0.875667
-2.21849e-007,-0.874
-2.21599e-007,-0.874
-2.21349e-007,-0.875667
-2.21099e-007,-0.875667
-2.20849e-007,-0.874
-2.20599e-007,-0.874
-2.20349e-007,-0.875667
-2.20099e-007,-0.875667
-2.19849e-007,-0.874
-2.19599e-007,-0.874
-2.19349e-007,-0.875667
-2.19099e-007,-0.875667
-2.18849e-007,-0.874
-2.18599e-007,-0.874
-2.18349e-007,-0.875667
-2.18099e-007,-0.875667
-2.17849e-007,-0.874
-2.17599e-007,-0.874
-2.17349e-007,-0.875667
-2.17099e-007,-0.875667
-2.16849e-007,-0.874
-2.16599e-007,-0.874
-2.16349e-007,-0.875667
-2.16099e-007,-0.875667
-2.15849e-007,-0.874
-2.15599e-007,-0.874
-2.15349e-007,-0.875667
-2.15099e-007,-0.875667
-2.14849e-007,-0.874
-2.14599e-007,-0.874
-2.14349e-007,-0.875667
-2.14099e-007,-0.875667
-2.13849e-007,-0.874
-2.13599e-007,-0.874
-2.13349e-007,-0.875667
-2.13099e-007,-0.875667
-2.12849e-007,-0.874
-2.12599e-007,-0.874
-2.12349e-007,-0.875667
-2.12099e-007,-0.875667
-2.11849e-007,-0.874
-2.11599e-007,-0.874
-2.11349e-007,-0.875667
-2.11099e-007,-0.875667
-2.10849e-007,-0.874
-2.10599e-007,-0.874
-2.10349e-007,-0.875667
-2.10099e-007,-0.875667
-2.09849e-007,-0.874
-2.09599e-007,-0.874
-2.09349e-007,-0.875667
-2.09099e-007,-0.875667
-2.08849e-007,-0.874
-2.08599e-007,-0.874
-2.08349e-007,-0.875667
-2.08099e-007,-0.875667
-2.07849e-007,-0.874
-2.07599e-007,-0.874
-2.07349e-007,-0.875667
-2.07099e-007,-0.875667
-2.06849e-007,-0.875667
-2.06599e-007,-0.874
-2.06349e-007,-0.875667
-2.06099e-007,-0.875667
-2.05849e-007,-0.875667
-2.05599e-007,-0.874
-2.05349e-007,-0.875667
-2.05099e-007,-0.875667
-2.04849e-007,-0.875667
-2.04599e-007,-0.874
-2.04349e-007,-0.875667
-2.04099e-007,-0.875667
-2.03849e-007,-0.875667
-2.03599e-007,-0.874
-2.03349e-007,-0.875667
-2.03099e-007,-0.875667
-2.02849e-007,-0.875667
-2.02599e-007,-0.874
-2.02349e-007,-0.875667
-2.02099e-007,-0.875667
-2.01849e-007,-0.875667
-2.01599e-007,-0.874
-2.01349e-007,-0.875667
-2.01099e-007,-0.875667
-2.00849e-007,-0.875667
-2.00599e-007,-0.874
-2.00349e-007,-0.874
-2.00099e-007,-0.875667
-1.99849e-007,-0.875667
-1.99599e-007,-0.874
-1.99349e-007,-0.874
-1.99099e-007,-0.875667
-1.98849e-007,-0.875667
-1.98599e-007,-0.874
-1.98349e-007,-0.875667
-1.98099e-007,-0.875667
-1.97849e-007,-0.875667
-1.97599e-007,-0.874
-1.97349e-007,-0.875667
-1.97099e-007,-0.875667
-1.96849e-007,-0.875667
-1.96599e-007,-0.874
-1.96349e-007,-0.875667
-1.96099e-007,-0.875667
-1.95849e-007,-0.875667
-1.95599e-007,-0.874
-1.95349e-007,-0.875667
-1.95099e-007,-0.875667
-1.94849e-007,-0.875667
-1.94599e-007,-0.874
-1.94349e-007,-0.875667
-1.94099e-007,-0.875667
-1.93849e-007,-0.875667
-1.93599e-007,-0.874
-1.93349e-007,-0.875667
-1.93099e-007,-0.875667
-1.92849e-007,-0.874
-1.92599e-007,-0.874
-1.92349e-007,-0.875667
-1.92099e-007,-0.875667
-1.91849e-007,-0.874
-1.91599e-007,-0.874
-1.91349e-007,-0.875667
-1.91099e-007,-0.875667
-1.90849e-007,-0.874
-1.90599e-007,-0.874
-1.90349e-007,-0.875667
-1.90099e-007,-0.875667
-1.89849e-007,-0.874
-1.89599e-007,-0.874
-1.89349e-007,-0.875667
-1.89099e-007,-0.875667
-1.88849e-007,-0.874
-1.88599e-007,-0.874
-1.88349e-007,-0.875667
-1.88099e-007,-0.875667
-1.87849e-007,-0.874
-1.87599e-007,-0.874
-1.87349e-007,-0.875667
-1.87099e-007,-0.875667
-1.86849e-007,-0.874
-1.86599e-007,-0.874
-1.86349e-007,-0.875667
-1.86099e-007,-0.875667
-1.85849e-007,-0.874
-1.85599e-007,-0.874
-1.85349e-007,-0.875667
-1.85099e-007,-0.875667
-1.84849e-007,-0.874
-1.84599e-007,-0.874
-1.84349e-007,-0.875667
-1.84099e-007,-0.875667
-1.83849e-007,-0.874
-1.83599e-007,-0.874
-1.83349e-007,-0.875667
-1.83099e-007,-0.875667
-1.82849e-007,-0.874
-1.82599e-007,-0.874
-1.82349e-007,-0.875667
-1.82099e-007,-0.875667
-1.81849e-007,-0.874
-1.81599e-007,-0.874
-1.81349e-007,-0.875667
-1.81099e-007,-0.875667
-1.80849e-007,-0.874
-1.80599e-007,-0.874
-1.80349e-007,-0.875667
-1.80099e-007,-0.875667
-1.79849e-007,-0.874
-1.79599e-007,-0.874
-1.79349e-007,-0.875667
-1.79099e-007,-0.875667
-1.78849e-007,-0.874
-1.78599e-007,-0.874
-1.78349e-007,-0.875667
-1.78099e-007,-0.875667
-1.77849e-007,-0.874
-1.77599e-007,-0.874
-1.77349e-007,-0.875667
-1.77099e-007,-0.875667
-1.76849e-007,-0.874
-1.76599e-007,-0.874
-1.76349e-007,-0.875667
-1.76099e-007,-0.875667
-1.75849e-007,-0.874
-1.75599e-007,-0.874
-1.75349e-007,-0.875667
-1.75099e-007,-0.875667
-1.74849e-007,-0.874
-1.74599e-007,-0.874
-1.74349e-007,-0.875667
-1.74099e-007,-0.875667
-1.73849e-007,-0.875667
-1.73599e-007,-0.874
-1.73349e-007,-0.875667
-1.73099e-007,-0.875667
-1.72849e-007,-0.874
-1.72599e-007,-0.874
-1.72349e-007,-0.875667
-1.72099e-007,-0.875667
-1.71849e-007,-0.874
-1.71599e-007,-0.874
-1.71349e-007,-0.875667
-1.71099e-007,-0.875667
-1.70849e-007,-0.874
-1.70599e-007,-0.874
-1.70349e-007,-0.875667
-1.70099e-007,-0.875667
-1.69849e-007,-0.874
-1.69599e-007,-0.874
-1.69349e-007,-0.875667
-1.69099e-007,-0.875667
-1.68849e-007,-0.874
-1.68599e-007,-0.874
-1.68349e-007,-0.875667
-1.68099e-007,-0.875667
-1.67849e-007,-0.874
-1.67599e-007,-0.874
-1.67349e-007,-0.875667
-1.67099e-007,-0.875667
-1.66849e-007,-0.874
-1.66599e-007,-0.874
-1.66349e-007,-0.875667
-1.66099e-007,-0.874
-1.65849e-007,-0.874
-1.65599e-007,-0.874
-1.65349e-007,-0.875667
-1.65099e-007,-0.875667
-1.64849e-007,-0.874
-1.64599e-007,-0.874
-1.64349e-007,-0.875667
-1.64099e-007,-0.875667
-1.63849e-007,-0.874
-1.63599e-007,-0.874
-1.63349e-007,-0.875667
-1.63099e-007,-0.875667
-1.62849e-007,-0.874
-1.62599e-007,-0.874
-1.62349e-007,-0.875667
-1.62099e-007,-0.875667
-1.61849e-007,-0.874
-1.61599e-007,-0.874
-1.61349e-007,-0.875667
-1.61099e-007,-0.875667
-1.60849e-007,-0.874
-1.60599e-007,-0.874
-1.60349e-007,-0.875667
-1.60099e-007,-0.875667
-1.59849e-007,-0.874
-1.59599e-007,-0.874
-1.59349e-007,-0.875667
-1.59099e-007,-0.875667
-1.58849e-007,-0.874
-1.58599e-007,-0.874
-1.58349e-007,-0.875667
-1.58099e-007,-0.875667
-1.57849e-007,-0.874
-1.57599e-007,-0.874
-1.57349e-007,-0.875667
-1.57099e-007,-0.875667
-1.56849e-007,-0.874
-1.56599e-007,-0.874
-1.56349e-007,-0.875667
-1.56099e-007,-0.875667
-1.55849e-007,-0.874
-1.55599e-007,-0.874
-1.55349e-007,-0.875667
-1.55099e-007,-0.875667
-1.54849e-007,-0.874
-1.54599e-007,-0.874
-1.54349e-007,-0.875667
-1.54099e-007,-0.875667
-1.53849e-007,-0.874
-1.53599e-007,-0.874
-1.53349e-007,-0.875667
-1.53099e-007,-0.875667
-1.52849e-007,-0.874
-1.52599e-007,-0.874
-1.52349e-007,-0.875667
-1.52099e-007,-0.875667
-1.51849e-007,-0.874
-1.51599e-007,-0.874
-1.51349e-007,-0.875667
-1.51099e-007,-0.875667
-1.50849e-007,-0.874
-1.50599e-007,-0.874
-1.50349e-007,-0.874
-1.50099e-007,-0.875667
-1.49849e-007,-0.874
-1.49599e-007,-0.874
-1.49349e-007,-0.874
-1.49099e-007,-0.875667
-1.48849e-007,-0.874
-1.48599e-007,-0.874
-1.48349e-007,-0.874
-1.48099e-007,-0.875667
-1.47849e-007,-0.874
-1.47599e-007,-0.874
-1.47349e-007,-0.874
-1.47099e-007,-0.875667
-1.46849e-007,-0.874
-1.46599e-007,-0.874
-1.46349e-007,-0.874
-1.46099e-007,-0.875667
-1.45849e-007,-0.874
-1.45599e-007,-0.874
-1.45349e-007,-0.874
-1.45099e-007,-0.875667
-1.44849e-007,-0.875667
-1.44599e-007,-0.874
-1.44349e-007,-0.874
-1.44099e-007,-0.875667
-1.43849e-007,-0.875667
-1.43599e-007,-0.874
-1.43349e-007,-0.874
-1.43099e-007,-0.875667
-1.42849e-007,-0.875667
-1.42599e-007,-0.874
-1.42349e-007,-0.875667
-1.42099e-007,-0.875667
-1.41849e-007,-0.875667
-1.41599e-007,-0.874
-1.41349e-007,-0.875667
-1.41099e-007,-0.875667
-1.40849e-007,-0.875667
-1.40599e-007,-0.874
-1.40349e-007,-0.875667
-1.40099e-007,-0.875667
-1.39849e-007,-0.874
-1.39599e-007,-0.874
-1.39349e-007,-0.875667
-1.39099e-007,-0.875667
-1.38849e-007,-0.874
-1.38599e-007,-0.874
-1.38349e-007,-0.875667
-1.38099e-007,-0.875667
-1.37849e-007,-0.874
-1.37599e-007,-0.874
-1.37349e-007,-0.875667
-1.37099e-007,-0.875667
-1.36849e-007,-0.874
-1.36599e-007,-0.874
-1.36349e-007,-0.875667
-1.36099e-007,-0.875667
-1.35849e-007,-0.874
-1.35599e-007,-0.874
-1.35349e-007,-0.875667
-1.35099e-007,-0.875667
-1.34849e-007,-0.874
-1.34599e-007,-0.874
-1.34349e-007,-0.875667
-1.34099e-007,-0.875667
-1.33849e-007,-0.874
-1.33599e-007,-0.874
-1.33349e-007,-0.875667
-1.33099e-007,-0.875667
-1.32849e-007,-0.874
-1.32599e-007,-0.874
-1.32349e-007,-0.875667
-1.32099e-007,-0.875667
-1.31849e-007,-0.874
-1.31599e-007,-0.874
-1.31349e-007,-0.875667
-1.31099e-007,-0.875667
-1.30849e-007,-0.874
-1.30599e-007,-0.874
-1.30349e-007,-0.874
-1.30099e-007,-0.875667
-1.29849e-007,-0.874
-1.29599e-007,-0.874
-1.29349e-007,-0.874
-1.29099e-007,-0.875667
-1.28849e-007,-0.874
-1.28599e-007,-0.874
-1.28349e-007,-0.874
-1.28099e-007,-0.875667
-1.27849e-007,-0.874
-1.27599e-007,-0.874
-1.27349e-007,-0.875667
-1.27099e-007,-0.875667
-1.26849e-007,-0.874
-1.26599e-007,-0.874
-1.26349e-007,-0.875667
-1.26099e-007,-0.875667
-1.25849e-007,-0.874
-1.25599e-007,-0.874
-1.25349e-007,-0.875667
-1.25099e-007,-0.875667
-1.24849e-007,-0.874
-1.24599e-007,-0.874
-1.24349e-007,-0.875667
-1.24099e-007,-0.875667
-1.23849e-007,-0.874
-1.23599e-007,-0.874
-1.23349e-007,-0.875667
-1.23099e-007,-0.875667
-1.22849e-007,-0.874
-1.22599e-007,-0.874
-1.22349e-007,-0.875667
-1.22099e-007,-0.875667
-1.21849e-007,-0.874
-1.21599e-007,-0.874
-1.21349e-007,-0.875667
-1.21099e-007,-0.875667
-1.20849e-007,-0.874
-1.20599e-007,-0.874
-1.20349e-007,-0.875667
-1.20099e-007,-0.875667
-1.19849e-007,-0.874
-1.19599e-007,-0.874
-1.19349e-007,-0.875667
-1.19099e-007,-0.875667
-1.18849e-007,-0.875667
-1.18599e-007,-0.874
-1.18349e-007,-0.875667
-1.18099e-007,-0.875667
-1.17849e-007,-0.874
-1.17599e-007,-0.874
-1.17349e-007,-0.875667
-1.17099e-007,-0.875667
-1.16849e-007,-0.874
-1.16599e-007,-0.874
-1.16349e-007,-0.875667
-1.16099e-007,-0.875667
-1.15849e-007,-0.874
-1.15599e-007,-0.874
-1.15349e-007,-0.874
-1.15099e-007,-0.875667
-1.14849e-007,-0.874
-1.14599e-007,-0.874
-1.14349e-007,-0.874
-1.14099e-007,-0.875667
-1.13849e-007,-0.874
-1.13599e-007,-0.874
-1.13349e-007,-0.874
-1.13099e-007,-0.875667
-1.12849e-007,-0.874
-1.12599e-007,-0.874
-1.12349e-007,-0.874
-1.12099e-007,-0.875667
-1.11849e-007,-0.874
-1.11599e-007,-0.874
-1.11349e-007,-0.874
-1.11099e-007,-0.875667
-1.10849e-007,-0.874
-1.10599e-007,-0.874
-1.10349e-007,-0.874
-1.10099e-007,-0.875667
-1.09849e-007,-0.874
-1.09599e-007,-0.874
-1.09349e-007,-0.874
-1.09099e-007,-0.875667
-1.08849e-007,-0.874
-1.08599e-007,-0.874
-1.08349e-007,-0.875667
-1.08099e-007,-0.875667
-1.07849e-007,-0.874
-1.07599e-007,-0.874
-1.07349e-007,-0.875667
-1.07099e-007,-0.875667
-1.06849e-007,-0.874
-1.06599e-007,-0.874
-1.06349e-007,-0.874
-1.06099e-007,-0.875667
-1.05849e-007,-0.874
-1.05599e-007,-0.874
-1.05349e-007,-0.874
-1.05099e-007,-0.875667
-1.04849e-007,-0.874
-1.04599e-007,-0.874
-1.04349e-007,-0.874
-1.04099e-007,-0.875667
-1.03849e-007,-0.874
-1.03599e-007,-0.874
-1.03349e-007,-0.874
-1.03099e-007,-0.875667
-1.02849e-007,-0.874
-1.02599e-007,-0.874
-1.02349e-007,-0.874
-1.02099e-007,-0.875667
-1.01849e-007,-0.874
-1.01599e-007,-0.874
-1.01349e-007,-0.874
-1.01099e-007,-0.875667
-1.00849e-007,-0.874
-1.00599e-007,-0.874
-1.00349e-007,-0.875667
-1.00099e-007,-0.875667
-9.9849e-008,-0.875667
-9.9599e-008,-0.874
-9.9349e-008,-0.875667
-9.9099e-008,-0.875667
-9.8849e-008,-0.875667
-9.8599e-008,-0.874
-9.8349e-008,-0.875667
-9.8099e-008,-0.875667
-9.7849e-008,-0.874
-9.7599e-008,-0.874
-9.7349e-008,-0.875667
-9.7099e-008,-0.875667
-9.6849e-008,-0.874
-9.6599e-008,-0.874
-9.6349e-008,-0.875667
-9.6099e-008,-0.875667
-9.5849e-008,-0.874
-9.5599e-008,-0.874
-9.5349e-008,-0.875667
-9.5099e-008,-0.875667
-9.4849e-008,-0.874
-9.4599e-008,-0.874
-9.4349e-008,-0.874
-9.4099e-008,-0.875667
-9.3849e-008,-0.874
-9.3599e-008,-0.874
-9.3349e-008,-0.874
-9.3099e-008,-0.875667
-9.2849e-008,-0.874
-9.2599e-008,-0.874
-9.2349e-008,-0.874
-9.2099e-008,-0.875667
-9.1849e-008,-0.874
-9.1599e-008,-0.874
-9.1349e-008,-0.874
-9.1099e-008,-0.875667
-9.0849e-008,-0.874
-9.0599e-008,-0.874
-9.0349e-008,-0.874
-9.0099e-008,-0.875667
-8.9849e-008,-0.874
-8.9599e-008,-0.874
-8.9349e-008,-0.875667
-8.9099e-008,-0.875667
-8.8849e-008,-0.874
-8.8599e-008,-0.874
-8.8349e-008,-0.875667
-8.8099e-008,-0.875667
-8.7849e-008,-0.874
-8.7599e-008,-0.874
-8.7349e-008,-0.875667
-8.7099e-008,-0.875667
-8.6849e-008,-0.874
-8.6599e-008,-0.874
-8.6349e-008,-0.875667
-8.6099e-008,-0.875667
-8.5849e-008,-0.874
-8.5599e-008,-0.874
-8.5349e-008,-0.875667
-8.5099e-008,-0.875667
-8.4849e-008,-0.874
-8.4599e-008,-0.874
-8.4349e-008,-0.875667
-8.4099e-008,-0.875667
-8.3849e-008,-0.874
-8.3599e-008,-0.874
-8.3349e-008,-0.875667
-8.3099e-008,-0.875667
-8.2849e-008,-0.874
-8.2599e-008,-0.874
-8.2349e-008,-0.875667
-8.2099e-008,-0.875667
-8.1849e-008,-0.874
-8.1599e-008,-0.874
-8.1349e-008,-0.875667
-8.1099e-008,-0.875667
-8.0849e-008,-0.874
-8.0599e-008,-0.874
-8.0349e-008,-0.875667
-8.0099e-008,-0.875667
-7.9849e-008,-0.874
-7.9599e-008,-0.874
-7.9349e-008,-0.874
-7.9099e-008,-0.875667
-7.8849e-008,-0.874
-7.8599e-008,-0.874
-7.8349e-008,-0.875667
-7.8099e-008,-0.875667
-7.7849e-008,-0.874
-7.7599e-008,-0.874
-7.7349e-008,-0.875667
-7.7099e-008,-0.875667
-7.6849e-008,-0.874
-7.6599e-008,-0.874
-7.6349e-008,-0.875667
-7.6099e-008,-0.875667
-7.5849e-008,-0.874
-7.5599e-008,-0.874
-7.5349e-008,-0.875667
-7.5099e-008,-0.875667
-7.4849e-008,-0.874
-7.4599e-008,-0.874
-7.4349e-008,-0.875667
-7.4099e-008,-0.875667
-7.3849e-008,-0.874
-7.3599e-008,-0.874
-7.3349e-008,-0.875667
-7.3099e-008,-0.875667
-7.2849e-008,-0.874
-7.2599e-008,-0.874
-7.2349e-008,-0.875667
-7.2099e-008,-0.875667
-7.1849e-008,-0.874
-7.1599e-008,-0.874
-7.1349e-008,-0.875667
-7.1099e-008,-0.875667
-7.0849e-008,-0.874
-7.0599e-008,-0.874
-7.0349e-008,-0.875667
-7.0099e-008,-0.875667
-6.9849e-008,-0.874
-6.9599e-008,-0.874
-6.9349e-008,-0.875667
-6.9099e-008,-0.875667
-6.8849e-008,-0.874
-6.8599e-008,-0.874
-6.8349e-008,-0.874
-6.8099e-008,-0.875667
-6.7849e-008,-0.874
-6.7599e-008,-0.874
-6.7349e-008,-0.874
-6.7099e-008,-0.875667
-6.6849e-008,-0.874
-6.6599e-008,-0.874
-6.6349e-008,-0.874
-6.6099e-008,-0.875667
-6.5849e-008,-0.875667
-6.5599e-008,-0.874
-6.5349e-008,-0.875667
-6.5099e-008,-0.875667
-6.4849e-008,-0.875667
-6.4599e-008,-0.874
-6.4349e-008,-0.875667
-6.4099e-008,-0.875667
-6.3849e-008,-0.875667
-6.3599e-008,-0.874
-6.3349e-008,-0.875667
-6.3099e-008,-0.875667
-6.2849e-008,-0.875667
-6.2599e-008,-0.874
-6.2349e-008,-0.875667
-6.2099e-008,-0.875667
-6.1849e-008,-0.874
-6.1599e-008,-0.874
-6.1349e-008,-0.874
-6.1099e-008,-0.875667
-6.0849e-008,-0.874
-6.0599e-008,-0.874
-6.0349e-008,-0.874
-6.0099e-008,-0.875667
-5.9849e-008,-0.874
-5.9599e-008,-0.874
-5.9349e-008,-0.875667
-5.9099e-008,-0.875667
-5.8849e-008,-0.874
-5.8599e-008,-0.874
-5.8349e-008,-0.875667
-5.8099e-008,-0.875667
-5.7849e-008,-0.874
-5.7599e-008,-0.874
-5.7349e-008,-0.875667
-5.7099e-008,-0.875667
-5.6849e-008,-0.874
-5.6599e-008,-0.874
-5.6349e-008,-0.875667
-5.6099e-008,-0.875667
-5.5849e-008,-0.874
-5.5599e-008,-0.874
-5.5349e-008,-0.875667
-5.5099e-008,-0.875667
-5.4849e-008,-0.874
-5.4599e-008,-0.874
-5.4349e-008,-0.875667
-5.4099e-008,-0.875667
-5.3849e-008,-0.874
-5.3599e-008,-0.874
-5.3349e-008,-0.875667
-5.3099e-008,-0.875667
-5.2849e-008,-0.874
-5.2599e-008,-0.874
-5.2349e-008,-0.875667
-5.2099e-008,-0.875667
-5.1849e-008,-0.874
-5.1599e-008,-0.874
-5.1349e-008,-0.875667
-5.1099e-008,-0.875667
-5.0849e-008,-0.874
-5.0599e-008,-0.874
-5.0349e-008,-0.875667
-5.0099e-008,-0.875667
-4.9849e-008,-0.874
-4.9599e-008,-0.874
-4.9349e-008,-0.875667
-4.9099e-008,-0.875667
-4.8849e-008,-0.874
-4.8599e-008,-0.874
-4.8349e-008,-0.874
-4.8099e-008,-0.875667
-4.7849e-008,-0.874
-4.7599e-008,-0.874
-4.7349e-008,-0.874
-4.7099e-008,-0.875667
-4.6849e-008,-0.874
-4.6599e-008,-0.874
-4.6349e-008,-0.874
-4.6099e-008,-0.875667
-4.5849e-008,-0.874
-4.5599e-008,-0.874
-4.5349e-008,-0.874
-4.5099e-008,-0.875667
-4.4849e-008,-0.874
-4.4599e-008,-0.874
-4.4349e-008,-0.875667
-4.4099e-008,-0.875667
-4.3849e-008,-0.874
-4.3599e-008,-0.874
-4.3349e-008,-0.875667
-4.3099e-008,-0.875667
-4.2849e-008,-0.874
-4.2599e-008,-0.874
-4.2349e-008,-0.875667
-4.2099e-008,-0.875667
-4.1849e-008,-0.874
-4.1599e-008,-0.874
-4.1349e-008,-0.875667
-4.1099e-008,-0.875667
-4.0849e-008,-0.874
-4.0599e-008,-0.874
-4.0349e-008,-0.875667
-4.0099e-008,-0.875667
-3.9849e-008,-0.874
-3.9599e-008,-0.874
-3.9349e-008,-0.875667
-3.9099e-008,-0.875667
-3.8849e-008,-0.874
-3.8599e-008,-0.874
-3.8349e-008,-0.874
-3.8099e-008,-0.874
-3.7849e-008,-0.874
-3.7599e-008,-0.874
-3.7349e-008,-0.874
-3.7099e-008,-0.874
-3.6849e-008,-0.874
-3.6599e-008,-0.874
-3.6349e-008,-0.875667
-3.6099e-008,-0.875667
-3.5849e-008,-0.874
-3.5599e-008,-0.874
-3.5349e-008,-0.875667
-3.5099e-008,-0.875667
-3.4849e-008,-0.874
-3.4599e-008,-0.874
-3.4349e-008,-0.874
-3.4099e-008,-0.875667
-3.3849e-008,-0.874
-3.3599e-008,-0.874
-3.3349e-008,-0.875667
-3.3099e-008,-0.875667
-3.2849e-008,-0.874
-3.2599e-008,-0.874
-3.2349e-008,-0.875667
-3.2099e-008,-0.875667
-3.1849e-008,-0.874
-3.1599e-008,-0.874
-3.1349e-008,-0.875667
-3.1099e-008,-0.875667
-3.0849e-008,-0.874
-3.0599e-008,-0.874
-3.0349e-008,-0.875667
-3.0099e-008,-0.875667
-2.9849e-008,-0.874
-2.9599e-008,-0.874
-2.9349e-008,-0.875667
-2.9099e-008,-0.875667
-2.8849e-008,-0.874
-2.8599e-008,-0.874
-2.8349e-008,-0.875667
-2.8099e-008,-0.875667
-2.7849e-008,-0.874
-2.7599e-008,-0.874
-2.7349e-008,-0.875667
-2.7099e-008,-0.874
-2.6849e-008,-0.874
-2.6599e-008,-0.874
-2.6349e-008,-0.875667
-2.6099e-008,-0.875667
-2.5849e-008,-0.874
-2.5599e-008,-0.874
-2.5349e-008,-0.874
-2.5099e-008,-0.875667
-2.4849e-008,-0.874
-2.4599e-008,-0.874
-2.4349e-008,-0.874
-2.4099e-008,-0.875667
-2.3849e-008,-0.874
-2.3599e-008,-0.874
-2.3349e-008,-0.874
-2.3099e-008,-0.875667
-2.2849e-008,-0.874
-2.2599e-008,-0.874
-2.2349e-008,-0.875667
-2.2099e-008,-0.875667
-2.1849e-008,-0.874
-2.1599e-008,-0.874
-2.1349e-008,-0.875667
-2.1099e-008,-0.875667
-2.0849e-008,-0.874
-2.0599e-008,-0.874
-2.0349e-008,-0.875667
-2.0099e-008,-0.875667
-1.9849e-008,-0.874
-1.9599e-008,-0.874
-1.9349e-008,-0.875667
-1.9099e-008,-0.875667
-1.8849e-008,-0.874
-1.8599e-008,-0.874
-1.8349e-008,-0.875667
-1.8099e-008,-0.875667
-1.7849e-008,-0.874
-1.7599e-008,-0.874
-1.7349e-008,-0.875667
-1.7099e-008,-0.875667
-1.6849e-008,-0.874
-1.6599e-008,-0.874
-1.6349e-008,-0.875667
-1.6099e-008,-0.875667
-1.5849e-008,-0.874
-1.5599e-008,-0.874
-1.5349e-008,-0.875667
-1.5099e-008,-0.875667
-1.4849e-008,-0.874
-1.4599e-008,-0.874
-1.4349e-008,-0.875667
-1.4099e-008,-0.874
-1.3849e-008,-0.874
-1.3599e-008,-0.874
-1.3349e-008,-0.875667
-1.3099e-008,-0.874
-1.2849e-008,-0.874
-1.2599e-008,-0.874
-1.2349e-008,-0.874
-1.2099e-008,-0.874
-1.1849e-008,-0.874
-1.1599e-008,-0.874
-1.1349e-008,-0.874
-1.1099e-008,-0.875667
-1.0849e-008,-0.874
-1.0599e-008,-0.874
-1.0349e-008,-0.875667
-1.0099e-008,-0.875667
-9.849e-009,-0.874
-9.599e-009,-0.874
-9.349e-009,-0.875667
-9.099e-009,-0.875667
-8.849e-009,-0.874
-8.599e-009,-0.874
-8.349e-009,-0.875667
-8.099e-009,-0.875667
-7.849e-009,-0.874
-7.599e-009,-0.874
-7.349e-009,-0.875667
-7.099e-009,-0.875667
-6.849e-009,-0.874
-6.599e-009,-0.874
-6.349e-009,-0.875667
-6.099e-009,-0.875667
-5.849e-009,-0.874
-5.599e-009,-0.874
-5.349e-009,-0.875667
-5.099e-009,-0.875667
-4.849e-009,-0.874
-4.599e-009,-0.874
-4.349e-009,-0.875667
-4.099e-009,-0.875667
-3.849e-009,-0.874
-3.599e-009,-0.874
-3.349e-009,-0.875667
-3.099e-009,-0.875667
-2.849e-009,-0.875667
-2.599e-009,-0.875667
-2.349e-009,-0.877333
-2.099e-009,-0.877333
-1.849e-009,-0.875667
-1.599e-009,-0.874
-1.349e-009,-0.870667
-1.099e-009,-0.860667
-8.4899999e-010,-0.844
-5.9899999e-010,-0.815667
-3.4899999e-010,-0.772333
-9.8999992e-011,-0.709
1.5100001e-010,-0.617333
4.0100001e-010,-0.504
6.5100001e-010,-0.487333
9.0100001e-010,-0.487333
1.151e-009,-0.487333
1.401e-009,-0.487333
1.651e-009,-0.487333
1.901e-009,-0.487333
2.151e-009,-0.487333
2.401e-009,-0.487333
2.651e-009,-0.487333
2.901e-009,-0.487333
3.151e-009,-0.487333
3.401e-009,-0.487333
3.651e-009,-0.487333
3.901e-009,-0.487333
4.151e-009,-0.487333
4.401e-009,-0.487333
4.651e-009,-0.487333
4.901e-009,-0.487333
5.151e-009,-0.487333
5.401e-009,-0.487333
5.651e-009,-0.487333
5.901e-009,-0.487333
6.151e-009,-0.487333
6.401e-009,-0.487333
6.651e-009,-0.487333
6.901e-009,-0.487333
7.151e-009,-0.487333
7.401e-009,-0.487333
7.651e-009,-0.487333
7.901e-009,-0.487333
8.151e-009,-0.487333
8.401e-009,-0.487333
8.651e-009,-0.487333
8.901e-009,-0.487333
9.151e-009,-0.487333
9.401e-009,-0.487333
9.651e-009,-0.487333
9.901e-009,-0.487333
1.0151e-008,-0.487333
1.0401e-008,-0.487333
1.0651e-008,-0.487333
1.0901e-008,-0.487333
1.1151e-008,-0.487333
1.1401e-008,-0.487333
1.1651e-008,-0.487333
1.1901e-008,-0.487333
1.2151e-008,-0.487333
1.2401e-008,-0.487333
1.2651e-008,-0.487333
1.2901e-008,-0.487333
1.3151e-008,-0.487333
1.3401e-008,-0.487333
1.3651e-008,-0.487333
1.3901e-008,-0.487333
1.4151e-008,-0.487333
1.4401e-008,-0.487333
1.4651e-008,-0.487333
1.4901e-008,-0.487333
1.5151e-008,-0.487333
1.5401e-008,-0.487333
1.5651e-008,-0.487333
1.5901e-008,-0.487333
1.6151e-008,-0.487333
1.6401e-008,-0.487333
1.6651e-008,-0.487333
1.6901e-008,-0.487333
1.7151e-008,-0.487333
1.7401e-008,-0.487333
1.7651e-008,-0.487333
1.7901e-008,-0.487333
1.8151e-008,-0.487333
1.8401e-008,-0.487333
1.8651e-008,-0.487333
1.8901e-008,-0.487333
1.9151e-008,-0.487333
1.9401e-008,-0.487333
1.9651e-008,-0.487333
1.9901e-008,-0.487333
2.0151e-008,-0.487333
2.0401e-008,-0.487333
2.0651e-008,-0.487333
2.0901e-008,-0.487333
2.1151e-008,-0.487333
2.1401e-008,-0.487333
2.1651e-008,-0.487333
2.1901e-008,-0.487333
2.2151e-008,-0.487333
2.2401e-008,-0.487333
2.2651e-008,-0.487333
2.2901e-008,-0.487333
2.3151e-008,-0.487333
2.3401e-008,-0.487333
2.3651e-008,-0.487333
2.3901e-008,-0.487333
2.4151e-008,-0.487333
2.4401e-008,-0.487333
2.4651e-008,-0.487333
2.4901e-008,-0.487333
2.5151e-008,-0.487333
2.5401e-008,-0.487333
2.5651e-008,-0.487333
2.5901e-008,-0.487333
2.6151e-008,-0.487333
2.6401e-008,-0.487333
2.6651e-008,-0.487333
2.6901e-008,-0.487333
2.7151e-008,-0.487333
2.7401e-008,-0.487333
2.7651e-008,-0.487333
2.7901e-008,-0.487333
2.8151e-008,-0.487333
2.8401e-008,-0.487333
2.8651e-008,-0.487333
2.8901e-008,-0.487333
2.9151e-008,-0.487333
2.9401e-008,-0.487333
2.9651e-008,-0.487333
2.9901e-008,-0.487333
3.0151e-008,-0.487333
3.0401e-008,-0.487333
3.0651e-008,-0.487333
3.0901e-008,-0.487333
3.1151e-008,-0.487333
3.1401e-008,-0.487333
3.1651e-008,-0.487333
3.1901e-008,-0.487333
3.2151e-008,-0.487333
3.2401e-008,-0.487333
3.2651e-008,-0.487333
3.2901e-008,-0.487333
3.3151e-008,-0.487333
3.3401e-008,-0.487333
3.3651e-008,-0.487333
3.3901e-008,-0.487333
3.4151e-008,-0.487333
3.4401e-008,-0.487333
3.4651e-008,-0.487333
3.4901e-008,-0.487333
3.5151e-008,-0.487333
3.5401e-008,-0.487333
3.5651e-008,-0.487333
3.5901e-008,-0.487333
3.6151e-008,-0.487333
3.6401e-008,-0.487333
3.6651e-008,-0.487333
3.6901e-008,-0.487333
3.7151e-008,-0.487333
3.7401e-008,-0.487333
3.7651e-008,-0.487333
3.7901e-008,-0.487333
3.8151e-008,-0.487333
3.8401e-008,-0.487333
3.8651e-008,-0.487333
3.8901e-008,-0.487333
3.9151e-008,-0.487333
3.9401e-008,-0.487333
3.9651e-008,-0.487333
3.9901e-008,-0.487333
4.0151e-008,-0.487333
4.0401e-008,-0.487333
4.0651e-008,-0.487333
4.0901e-008,-0.487333
4.1151e-008,-0.487333
4.1401e-008,-0.487333
4.1651e-008,-0.487333
4.1901e-008,-0.487333
4.2151e-008,-0.487333
4.2401e-008,-0.487333
4.2651e-008,-0.487333
4.2901e-008,-0.487333
4.3151e-008,-0.487333
4.3401e-008,-0.487333
4.3651e-008,-0.487333
4.3901e-008,-0.487333
4.4151e-008,-0.487333
4.4401e-008,-0.487333
4.4651e-008,-0.487333
4.4901e-008,-0.487333
4.5151e-008,-0.487333
4.5401e-008,-0.487333
4.5651e-008,-0.487333
4.5901e-008,-0.487333
4.6151e-008,-0.487333
4.6401e-008,-0.487333
4.6651e-008,-0.487333
4.6901e-008,-0.487333
4.7151e-008,-0.487333
4.7401e-008,-0.487333
4.7651e-008,-0.487333
4.7901e-008,-0.487333
4.8151e-008,-0.487333
4.8401e-008,-0.487333
4.8651e-008,-0.487333
4.8901e-008,-0.487333
4.9151e-008,-0.487333
4.9401e-008,-0.487333
4.9651e-008,-0.487333
4.9901e-008,-0.487333
5.0151e-008,-0.487333
5.0401e-008,-0.487333
5.0651e-008,-0.487333
5.0901e-008,-0.487333
5.1151e-008,-0.487333
5.1401e-008,-0.487333
5.1651e-008,-0.487333
5.1901e-008,-0.487333
5.2151e-008,-0.487333
5.2401e-008,-0.487333
5.2651e-008,-0.487333
5.2901e-008,-0.487333
5.3151e-008,-0.487333
5.3401e-008,-0.487333
5.3651e-008,-0.487333
5.3901e-008,-0.487333
5.4151e-008,-0.487333
5.4401e-008,-0.487333
5.4651e-008,-0.487333
5.4901e-008,-0.487333
5.5151e-008,-0.487333
5.5401e-008,-0.487333
5.5651e-008,-0.487333
5.5901e-008,-0.487333
5.6151e-008,-0.487333
5.6401e-008,-0.487333
5.6651e-008,-0.487333
5.6901e-008,-0.487333
5.7151e-008,-0.487333
5.7401e-008,-0.487333
5.7651e-008,-0.487333
5.7901e-008,-0.487333
5.8151e-008,-0.487333
5.8401e-008,-0.487333
5.8651e-008,-0.487333
5.8901e-008,-0.487333
5.9151e-008,-0.487333
5.9401e-008,-0.487333
5.9651e-008,-0.487333
5.9901e-008,-0.487333
6.0151e-008,-0.487333
6.0401e-008,-0.487333
6.0651e-008,-0.487333
6.0901e-008,-0.487333
6.1151e-008,-0.487333
6.1401e-008,-0.487333
6.1651e-008,-0.487333
6.1901e-008,-0.487333
6.2151e-008,-0.487333
6.2401e-008,-0.487333
6.2651e-008,-0.487333
6.2901e-008,-0.487333
6.3151e-008,-0.487333
6.3401e-008,-0.487333
6.3651e-008,-0.487333
6.3901e-008,-0.487333
6.4151e-008,-0.487333
6.4401e-008,-0.487333
6.4651e-008,-0.487333
6.4901e-008,-0.487333
6.5151e-008,-0.552333
6.5401e-008,-0.682333
6.5651e-008,-0.799
6.5901e-008,-0.889
6.6151e-008,-0.912333
6.6401e-008,-0.912333
6.6651e-008,-0.912333
6.6901e-008,-0.890667
6.7151e-008,-0.862333
6.7401e-008,-0.854
6.7651e-008,-0.860667
6.7901e-008,-0.872333
6.8151e-008,-0.879
6.8401e-008,-0.879
6.8651e-008,-0.875667
6.8901e-008,-0.874
6.9151e-008,-0.872333
6.9401e-008,-0.872333
6.9651e-008,-0.870667
6.9901e-008,-0.870667
7.0151e-008,-0.869
7.0401e-008,-0.869
7.0651e-008,-0.867333
7.0901e-008,-0.865667
7.1151e-008,-0.864
7.1401e-008,-0.869
7.1651e-008,-0.874
7.1901e-008,-0.877333
7.2151e-008,-0.879
7.2401e-008,-0.877333
7.2651e-008,-0.877333
7.2901e-008,-0.879
7.3151e-008,-0.879
7.3401e-008,-0.879
7.3651e-008,-0.880667
7.3901e-008,-0.882333
7.4151e-008,-0.882333
7.4401e-008,-0.882333
7.4651e-008,-0.880667
7.4901e-008,-0.879
7.5151e-008,-0.879
7.5401e-008,-0.880667
7.5651e-008,-0.880667
7.5901e-008,-0.880667
7.6151e-008,-0.879
7.6401e-008,-0.879
7.6651e-008,-0.877333
7.6901e-008,-0.877333
7.7151e-008,-0.874
7.7401e-008,-0.874
7.7651e-008,-0.875667
7.7901e-008,-0.877333
7.8151e-008,-0.879
7.8401e-008,-0.879
7.8651e-008,-0.880667
7.8901e-008,-0.882333
7.9151e-008,-0.882333
7.9401e-008,-0.882333
7.9651e-008,-0.885667
7.9901e-008,-0.885667
8.0151e-008,-0.882333
8.0401e-008,-0.875667
8.0651e-008,-0.862333
8.0901e-008,-0.842333
8.1151e-008,-0.814
8.1401e-008,-0.787333
8.1651e-008,-0.759
8.1901e-008,-0.734
8.2151e-008,-0.717333
8.2401e-008,-0.712333
8.2651e-008,-0.719
8.2901e-008,-0.740667
8.3151e-008,-0.772333
8.3401e-008,-0.815667
8.3651e-008,-0.852333
8.3901e-008,-0.882333
8.4151e-008,-0.895667
8.4401e-008,-0.900667
8.4651e-008,-0.894
8.4901e-008,-0.884
8.5151e-008,-0.875667
8.5401e-008,-0.869
8.5651e-008,-0.869
8.5901e-008,-0.870667
8.6151e-008,-0.872333
8.6401e-008,-0.874
8.6651e-008,-0.875667
8.6901e-008,-0.875667
8.7151e-008,-0.874
8.7401e-008,-0.874
8.7651e-008,-0.875667
8.7901e-008,-0.874
8.8151e-008,-0.872333
8.8401e-008,-0.870667
8.8651e-008,-0.870667
8.8901e-008,-0.869
8.9151e-008,-0.867333
8.9401e-008,-0.867333
8.9651e-008,-0.869
8.9901e-008,-0.870667
9.0151e-008,-0.870667
9.0401e-008,-0.870667
9.0651e-008,-0.870667
9.0901e-008,-0.870667
9.1151e-008,-0.870667
9.1401e-008,-0.870667
9.1651e-008,-0.872333
9.1901e-008,-0.874
9.2151e-008,-0.874
9.2401e-008,-0.874
9.2651e-008,-0.874
9.2901e-008,-0.874
9.3151e-008,-0.874
9.3401e-008,-0.874
9.3651e-008,-0.875667
9.3901e-008,-0.875667
9.4151e-008,-0.874
9.4401e-008,-0.874
9.4651e-008,-0.874
9.4901e-008,-0.872333
9.5151e-008,-0.869
9.5401e-008,-0.869
9.5651e-008,-0.869
9.5901e-008,-0.869
9.6151e-008,-0.869
9.6401e-008,-0.869
9.6651e-008,-0.869
9.6901e-008,-0.870667
9.7151e-008,-0.875667
9.7401e-008,-0.880667
9.7651e-008,-0.887333
9.7901e-008,-0.895667
9.8151e-008,-0.902333
9.8401e-008,-0.905667
9.8651e-008,-0.907333
9.8901e-008,-0.905667
9.9151e-008,-0.899
9.9401e-008,-0.887333
9.9651e-008,-0.874
9.9901e-008,-0.859
1.00151e-007,-0.844
1.00401e-007,-0.834
1.00651e-007,-0.830667
1.00901e-007,-0.832333
1.01151e-007,-0.840667
1.01401e-007,-0.850667
1.01651e-007,-0.864
1.01901e-007,-0.874
1.02151e-007,-0.879
1.02401e-007,-0.880667
1.02651e-007,-0.880667
1.02901e-007,-0.877333
1.03151e-007,-0.875667
1.03401e-007,-0.872333
1.03651e-007,-0.870667
1.03901e-007,-0.870667
1.04151e-007,-0.872333
1.04401e-007,-0.872333
1.04651e-007,-0.874
1.04901e-007,-0.874
1.05151e-007,-0.874
1.05401e-007,-0.874
1.05651e-007,-0.875667
1.05901e-007,-0.875667
1.06151e-007,-0.875667
1.06401e-007,-0.874
1.06651e-007,-0.874
1.06901e-007,-0.872333
1.07151e-007,-0.872333
1.07401e-007,-0.872333
1.07651e-007,-0.874
1.07901e-007,-0.872333
1.08151e-007,-0.872333
1.08401e-007,-0.872333
1.08651e-007,-0.874
1.08901e-007,-0.872333
1.09151e-007,-0.872333
1.09401e-007,-0.872333
1.09651e-007,-0.872333
1.09901e-007,-0.872333
1.10151e-007,-0.872333
1.10401e-007,-0.872333
1.10651e-007,-0.872333
1.10901e-007,-0.874
1.11151e-007,-0.872333
1.11401e-007,-0.872333
1.11651e-007,-0.874
1.11901e-007,-0.875667
1.12151e-007,-0.875667
1.12401e-007,-0.874
1.12651e-007,-0.875667
1.12901e-007,-0.875667
1.13151e-007,-0.874
1.13401e-007,-0.872333
1.13651e-007,-0.872333
1.13901e-007,-0.870667
1.14151e-007,-0.869
1.14401e-007,-0.867333
1.14651e-007,-0.865667
1.14901e-007,-0.865667
1.15151e-007,-0.864
1.15401e-007,-0.865667
1.15651e-007,-0.869
1.15901e-007,-0.875667
1.16151e-007,-0.879
1.16401e-007,-0.884
1.16651e-007,-0.887333
1.16901e-007,-0.890667
1.17151e-007,-0.889
1.17401e-007,-0.887333
1.17651e-007,-0.882333
1.17901e-007,-0.877333
1.18151e-007,-0.870667
1.18401e-007,-0.864
1.18651e-007,-0.862333
1.18901e-007,-0.862333
1.19151e-007,-0.862333
1.19401e-007,-0.864
1.19651e-007,-0.869
1.19901e-007,-0.872333
1.20151e-007,-0.874
1.20401e-007,-0.874
1.20651e-007,-0.875667
1.20901e-007,-0.875667
1.21151e-007,-0.874
1.21401e-007,-0.874
1.21651e-007,-0.872333
1.21901e-007,-0.874
1.22151e-007,-0.872333
1.22401e-007,-0.872333
1.22651e-007,-0.872333
1.22901e-007,-0.874
1.23151e-007,-0.872333
1.23401e-007,-0.874
1.23651e-007,-0.875667
1.23901e-007,-0.875667
1.24151e-007,-0.874
1.24401e-007,-0.874
1.24651e-007,-0.874
1.24901e-007,-0.874
1.25151e-007,-0.874
1.25401e-007,-0.872333
1.25651e-007,-0.874
1.25901e-007,-0.874
1.26151e-007,-0.874
1.26401e-007,-0.874
1.26651e-007,-0.874
1.26901e-007,-0.874
1.27151e-007,-0.874
1.27401e-007,-0.874
1.27651e-007,-0.874
1.27901e-007,-0.874
1.28151e-007,-0.874
1.28401e-007,-0.874
1.28651e-007,-0.874
1.28901e-007,-0.874
1.29151e-007,-0.874
1.29401e-007,-0.874
1.29651e-007,-0.875667
1.29901e-007,-0.875667
1.30151e-007,-0.875667
1.30401e-007,-0.875667
1.30651e-007,-0.875667
1.30901e-007,-0.875667
1.31151e-007,-0.875667
1.31401e-007,-0.875667
1.31651e-007,-0.875667
1.31901e-007,-0.875667
1.32151e-007,-0.874
1.32401e-007,-0.872333
1.32651e-007,-0.870667
1.32901e-007,-0.869
1.33151e-007,-0.867333
1.33401e-007,-0.867333
1.33651e-007,-0.869
1.33901e-007,-0.869
1.34151e-007,-0.870667
1.34401e-007,-0.874
1.34651e-007,-0.877333
1.34901e-007,-0.880667
1.35151e-007,-0.880667
1.35401e-007,-0.879
1.35651e-007,-0.879
1.35901e-007,-0.877333
1.36151e-007,-0.875667
1.36401e-007,-0.872333
1.36651e-007,-0.870667
1.36901e-007,-0.870667
1.37151e-007,-0.869
1.37401e-007,-0.869
1.37651e-007,-0.870667
1.37901e-007,-0.872333
1.38151e-007,-0.874
1.38401e-007,-0.874
1.38651e-007,-0.875667
1.38901e-007,-0.874
1.39151e-007,-0.874
1.39401e-007,-0.872333
1.39651e-007,-0.872333
1.39901e-007,-0.874
1.40151e-007,-0.872333
1.40401e-007,-0.872333
1.40651e-007,-0.872333
1.40901e-007,-0.874
1.41151e-007,-0.872333
1.41401e-007,-0.872333
1.41651e-007,-0.874
1.41901e-007,-0.874
1.42151e-007,-0.872333
1.42401e-007,-0.872333
1.42651e-007,-0.874
1.42901e-007,-0.874
1.43151e-007,-0.872333
1.43401e-007,-0.872333
1.43651e-007,-0.874
1.43901e-007,-0.874
1.44151e-007,-0.872333
1.44401e-007,-0.872333
1.44651e-007,-0.874
1.44901e-007,-0.874
1.45151e-007,-0.872333
1.45401e-007,-0.872333
1.45651e-007,-0.874
1.45901e-007,-0.874
1.46151e-007,-0.872333
1.46401e-007,-0.872333
1.46651e-007,-0.874
1.46901e-007,-0.874
1.47151e-007,-0.872333
1.47401e-007,-0.872333
1.47651e-007,-0.874
1.47901e-007,-0.874
1.48151e-007,-0.874
1.48401e-007,-0.874
1.48651e-007,-0.874
1.48901e-007,-0.874
1.49151e-007,-0.874
1.49401e-007,-0.874
1.49651e-007,-0.875667
1.49901e-007,-0.875667
1.50151e-007,-0.874
1.50401e-007,-0.874
1.50651e-007,-0.874
1.50901e-007,-0.874
1.51151e-007,-0.870667
1.51401e-007,-0.869
1.51651e-007,-0.870667
1.51901e-007,-0.870667
1.52151e-007,-0.870667
1.52401e-007,-0.872333
1.52651e-007,-0.872333
1.52901e-007,-0.875667
1.53151e-007,-0.875667
1.53401e-007,-0.874
1.53651e-007,-0.875667
1.53901e-007,-0.875667
1.54151e-007,-0.875667
1.54401e-007,-0.874
1.54651e-007,-0.872333
1.54901e-007,-0.872333
1.55151e-007,-0.872333
1.55401e-007,-0.870667
1.55651e-007,-0.872333
1.55901e-007,-0.872333
1.56151e-007,-0.872333
1.56401e-007,-0.874
1.56651e-007,-0.872333
1.56901e-007,-0.874
1.57151e-007,-0.872333
1.57401e-007,-0.874
1.57651e-007,-0.872333
1.57901e-007,-0.874
1.58151e-007,-0.872333
1.58401e-007,-0.872333
1.58651e-007,-0.872333
1.58901e-007,-0.874
1.59151e-007,-0.872333
1.59401e-007,-0.872333
1.59651e-007,-0.872333
1.59901e-007,-0.874
1.60151e-007,-0.872333
1.60401e-007,-0.874
1.60651e-007,-0.872333
1.60901e-007,-0.874
1.61151e-007,-0.872333
1.61401e-007,-0.874
1.61651e-007,-0.872333
1.61901e-007,-0.874
1.62151e-007,-0.872333
1.62401e-007,-0.874
1.62651e-007,-0.872333
1.62901e-007,-0.874
1.63151e-007,-0.874
1.63401e-007,-0.874
1.63651e-007,-0.874
1.63901e-007,-0.874
1.64151e-007,-0.874
1.64401e-007,-0.874
1.64651e-007,-0.874
1.64901e-007,-0.874
1.65151e-007,-0.872333
1.65401e-007,-0.872333
1.65651e-007,-0.872333
1.65901e-007,-0.874
1.66151e-007,-0.872333
1.66401e-007,-0.872333
1.66651e-007,-0.872333
1.66901e-007,-0.874
1.67151e-007,-0.872333
1.67401e-007,-0.872333
1.67651e-007,-0.874
1.67901e-007,-0.875667
1.68151e-007,-0.874
1.68401e-007,-0.874
1.68651e-007,-0.874
1.68901e-007,-0.874
1.69151e-007,-0.872333
1.69401e-007,-0.872333
1.69651e-007,-0.872333
1.69901e-007,-0.872333
1.70151e-007,-0.872333
1.70401e-007,-0.872333
1.70651e-007,-0.872333
1.70901e-007,-0.874
1.71151e-007,-0.874
1.71401e-007,-0.874
1.71651e-007,-0.874
1.71901e-007,-0.875667
1.72151e-007,-0.874
1.72401e-007,-0.874
1.72651e-007,-0.872333
1.72901e-007,-0.874
1.73151e-007,-0.872333
1.73401e-007,-0.872333
1.73651e-007,-0.872333
1.73901e-007,-0.874
1.74151e-007,-0.872333
1.74401e-007,-0.872333
1.74651e-007,-0.874
1.74901e-007,-0.874
1.75151e-007,-0.874
1.75401e-007,-0.874
1.75651e-007,-0.874
1.75901e-007,-0.874
1.76151e-007,-0.874
1.76401e-007,-0.874
1.76651e-007,-0.874
1.76901e-007,-0.874
1.77151e-007,-0.872333
1.77401e-007,-0.874
1.77651e-007,-0.874
1.77901e-007,-0.874
1.78151e-007,-0.874
1.78401e-007,-0.874
1.78651e-007,-0.874
1.78901e-007,-0.874
1.79151e-007,-0.874
1.79401e-007,-0.874
1.79651e-007,-0.874
1.79901e-007,-0.874
1.80151e-007,-0.874
1.80401e-007,-0.874
1.80651e-007,-0.874
1.80901e-007,-0.874
1.81151e-007,-0.874
1.81401e-007,-0.874
1.81651e-007,-0.874
1.81901e-007,-0.874
1.82151e-007,-0.874
1.82401e-007,-0.874
1.82651e-007,-0.874
1.82901e-007,-0.874
1.83151e-007,-0.874
1.83401e-007,-0.874
1.83651e-007,-0.874
1.83901e-007,-0.874
1.84151e-007,-0.874
1.84401e-007,-0.874
1.84651e-007,-0.874
1.84901e-007,-0.874
1.85151e-007,-0.874
1.85401e-007,-0.874
1.85651e-007,-0.874
1.85901e-007,-0.875667
1.86151e-007,-0.874
1.86401e-007,-0.874
1.86651e-007,-0.874
1.86901e-007,-0.875667
1.87151e-007,-0.874
1.87401e-007,-0.874
1.87651e-007,-0.874
1.87901e-007,-0.874
1.88151e-007,-0.874
1.88401e-007,-0.872333
1.88651e-007,-0.874
1.88901e-007,-0.874
1.89151e-007,-0.874
1.89401e-007,-0.874
1.89651e-007,-0.874
1.89901e-007,-0.874
1.90151e-007,-0.874
1.90401e-007,-0.874
1.90651e-007,-0.874
1.90901e-007,-0.874
1.91151e-007,-0.874
1.91401e-007,-0.874
1.91651e-007,-0.874
1.91901e-007,-0.874
1.92151e-007,-0.872333
1.92401e-007,-0.872333
1.92651e-007,-0.874
1.92901e-007,-0.874
1.93151e-007,-0.872333
1.93401e-007,-0.872333
1.93651e-007,-0.874
1.93901e-007,-0.874
1.94151e-007,-0.872333
1.94401e-007,-0.872333
1.94651e-007,-0.874
1.94901e-007,-0.874
1.95151e-007,-0.872333
1.95401e-007,-0.872333
1.95651e-007,-0.874
1.95901e-007,-0.874
1.96151e-007,-0.872333
1.96401e-007,-0.872333
1.96651e-007,-0.874
1.96901e-007,-0.874
1.97151e-007,-0.872333
1.97401e-007,-0.872333
1.97651e-007,-0.874
1.97901e-007,-0.874
1.98151e-007,-0.872333
1.98401e-007,-0.872333
1.98651e-007,-0.874
1.98901e-007,-0.875667
1.99151e-007,-0.874
1.99401e-007,-0.874
1.99651e-007,-0.874
1.99901e-007,-0.875667
2.00151e-007,-0.874
2.00401e-007,-0.874
2.00651e-007,-0.874
2.00901e-007,-0.874
2.01151e-007,-0.874
2.01401e-007,-0.874
2.01651e-007,-0.874
2.01901e-007,-0.874
2.02151e-007,-0.874
2.02401e-007,-0.874
2.02651e-007,-0.874
2.02901e-007,-0.874
2.03151e-007,-0.874
2.03401e-007,-0.874
2.03651e-007,-0.874
2.03901e-007,-0.874
2.04151e-007,-0.874
2.04401e-007,-0.874
2.04651e-007,-0.874
2.04901e-007,-0.874
2.05151e-007,-0.874
2.05401e-007,-0.874
2.05651e-007,-0.874
2.05901e-007,-0.874
2.06151e-007,-0.874
2.06401e-007,-0.874
2.06651e-007,-0.874
2.06901e-007,-0.874
2.07151e-007,-0.874
2.07401e-007,-0.874
2.07651e-007,-0.874
2.07901e-007,-0.875667
2.08151e-007,-0.874
2.08401e-007,-0.874
2.08651e-007,-0.874
2.08901e-007,-0.874
2.09151e-007,-0.872333
2.09401e-007,-0.874
2.09651e-007,-0.874
2.09901e-007,-0.874
2.10151e-007,-0.872333
2.10401e-007,-0.874
2.10651e-007,-0.874
2.10901e-007,-0.874
2.11151e-007,-0.874
2.11401e-007,-0.874
2.11651e-007,-0.874
2.11901e-007,-0.874
2.12151e-007,-0.874
2.12401e-007,-0.874
2.12651e-007,-0.874
2.12901e-007,-0.874
2.13151e-007,-0.874
2.13401e-007,-0.874
2.13651e-007,-0.874
2.13901e-007,-0.874
2.14151e-007,-0.874
2.14401e-007,-0.874
2.14651e-007,-0.874
2.14901e-007,-0.874
2.15151e-007,-0.874
2.15401e-007,-0.874
2.15651e-007,-0.874
2.15901e-007,-0.874
2.16151e-007,-0.874
2.16401e-007,-0.874
2.16651e-007,-0.874
2.16901e-007,-0.874
2.17151e-007,-0.874
2.17401e-007,-0.874
2.17651e-007,-0.874
2.17901e-007,-0.874
2.18151e-007,-0.874
2.18401e-007,-0.874
2.18651e-007,-0.874
2.18901e-007,-0.874
2.19151e-007,-0.874
2.19401e-007,-0.874
2.19651e-007,-0.874
2.19901e-007,-0.875667
2.20151e-007,-0.874
2.20401e-007,-0.874
2.20651e-007,-0.874
2.20901e-007,-0.874
2.21151e-007,-0.874
2.21401e-007,-0.874
2.21651e-007,-0.874
2.21901e-007,-0.874
2.22151e-007,-0.874
2.22401e-007,-0.874
2.22651e-007,-0.874
2.22901e-007,-0.874
2.23151e-007,-0.874
2.23401e-007,-0.874
2.23651e-007,-0.874
2.23901e-007,-0.874
2.24151e-007,-0.874
2.24401e-007,-0.874
2.24651e-007,-0.874
2.24901e-007,-0.874
2.25151e-007,-0.874
2.25401e-007,-0.874
2.25651e-007,-0.874
2.25901e-007,-0.875667
2.26151e-007,-0.874
2.26401e-007,-0.874
2.26651e-007,-0.874
2.26901e-007,-0.875667
2.27151e-007,-0.874
2.27401e-007,-0.874
2.27651e-007,-0.874
2.27901e-007,-0.874
2.28151e-007,-0.874
2.28401e-007,-0.874
2.28651e-007,-0.874
2.28901e-007,-0.874
2.29151e-007,-0.874
2.29401e-007,-0.874
2.29651e-007,-0.874
2.29901e-007,-0.874
2.30151e-007,-0.874
2.30401e-007,-0.874
2.30651e-007,-0.874
2.30901e-007,-0.874
2.31151e-007,-0.874
2.31401e-007,-0.874
2.31651e-007,-0.874
2.31901e-007,-0.874
2.32151e-007,-0.874
2.32401e-007,-0.874
2.32651e-007,-0.874
2.32901e-007,-0.874
2.33151e-007,-0.874
2.33401e-007,-0.874
2.33651e-007,-0.874
2.33901e-007,-0.874
2.34151e-007,-0.874
2.34401e-007,-0.874
2.34651e-007,-0.874
2.34901e-007,-0.874
2.35151e-007,-0.874
2.35401e-007,-0.874
2.35651e-007,-0.875667
2.35901e-007,-0.874
2.36151e-007,-0.874
2.36401e-007,-0.874
2.36651e-007,-0.874
2.36901e-007,-0.874
2.37151e-007,-0.874
2.37401e-007,-0.874
2.37651e-007,-0.874
2.37901e-007,-0.874
2.38151e-007,-0.872333
2.38401e-007,-0.874
2.38651e-007,-0.874
2.38901e-007,-0.874
2.39151e-007,-0.872333
2.39401e-007,-0.874
2.39651e-007,-0.874
2.39901e-007,-0.874
2.40151e-007,-0.874
2.40401e-007,-0.874
2.40651e-007,-0.874
2.40901e-007,-0.874
2.41151e-007,-0.874
2.41401e-007,-0.874
2.41651e-007,-0.874
2.41901e-007,-0.874
2.42151e-007,-0.874
2.42401e-007,-0.874
2.42651e-007,-0.874
2.42901e-007,-0.874
2.43151e-007,-0.874
2.43401e-007,-0.874
2.43651e-007,-0.874
2.43901e-007,-0.875667
2.44151e-007,-0.874
2.44401e-007,-0.874
2.44651e-007,-0.874
2.44901e-007,-0.875667
2.45151e-007,-0.874
2.45401e-007,-0.874
2.45651e-007,-0.874
2.45901e-007,-0.875667
2.46151e-007,-0.874
2.46401e-007,-0.874
2.46651e-007,-0.874
2.46901e-007,-0.875667
2.47151e-007,-0.874
2.47401e-007,-0.874
2.47651e-007,-0.874
2.47901e-007,-0.875667
2.48151e-007,-0.874
2.48401e-007,-0.874
2.48651e-007,-0.875667
2.48901e-007,-0.875667
2.49151e-007,-0.874
2.49401e-007,-0.874
2.49651e-007,-0.875667
2.49901e-007,-0.875667
2.50151e-007,-0.874
2.50401e-007,-0.874
2.50651e-007,-0.874
2.50901e-007,-0.875667
2.51151e-007,-0.874
2.51401e-007,-0.874
2.51651e-007,-0.874
2.51901e-007,-0.875667
2.52151e-007,-0.874
2.52401e-007,-0.874
2.52651e-007,-0.874
2.52901e-007,-0.875667
2.53151e-007,-0.874
2.53401e-007,-0.874
2.53651e-007,-0.874
2.53901e-007,-0.875667
2.54151e-007,-0.874
2.54401e-007,-0.874
2.54651e-007,-0.875667
2.54901e-007,-0.875667
2.55151e-007,-0.874
2.55401e-007,-0.874
2.55651e-007,-0.875667
2.55901e-007,-0.875667
2.56151e-007,-0.874
2.56401e-007,-0.874
2.56651e-007,-0.875667
2.56901e-007,-0.875667
2.57151e-007,-0.874
2.57401e-007,-0.874
2.57651e-007,-0.875667
2.57901e-007,-0.875667
2.58151e-007,-0.874
2.58401e-007,-0.874
2.58651e-007,-0.874
2.58901e-007,-0.875667
2.59151e-007,-0.874
2.59401e-007,-0.874
2.59651e-007,-0.874
2.59901e-007,-0.875667
2.60151e-007,-0.874
2.60401e-007,-0.874
2.60651e-007,-0.874
2.60901e-007,-0.875667
2.61151e-007,-0.874
2.61401e-007,-0.874
2.61651e-007,-0.875667
2.61901e-007,-0.875667
2.62151e-007,-0.874
2.62401e-007,-0.874
2.62651e-007,-0.875667
2.62901e-007,-0.875667
2.63151e-007,-0.874
2.63401e-007,-0.874
2.63651e-007,-0.874
2.63901e-007,-0.875667
2.64151e-007,-0.874
2.64401e-007,-0.874
2.64651e-007,-0.874
2.64901e-007,-0.875667
2.65151e-007,-0.874
2.65401e-007,-0.874
2.65651e-007,-0.874
2.65901e-007,-0.875667
2.66151e-007,-0.874
2.66401e-007,-0.874
2.66651e-007,-0.874
2.66901e-007,-0.875667
2.67151e-007,-0.874
2.67401e-007,-0.874
2.67651e-007,-0.874
2.67901e-007,-0.875667
2.68151e-007,-0.874
2.68401e-007,-0.874
2.68651e-007,-0.874
2.68901e-007,-0.875667
2.69151e-007,-0.874
2.69401e-007,-0.874
2.69651e-007,-0.875667
2.69901e-007,-0.875667
2.70151e-007,-0.874
2.70401e-007,-0.874
2.70651e-007,-0.875667
2.70901e-007,-0.875667
2.71151e-007,-0.874
2.71401e-007,-0.874
2.71651e-007,-0.875667
2.71901e-007,-0.875667
2.72151e-007,-0.874
2.72401e-007,-0.874
2.72651e-007,-0.875667
2.72901e-007,-0.875667
2.73151e-007,-0.874
2.73401e-007,-0.874
2.73651e-007,-0.875667
2.73901e-007,-0.875667
2.74151e-007,-0.874
2.74401e-007,-0.874
2.74651e-007,-0.875667
2.74901e-007,-0.875667
2.75151e-007,-0.874
2.75401e-007,-0.874
2.75651e-007,-0.875667
2.75901e-007,-0.875667
2.76151e-007,-0.874
2.76401e-007,-0.874
2.76651e-007,-0.875667
2.76901e-007,-0.875667
2.77151e-007,-0.874
2.77401e-007,-0.874
2.77651e-007,-0.875667
2.77901e-007,-0.875667
2.78151e-007,-0.874
2.78401e-007,-0.874
2.78651e-007,-0.875667
2.78901e-007,-0.875667
2.79151e-007,-0.874
2.79401e-007,-0.874
2.79651e-007,-0.875667
2.79901e-007,-0.875667
2.80151e-007,-0.874
2.80401e-007,-0.874
2.80651e-007,-0.875667
2.80901e-007,-0.875667
2.81151e-007,-0.874
2.81401e-007,-0.874
2.81651e-007,-0.875667
2.81901e-007,-0.875667
2.82151e-007,-0.874
2.82401e-007,-0.874
2.82651e-007,-0.875667
2.82901e-007,-0.875667
2.83151e-007,-0.874
2.83401e-007,-0.874
2.83651e-007,-0.875667
2.83901e-007,-0.875667
2.84151e-007,-0.874
2.84401e-007,-0.874
2.84651e-007,-0.875667
2.84901e-007,-0.875667
2.85151e-007,-0.874
2.85401e-007,-0.874
2.85651e-007,-0.874
2.85901e-007,-0.874
2.86151e-007,-0.874
2.86401e-007,-0.874
2.86651e-007,-0.875667
2.86901e-007,-0.874
2.87151e-007,-0.874
2.87401e-007,-0.874
2.87651e-007,-0.875667
2.87901e-007,-0.875667
2.88151e-007,-0.874
2.88401e-007,-0.874
2.88651e-007,-0.875667
2.88901e-007,-0.875667
2.89151e-007,-0.874
2.89401e-007,-0.874
2.89651e-007,-0.875667
2.89901e-007,-0.875667
2.90151e-007,-0.874
2.90401e-007,-0.874
2.90651e-007,-0.875667
2.90901e-007,-0.875667
2.91151e-007,-0.874
2.91401e-007,-0.874
2.91651e-007,-0.875667
2.91901e-007,-0.875667
2.92151e-007,-0.874
2.92401e-007,-0.874
2.92651e-007,-0.874
2.92901e-007,-0.875667
2.93151e-007,-0.874
2.93401e-007,-0.874
2.93651e-007,-0.874
2.93901e-007,-0.875667
2.94151e-007,-0.874
2.94401e-007,-0.874
2.94651e-007,-0.875667
2.94901e-007,-0.875667
2.95151e-007,-0.874
2.95401e-007,-0.874
2.95651e-007,-0.875667
2.95901e-007,-0.875667
2.96151e-007,-0.874
2.96401e-007,-0.874
2.96651e-007,-0.875667
2.96901e-007,-0.875667
2.97151e-007,-0.874
2.97401e-007,-0.874
2.97651e-007,-0.875667
2.97901e-007,-0.875667
2.98151e-007,-0.874
2.98401e-007,-0.874
2.98651e-007,-0.875667
2.98901e-007,-0.875667
2.99151e-007,-0.874
2.99401e-007,-0.874
2.99651e-007,-0.875667
2.99901e-007,-0.875667
3.00151e-007,-0.874
3.00401e-007,-0.874
3.00651e-007,-0.875667
3.00901e-007,-0.875667
3.01151e-007,-0.874
3.01401e-007,-0.874
3.01651e-007,-0.875667
3.01901e-007,-0.875667
3.02151e-007,-0.874
3.02401e-007,-0.874
3.02651e-007,-0.875667
3.02901e-007,-0.875667
3.03151e-007,-0.874
3.03401e-007,-0.874
3.03651e-007,-0.875667
3.03901e-007,-0.875667
3.04151e-007,-0.874
3.04401e-007,-0.874
3.04651e-007,-0.875667
3.04901e-007,-0.875667
3.05151e-007,-0.874
3.05401e-007,-0.874
3.05651e-007,-0.875667
3.05901e-007,-0.875667
3.06151e-007,-0.874
3.06401e-007,-0.874
3.06651e-007,-0.875667
3.06901e-007,-0.875667
3.07151e-007,-0.874
3.07401e-007,-0.874
3.07651e-007,-0.875667
3.07901e-007,-0.875667
3.08151e-007,-0.874
3.08401e-007,-0.874
3.08651e-007,-0.875667
3.08901e-007,-0.875667
3.09151e-007,-0.874
3.09401e-007,-0.874
3.09651e-007,-0.875667
3.09901e-007,-0.875667
3.10151e-007,-0.874
3.10401e-007,-0.874
3.10651e-007,-0.875667
3.10901e-007,-0.875667
3.11151e-007,-0.874
3.11401e-007,-0.874
3.11651e-007,-0.875667
3.11901e-007,-0.875667
3.12151e-007,-0.874
3.12401e-007,-0.874
3.12651e-007,-0.874
3.12901e-007,-0.875667
3.13151e-007,-0.874
3.13401e-007,-0.874
3.13651e-007,-0.874
3.13901e-007,-0.875667
3.14151e-007,-0.874
3.14401e-007,-0.874
3.14651e-007,-0.874
3.14901e-007,-0.875667
3.15151e-007,-0.874
3.15401e-007,-0.874
3.15651e-007,-0.875667
3.15901e-007,-0.875667
3.16151e-007,-0.874
3.16401e-007,-0.874
3.16651e-007,-0.875667
3.16901e-007,-0.875667
3.17151e-007,-0.874
3.17401e-007,-0.874
3.17651e-007,-0.875667
3.17901e-007,-0.875667
3.18151e-007,-0.874
3.18401e-007,-0.874
3.18651e-007,-0.875667
3.18901e-007,-0.875667
3.19151e-007,-0.874
3.19401e-007,-0.874
3.19651e-007,-0.875667
3.19901e-007,-0.875667
3.20151e-007,-0.874
3.20401e-007,-0.874
3.20651e-007,-0.875667
3.20901e-007,-0.875667
3.21151e-007,-0.874
3.21401e-007,-0.874
3.21651e-007,-0.875667
3.21901e-007,-0.875667
3.22151e-007,-0.874
3.22401e-007,-0.874
3.22651e-007,-0.875667
3.22901e-007,-0.875667
3.23151e-007,-0.874
3.23401e-007,-0.874
3.23651e-007,-0.875667
3.23901e-007,-0.875667
3.24151e-007,-0.874
3.24401e-007,-0.874
3.24651e-007,-0.875667
3.24901e-007,-0.875667
3.25151e-007,-0.874
3.25401e-007,-0.874
3.25651e-007,-0.875667
3.25901e-007,-0.875667
3.26151e-007,-0.874
3.26401e-007,-0.874
3.26651e-007,-0.875667
3.26901e-007,-0.874
3.27151e-007,-0.874
3.27401e-007,-0.874
3.27651e-007,-0.875667
3.27901e-007,-0.875667
3.28151e-007,-0.874
3.28401e-007,-0.874
3.28651e-007,-0.875667
3.28901e-007,-0.875667
3.29151e-007,-0.874
3.29401e-007,-0.874
3.29651e-007,-0.874
3.29901e-007,-0.875667
3.30151e-007,-0.874
3.30401e-007,-0.874
3.30651e-007,-0.874
3.30901e-007,-0.875667
3.31151e-007,-0.874
3.31401e-007,-0.874
3.31651e-007,-0.874
3.31901e-007,-0.875667
3.32151e-007,-0.874
3.32401e-007,-0.874
3.32651e-007,-0.874
3.32901e-007,-0.875667
3.33151e-007,-0.874
3.33401e-007,-0.874
3.33651e-007,-0.874
3.33901e-007,-0.875667
3.34151e-007,-0.874
3.34401e-007,-0.874
3.34651e-007,-0.874
3.34901e-007,-0.875667
3.35151e-007,-0.874
3.35401e-007,-0.874
3.35651e-007,-0.874
3.35901e-007,-0.875667
3.36151e-007,-0.874
3.36401e-007,-0.874
3.36651e-007,-0.874
3.36901e-007,-0.875667
3.37151e-007,-0.874
3.37401e-007,-0.874
3.37651e-007,-0.875667
3.37901e-007,-0.875667
3.38151e-007,-0.874
3.38401e-007,-0.874
3.38651e-007,-0.875667
3.38901e-007,-0.875667
3.39151e-007,-0.874
3.39401e-007,-0.874
3.39651e-007,-0.875667
3.39901e-007,-0.875667
3.40151e-007,-0.874
3.40401e-007,-0.874
3.40651e-007,-0.875667
3.40901e-007,-0.875667
3.41151e-007,-0.874
3.41401e-007,-0.874
3.41651e-007,-0.875667
3.41901e-007,-0.875667
3.42151e-007,-0.874
3.42401e-007,-0.874
3.42651e-007,-0.875667
3.42901e-007,-0.875667
3.43151e-007,-0.874
3.43401e-007,-0.874
3.43651e-007,-0.874
3.43901e-007,-0.874
3.44151e-007,-0.874
3.44401e-007,-0.874
3.44651e-007,-0.874
3.44901e-007,-0.874
3.45151e-007,-0.874
3.45401e-007,-0.874
3.45651e-007,-0.874
3.45901e-007,-0.874
3.46151e-007,-0.874
3.46401e-007,-0.874
3.46651e-007,-0.874
3.46901e-007,-0.875667
3.47151e-007,-0.874
3.47401e-007,-0.874
3.47651e-007,-0.874
3.47901e-007,-0.875667
3.48151e-007,-0.874
3.48401e-007,-0.874
3.48651e-007,-0.875667
3.48901e-007,-0.875667
3.49151e-007,-0.874
3.49401e-007,-0.874
3.49651e-007,-0.875667
3.49901e-007,-0.875667
3.50151e-007,-0.874
3.50401e-007,-0.874
3.50651e-007,-0.875667
3.50901e-007,-0.875667
3.51151e-007,-0.874
3.51401e-007,-0.874
3.51651e-007,-0.875667
3.51901e-007,-0.875667
3.52151e-007,-0.874
3.52401e-007,-0.874
3.52651e-007,-0.875667
3.52901e-007,-0.875667
3.53151e-007,-0.874
3.53401e-007,-0.874
3.53651e-007,-0.875667
3.53901e-007,-0.875667
3.54151e-007,-0.874
3.54401e-007,-0.874
3.54651e-007,-0.875667
3.54901e-007,-0.875667
3.55151e-007,-0.874
3.55401e-007,-0.874
3.55651e-007,-0.875667
3.55901e-007,-0.875667
3.56151e-007,-0.874
3.56401e-007,-0.874
3.56651e-007,-0.875667
3.56901e-007,-0.875667
3.57151e-007,-0.874
3.57401e-007,-0.874
3.57651e-007,-0.875667
3.57901e-007,-0.875667
3.58151e-007,-0.874
3.58401e-007,-0.874
3.58651e-007,-0.875667
3.58901e-007,-0.875667
3.59151e-007,-0.874
3.59401e-007,-0.874
3.59651e-007,-0.875667
3.59901e-007,-0.875667
3.60151e-007,-0.874
3.60401e-007,-0.874
3.60651e-007,-0.875667
3.60901e-007,-0.875667
3.61151e-007,-0.874
3.61401e-007,-0.874
3.61651e-007,-0.875667
3.61901e-007,-0.875667
3.62151e-007,-0.874
3.62401e-007,-0.874
3.62651e-007,-0.875667
3.62901e-007,-0.875667
3.63151e-007,-0.875667
3.63401e-007,-0.874
3.63651e-007,-0.875667
3.63901e-007,-0.875667
3.64151e-007,-0.875667
3.64401e-007,-0.874
3.64651e-007,-0.875667
3.64901e-007,-0.875667
3.65151e-007,-0.875667
3.65401e-007,-0.874
3.65651e-007,-0.875667
3.65901e-007,-0.875667
3.66151e-007,-0.874
3.66401e-007,-0.874
3.66651e-007,-0.875667
3.66901e-007,-0.875667
3.67151e-007,-0.874
3.67401e-007,-0.874
3.67651e-007,-0.875667
3.67901e-007,-0.875667
3.68151e-007,-0.874
3.68401e-007,-0.874
3.68651e-007,-0.874
3.68901e-007,-0.875667
3.69151e-007,-0.874
3.69401e-007,-0.874
3.69651e-007,-0.875667
3.69901e-007,-0.875667
3.70151e-007,-0.874
3.70401e-007,-0.874
3.70651e-007,-0.875667
3.70901e-007,-0.875667
3.71151e-007,-0.874
3.71401e-007,-0.874
3.71651e-007,-0.875667
3.71901e-007,-0.875667
3.72151e-007,-0.874
3.72401e-007,-0.874
3.72651e-007,-0.875667
3.72901e-007,-0.875667
3.73151e-007,-0.874
3.73401e-007,-0.874
3.73651e-007,-0.875667
3.73901e-007,-0.875667
3.74151e-007,-0.874
3.74401e-007,-0.874
3.74651e-007,-0.875667
3.74901e-007,-0.875667
3.75151e-007,-0.874
3.75401e-007,-0.874
3.75651e-007,-0.875667
3.75901e-007,-0.875667
3.76151e-007,-0.874
3.76401e-007,-0.874
3.76651e-007,-0.875667
3.76901e-007,-0.875667
3.77151e-007,-0.874
3.77401e-007,-0.874
3.77651e-007,-0.875667
3.77901e-007,-0.875667
3.78151e-007,-0.874
3.78401e-007,-0.874
3.78651e-007,-0.875667
3.78901e-007,-0.875667
3.79151e-007,-0.875667
3.79401e-007,-0.874
3.79651e-007,-0.875667
3.79901e-007,-0.875667
3.80151e-007,-0.875667
3.80401e-007,-0.874
3.80651e-007,-0.875667
3.80901e-007,-0.875667
3.81151e-007,-0.875667
3.81401e-007,-0.874
3.81651e-007,-0.875667
3.81901e-007,-0.875667
3.82151e-007,-0.875667
3.82401e-007,-0.874
3.82651e-007,-0.875667
3.82901e-007,-0.875667
3.83151e-007,-0.874
3.83401e-007,-0.874
3.83651e-007,-0.875667
3.83901e-007,-0.875667
3.84151e-007,-0.874
3.84401e-007,-0.874
3.84651e-007,-0.875667
3.84901e-007,-0.875667
3.85151e-007,-0.874
3.85401e-007,-0.874
3.85651e-007,-0.875667
3.85901e-007,-0.875667
3.86151e-007,-0.874
3.86401e-007,-0.874
3.86651e-007,-0.875667
3.86901e-007,-0.875667
3.87151e-007,-0.874
3.87401e-007,-0.874
3.87651e-007,-0.874
3.87901e-007,-0.875667
3.88151e-007,-0.874
3.88401e-007,-0.874
3.88651e-007,-0.875667
3.88901e-007,-0.875667
3.89151e-007,-0.874
3.89401e-007,-0.874
3.89651e-007,-0.875667
3.89901e-007,-0.875667
3.90151e-007,-0.874
3.90401e-007,-0.874
3.90651e-007,-0.874
3.90901e-007,-0.875667
3.91151e-007,-0.874
3.91401e-007,-0.874
3.91651e-007,-0.874
3.91901e-007,-0.875667
3.92151e-007,-0.874
3.92401e-007,-0.874
3.92651e-007,-0.875667
3.92901e-007,-0.875667
3.93151e-007,-0.874
3.93401e-007,-0.874
3.93651e-007,-0.875667
3.93901e-007,-0.875667
3.94151e-007,-0.874
3.94401e-007,-0.874
3.94651e-007,-0.875667
3.94901e-007,-0.875667
3.95151e-007,-0.874
3.95401e-007,-0.874
3.95651e-007,-0.875667
3.95901e-007,-0.875667
3.96151e-007,-0.874
3.96401e-007,-0.874
3.96651e-007,-0.875667
3.96901e-007,-0.875667
3.97151e-007,-0.874
3.97401e-007,-0.874
3.97651e-007,-0.875667
3.97901e-007,-0.875667
3.98151e-007,-0.874
3.98401e-007,-0.874
3.98651e-007,-0.875667
3.98901e-007,-0.875667
3.99151e-007,-0.874
3.99401e-007,-0.874
3.99651e-007,-0.874
3.99901e-007,-0.875667
4.00151e-007,-0.874
4.00401e-007,-0.874
4.00651e-007,-0.874
4.00901e-007,-0.875667
4.01151e-007,-0.874
4.01401e-007,-0.874
4.01651e-007,-0.874
4.01901e-007,-0.875667
4.02151e-007,-0.874
4.02401e-007,-0.874
4.02651e-007,-0.875667
4.02901e-007,-0.875667
4.03151e-007,-0.874
4.03401e-007,-0.874
4.03651e-007,-0.875667
4.03901e-007,-0.875667
4.04151e-007,-0.874
4.04401e-007,-0.874
4.04651e-007,-0.875667
4.04901e-007,-0.875667
4.05151e-007,-0.874
4.05401e-007,-0.874
4.05651e-007,-0.875667
4.05901e-007,-0.875667
4.06151e-007,-0.874
4.06401e-007,-0.874
4.06651e-007,-0.875667
4.06901e-007,-0.875667
4.07151e-007,-0.874
4.07401e-007,-0.874
4.07651e-007,-0.875667
4.07901e-007,-0.875667
4.08151e-007,-0.874
4.08401e-007,-0.874
4.08651e-007,-0.875667
4.08901e-007,-0.875667
4.09151e-007,-0.874
4.09401e-007,-0.874
4.09651e-007,-0.875667
4.09901e-007,-0.875667
4.10151e-007,-0.874
4.10401e-007,-0.874
4.10651e-007,-0.875667
4.10901e-007,-0.875667
4.11151e-007,-0.874
4.11401e-007,-0.874
4.11651e-007,-0.875667
4.11901e-007,-0.875667
4.12151e-007,-0.874
4.12401e-007,-0.874
4.12651e-007,-0.874
4.12901e-007,-0.875667
4.13151e-007,-0.874
4.13401e-007,-0.874
4.13651e-007,-0.875667
4.13901e-007,-0.875667
4.14151e-007,-0.874
4.14401e-007,-0.874
4.14651e-007,-0.875667
4.14901e-007,-0.875667
4.15151e-007,-0.874
4.15401e-007,-0.874
4.15651e-007,-0.875667
4.15901e-007,-0.875667
4.16151e-007,-0.874
4.16401e-007,-0.874
4.16651e-007,-0.875667
4.16901e-007,-0.875667
4.17151e-007,-0.874
4.17401e-007,-0.874
4.17651e-007,-0.875667
4.17901e-007,-0.875667
4.18151e-007,-0.874
4.18401e-007,-0.874
4.18651e-007,-0.875667
4.18901e-007,-0.875667
4.19151e-007,-0.874
4.19401e-007,-0.874
4.19651e-007,-0.875667
4.19901e-007,-0.875667
4.20151e-007,-0.874
4.20401e-007,-0.874
4.20651e-007,-0.875667
4.20901e-007,-0.875667
4.21151e-007,-0.874
4.21401e-007,-0.874
4.21651e-007,-0.875667
4.21901e-007,-0.875667
4.22151e-007,-0.874
4.22401e-007,-0.874
4.22651e-007,-0.874
4.22901e-007,-0.875667
4.23151e-007,-0.874
4.23401e-007,-0.874
4.23651e-007,-0.875667
4.23901e-007,-0.875667
4.24151e-007,-0.874
4.24401e-007,-0.874
4.24651e-007,-0.875667
4.24901e-007,-0.875667
4.25151e-007,-0.874
4.25401e-007,-0.874
4.25651e-007,-0.875667
4.25901e-007,-0.875667
4.26151e-007,-0.874
4.26401e-007,-0.874
4.26651e-007,-0.875667
4.26901e-007,-0.875667
4.27151e-007,-0.874
4.27401e-007,-0.874
4.27651e-007,-0.875667
4.27901e-007,-0.875667
4.28151e-007,-0.874
4.28401e-007,-0.874
4.28651e-007,-0.875667
4.28901e-007,-0.875667
4.29151e-007,-0.874
4.29401e-007,-0.874
4.29651e-007,-0.875667
4.29901e-007,-0.875667
4.30151e-007,-0.874
4.30401e-007,-0.874
4.30651e-007,-0.875667
4.30901e-007,-0.875667
4.31151e-007,-0.874
4.31401e-007,-0.874
4.31651e-007,-0.875667
4.31901e-007,-0.875667
4.32151e-007,-0.874
4.32401e-007,-0.874
4.32651e-007,-0.875667
4.32901e-007,-0.875667
4.33151e-007,-0.874
4.33401e-007,-0.874
4.33651e-007,-0.875667
4.33901e-007,-0.875667
4.34151e-007,-0.874
4.34401e-007,-0.874
4.34651e-007,-0.875667
4.34901e-007,-0.875667
4.35151e-007,-0.874
4.35401e-007,-0.874
4.35651e-007,-0.875667
4.35901e-007,-0.875667
4.36151e-007,-0.874
4.36401e-007,-0.874
4.36651e-007,-0.875667
4.36901e-007,-0.875667
4.37151e-007,-0.874
4.37401e-007,-0.874
4.37651e-007,-0.875667
4.37901e-007,-0.875667
4.38151e-007,-0.874
4.38401e-007,-0.874
4.38651e-007,-0.875667
4.38901e-007,-0.875667
4.39151e-007,-0.874
4.39401e-007,-0.874
4.39651e-007,-0.875667
4.39901e-007,-0.875667
4.40151e-007,-0.874
4.40401e-007,-0.874
4.40651e-007,-0.875667
4.40901e-007,-0.875667
4.41151e-007,-0.874
4.41401e-007,-0.874
4.41651e-007,-0.875667
4.41901e-007,-0.875667
4.42151e-007,-0.874
4.42401e-007,-0.874
4.42651e-007,-0.875667
4.42901e-007,-0.875667
4.43151e-007,-0.874
4.43401e-007,-0.874
4.43651e-007,-0.875667
4.43901e-007,-0.875667
4.44151e-007,-0.874
4.44401e-007,-0.874
4.44651e-007,-0.875667
4.44901e-007,-0.875667
4.45151e-007,-0.874
4.45401e-007,-0.874
4.45651e-007,-0.874
4.45901e-007,-0.875667
4.46151e-007,-0.874
4.46401e-007,-0.874
4.46651e-007,-0.875667
4.46901e-007,-0.875667
4.47151e-007,-0.874
4.47401e-007,-0.874
4.47651e-007,-0.875667
4.47901e-007,-0.875667
4.48151e-007,-0.874
4.48401e-007,-0.874
4.48651e-007,-0.875667
4.48901e-007,-0.875667
4.49151e-007,-0.874
4.49401e-007,-0.874
4.49651e-007,-0.875667
4.49901e-007,-0.875667
4.50151e-007,-0.874
4.50401e-007,-0.874
4.50651e-007,-0.875667
4.50901e-007,-0.875667
4.51151e-007,-0.874
4.51401e-007,-0.874
4.51651e-007,-0.875667
4.51901e-007,-0.875667
4.52151e-007,-0.874
4.52401e-007,-0.874
4.52651e-007,-0.875667
4.52901e-007,-0.875667
4.53151e-007,-0.874
4.53401e-007,-0.874
4.53651e-007,-0.875667
4.53901e-007,-0.875667
4.54151e-007,-0.874
4.54401e-007,-0.874
4.54651e-007,-0.875667
4.54901e-007,-0.875667
4.55151e-007,-0.874
4.55401e-007,-0.874
4.55651e-007,-0.875667
4.55901e-007,-0.875667
4.56151e-007,-0.874
4.56401e-007,-0.874
4.56651e-007,-0.875667
4.56901e-007,-0.875667
4.57151e-007,-0.874
4.57401e-007,-0.874
4.57651e-007,-0.875667
4.57901e-007,-0.875667
4.58151e-007,-0.874
4.58401e-007,-0.874
4.58651e-007,-0.875667
4.58901e-007,-0.875667
4.59151e-007,-0.874
4.59401e-007,-0.874
4.59651e-007,-0.875667
4.59901e-007,-0.875667
4.60151e-007,-0.874
4.60401e-007,-0.874
4.60651e-007,-0.875667
4.60901e-007,-0.875667
4.61151e-007,-0.874
4.61401e-007,-0.874
4.61651e-007,-0.875667
4.61901e-007,-0.875667
4.62151e-007,-0.874
4.62401e-007,-0.874
4.62651e-007,-0.875667
4.62901e-007,-0.875667
4.63151e-007,-0.874
4.63401e-007,-0.874
4.63651e-007,-0.875667
4.63901e-007,-0.875667
4.64151e-007,-0.874
4.64401e-007,-0.874
4.64651e-007,-0.875667
4.64901e-007,-0.875667
4.65151e-007,-0.874
4.65401e-007,-0.874
4.65651e-007,-0.875667
4.65901e-007,-0.875667
4.66151e-007,-0.874
4.66401e-007,-0.874
4.66651e-007,-0.875667
4.66901e-007,-0.874
4.67151e-007,-0.874
4.67401e-007,-0.874
4.67651e-007,-0.875667
4.67901e-007,-0.874
4.68151e-007,-0.874
4.68401e-007,-0.874
4.68651e-007,-0.875667
4.68901e-007,-0.875667
4.69151e-007,-0.874
4.69401e-007,-0.874
4.69651e-007,-0.875667
4.69901e-007,-0.875667
4.70151e-007,-0.874
4.70401e-007,-0.874
4.70651e-007,-0.875667
4.70901e-007,-0.875667
4.71151e-007,-0.874
4.71401e-007,-0.874
4.71651e-007,-0.875667
4.71901e-007,-0.875667
4.72151e-007,-0.874
4.72401e-007,-0.874
4.72651e-007,-0.875667
4.72901e-007,-0.875667
4.73151e-007,-0.874
4.73401e-007,-0.874
4.73651e-007,-0.875667
4.73901e-007,-0.875667
4.74151e-007,-0.874
4.74401e-007,-0.874
4.74651e-007,-0.875667
4.74901e-007,-0.875667
4.75151e-007,-0.874
4.75401e-007,-0.874
4.75651e-007,-0.875667
4.75901e-007,-0.875667
4.76151e-007,-0.874
4.76401e-007,-0.874
4.76651e-007,-0.875667
4.76901e-007,-0.875667
4.77151e-007,-0.874
4.77401e-007,-0.874
4.77651e-007,-0.875667
4.77901e-007,-0.875667
4.78151e-007,-0.874
4.78401e-007,-0.874
4.78651e-007,-0.875667
4.78901e-007,-0.875667
4.79151e-007,-0.874
4.79401e-007,-0.874
4.79651e-007,-0.875667
4.79901e-007,-0.875667
4.80151e-007,-0.874
4.80401e-007,-0.874
4.80651e-007,-0.875667
4.80901e-007,-0.875667
4.81151e-007,-0.874
4.81401e-007,-0.874
4.81651e-007,-0.875667
4.81901e-007,-0.875667
4.82151e-007,-0.874
4.82401e-007,-0.874
4.82651e-007,-0.875667
4.82901e-007,-0.875667
4.83151e-007,-0.875667
4.83401e-007,-0.874
4.83651e-007,-0.875667
4.83901e-007,-0.875667
4.84151e-007,-0.875667
4.84401e-007,-0.874
4.84651e-007,-0.875667
4.84901e-007,-0.875667
4.85151e-007,-0.875667
4.85401e-007,-0.874
4.85651e-007,-0.875667
4.85901e-007,-0.875667
4.86151e-007,-0.875667
4.86401e-007,-0.874
4.86651e-007,-0.875667
4.86901e-007,-0.875667
4.87151e-007,-0.874
4.87401e-007,-0.874
4.87651e-007,-0.875667
4.87901e-007,-0.875667
4.88151e-007,-0.874
4.88401e-007,-0.874
4.88651e-007,-0.875667
4.88901e-007,-0.875667
4.89151e-007,-0.874
4.89401e-007,-0.874
4.89651e-007,-0.875667
4.89901e-007,-0.875667
4.90151e-007,-0.874
4.90401e-007,-0.874
4.90651e-007,-0.875667
4.90901e-007,-0.875667
4.91151e-007,-0.874
4.91401e-007,-0.874
4.91651e-007,-0.875667
4.91901e-007,-0.875667
4.92151e-007,-0.874
4.92401e-007,-0.874
4.92651e-007,-0.875667
4.92901e-007,-0.875667
4.93151e-007,-0.874
4.93401e-007,-0.874
4.93651e-007,-0.875667
4.93901e-007,-0.875667
4.94151e-007,-0.874
4.94401e-007,-0.874
4.94651e-007,-0.875667
4.94901e-007,-0.875667
4.95151e-007,-0.874
4.95401e-007,-0.874
4.95651e-007,-0.875667
4.95901e-007,-0.875667
4.96151e-007,-0.874
4.96401e-007,-0.874
4.96651e-007,-0.875667
4.96901e-007,-0.875667
4.97151e-007,-0.874
4.97401e-007,-0.874
4.97651e-007,-0.875667
4.97901e-007,-0.875667
4.98151e-007,-0.874
4.98401e-007,-0.874
4.98651e-007,-0.875667
4.98901e-007,-0.875667
4.99151e-007,-0.875667
4.99401e-007,-0.874
4.99651e-007,-0.875667
4.99901e-007,-0.875667
5.00151e-007,-0.875667
5.00401e-007,-0.874
5.00651e-007,-0.875667
5.00901e-007,-0.875667
5.01151e-007,-0.875667
5.01401e-007,-0.874
5.01651e-007,-0.875667
5.01901e-007,-0.875667
5.02151e-007,-0.875667
5.02401e-007,-0.874
5.02651e-007,-0.875667
5.02901e-007,-0.875667
5.03151e-007,-0.874
5.03401e-007,-0.874
5.03651e-007,-0.875667
5.03901e-007,-0.875667
5.04151e-007,-0.874
5.04401e-007,-0.874
5.04651e-007,-0.875667
5.04901e-007,-0.875667
5.05151e-007,-0.874
5.05401e-007,-0.874
5.05651e-007,-0.875667
5.05901e-007,-0.875667
5.06151e-007,-0.874
5.06401e-007,-0.874
5.06651e-007,-0.875667
5.06901e-007,-0.875667
5.07151e-007,-0.874
5.07401e-007,-0.874
5.07651e-007,-0.875667
5.07901e-007,-0.875667
5.08151e-007,-0.874
5.08401e-007,-0.874
5.08651e-007,-0.875667
5.08901e-007,-0.875667
5.09151e-007,-0.874
5.09401e-007,-0.874
5.09651e-007,-0.875667
5.09901e-007,-0.875667
5.10151e-007,-0.874
5.10401e-007,-0.874
5.10651e-007,-0.875667
5.10901e-007,-0.875667
5.11151e-007,-0.874
5.11401e-007,-0.874
5.11651e-007,-0.875667
5.11901e-007,-0.875667
5.12151e-007,-0.874
5.12401e-007,-0.874
5.12651e-007,-0.875667
5.12901e-007,-0.875667
5.13151e-007,-0.874
5.13401e-007,-0.874
5.13651e-007,-0.875667
5.13901e-007,-0.875667
5.14151e-007,-0.874
5.14401e-007,-0.874
5.14651e-007,-0.875667
5.14901e-007,-0.875667
5.15151e-007,-0.874
5.15401e-007,-0.874
5.15651e-007,-0.875667
5.15901e-007,-0.875667
5.16151e-007,-0.874
5.16401e-007,-0.874
5.16651e-007,-0.875667
5.16901e-007,-0.875667
5.17151e-007,-0.874
5.17401e-007,-0.874
5.17651e-007,-0.875667
5.17901e-007,-0.875667
5.18151e-007,-0.874
5.18401e-007,-0.874
5.18651e-007,-0.875667
5.18901e-007,-0.875667
5.19151e-007,-0.874
5.19401e-007,-0.874
5.19651e-007,-0.875667
5.19901e-007,-0.875667
5.20151e-007,-0.874
5.20401e-007,-0.874
5.20651e-007,-0.875667
5.20901e-007,-0.875667
5.21151e-007,-0.874
5.21401e-007,-0.874
5.21651e-007,-0.875667
5.21901e-007,-0.875667
5.22151e-007,-0.874
5.22401e-007,-0.874
5.22651e-007,-0.875667
5.22901e-007,-0.875667
5.23151e-007,-0.875667
5.23401e-007,-0.874
5.23651e-007,-0.875667
5.23901e-007,-0.875667
5.24151e-007,-0.875667
5.24401e-007,-0.874
5.24651e-007,-0.875667
5.24901e-007,-0.875667
5.25151e-007,-0.875667
5.25401e-007,-0.874
5.25651e-007,-0.875667
5.25901e-007,-0.875667
5.26151e-007,-0.875667
5.26401e-007,-0.874
5.26651e-007,-0.875667
5.26901e-007,-0.875667
5.27151e-007,-0.875667
5.27401e-007,-0.874
5.27651e-007,-0.875667
5.27901e-007,-0.875667
5.28151e-007,-0.875667
5.28401e-007,-0.874
5.28651e-007,-0.875667
5.28901e-007,-0.875667
5.29151e-007,-0.875667
5.29401e-007,-0.874
5.29651e-007,-0.875667
5.29901e-007,-0.875667
5.30151e-007,-0.875667
5.30401e-007,-0.874
5.30651e-007,-0.875667
5.30901e-007,-0.875667
5.31151e-007,-0.875667
5.31401e-007,-0.874
5.31651e-007,-0.875667
5.31901e-007,-0.875667
5.32151e-007,-0.874
5.32401e-007,-0.874
5.32651e-007,-0.875667
5.32901e-007,-0.875667
5.33151e-007,-0.874
5.33401e-007,-0.874
5.33651e-007,-0.875667
5.33901e-007,-0.875667
5.34151e-007,-0.874
5.34401e-007,-0.874
5.34651e-007,-0.875667
5.34901e-007,-0.875667
5.35151e-007,-0.874
5.35401e-007,-0.874
5.35651e-007,-0.875667
5.35901e-007,-0.875667
5.36151e-007,-0.874
5.36401e-007,-0.874
5.36651e-007,-0.875667
5.36901e-007,-0.875667
5.37151e-007,-0.874
5.37401e-007,-0.874
5.37651e-007,-0.875667
5.37901e-007,-0.875667
5.38151e-007,-0.874
5.38401e-007,-0.874
5.38651e-007,-0.875667
5.38901e-007,-0.875667
5.39151e-007,-0.874
5.39401e-007,-0.874
5.39651e-007,-0.875667
5.39901e-007,-0.875667
5.40151e-007,-0.874
5.40401e-007,-0.874
5.40651e-007,-0.875667
5.40901e-007,-0.875667
5.41151e-007,-0.874
5.41401e-007,-0.874
5.41651e-007,-0.875667
5.41901e-007,-0.875667
5.42151e-007,-0.874
5.42401e-007,-0.874
5.42651e-007,-0.875667
5.42901e-007,-0.875667
5.43151e-007,-0.874
5.43401e-007,-0.874
5.43651e-007,-0.875667
5.43901e-007,-0.875667
5.44151e-007,-0.874
5.44401e-007,-0.874
5.44651e-007,-0.875667
5.44901e-007,-0.875667
5.45151e-007,-0.874
5.45401e-007,-0.874
5.45651e-007,-0.875667
5.45901e-007,-0.875667
5.46151e-007,-0.874
5.46401e-007,-0.874
5.46651e-007,-0.874
5.46901e-007,-0.875667
5.47151e-007,-0.874
5.47401e-007,-0.874
5.47651e-007,-0.874
5.47901e-007,-0.875667
5.48151e-007,-0.874
5.48401e-007,-0.874
5.48651e-007,-0.874
5.48901e-007,-0.875667
5.49151e-007,-0.874
5.49401e-007,-0.874
5.49651e-007,-0.874
5.49901e-007,-0.875667
5.50151e-007,-0.874
5.50401e-007,-0.874
5.50651e-007,-0.874
5.50901e-007,-0.875667
5.51151e-007,-0.874
5.51401e-007,-0.874
5.51651e-007,-0.874
5.51901e-007,-0.875667
5.52151e-007,-0.874
5.52401e-007,-0.874
5.52651e-007,-0.875667
5.52901e-007,-0.875667
5.53151e-007,-0.874
5.53401e-007,-0.874
5.53651e-007,-0.875667
5.53901e-007,-0.875667
5.54151e-007,-0.874
5.54401e-007,-0.874
5.54651e-007,-0.875667
5.54901e-007,-0.875667
5.55151e-007,-0.874
5.55401e-007,-0.874
5.55651e-007,-0.875667
5.55901e-007,-0.875667
5.56151e-007,-0.874
5.56401e-007,-0.874
5.56651e-007,-0.875667
5.56901e-007,-0.875667
5.57151e-007,-0.874
5.57401e-007,-0.874
5.57651e-007,-0.875667
5.57901e-007,-0.875667
5.58151e-007,-0.874
5.58401e-007,-0.874
5.58651e-007,-0.875667
5.58901e-007,-0.875667
5.59151e-007,-0.874
5.59401e-007,-0.874
5.59651e-007,-0.875667
5.59901e-007,-0.875667
5.60151e-007,-0.874
5.60401e-007,-0.874
5.60651e-007,-0.875667
5.60901e-007,-0.875667
5.61151e-007,-0.875667
5.61401e-007,-0.874
5.61651e-007,-0.875667
5.61901e-007,-0.875667
5.62151e-007,-0.874
5.62401e-007,-0.874
5.62651e-007,-0.875667
5.62901e-007,-0.875667
5.63151e-007,-0.874
5.63401e-007,-0.874
5.63651e-007,-0.875667
5.63901e-007,-0.875667
5.64151e-007,-0.874
5.64401e-007,-0.874
5.64651e-007,-0.875667
5.64901e-007,-0.875667
5.65151e-007,-0.874
5.65401e-007,-0.874
5.65651e-007,-0.875667
5.65901e-007,-0.875667
5.66151e-007,-0.874
5.66401e-007,-0.874
5.66651e-007,-0.875667
5.66901e-007,-0.875667
5.67151e-007,-0.874
5.67401e-007,-0.874
5.67651e-007,-0.875667
5.67901e-007,-0.875667
5.68151e-007,-0.874
5.68401e-007,-0.874
5.68651e-007,-0.875667
5.68901e-007,-0.875667
5.69151e-007,-0.874
5.69401e-007,-0.874
5.69651e-007,-0.875667
5.69901e-007,-0.875667
5.70151e-007,-0.874
5.70401e-007,-0.874
5.70651e-007,-0.875667
5.70901e-007,-0.875667
5.71151e-007,-0.874
5.71401e-007,-0.874
5.71651e-007,-0.875667
5.71901e-007,-0.875667
5.72151e-007,-0.874
5.72401e-007,-0.874
5.72651e-007,-0.875667
5.72901e-007,-0.875667
5.73151e-007,-0.874
5.73401e-007,-0.874
5.73651e-007,-0.875667
5.73901e-007,-0.875667
5.74151e-007,-0.874
5.74401e-007,-0.874
5.74651e-007,-0.875667
5.74901e-007,-0.875667
5.75151e-007,-0.874
5.75401e-007,-0.874
5.75651e-007,-0.875667
5.75901e-007,-0.875667
5.76151e-007,-0.875667
5.76401e-007,-0.874
5.76651e-007,-0.875667
5.76901e-007,-0.875667
5.77151e-007,-0.875667
5.77401e-007,-0.874
5.77651e-007,-0.875667
5.77901e-007,-0.875667
5.78151e-007,-0.875667
5.78401e-007,-0.874
5.78651e-007,-0.875667
5.78901e-007,-0.875667
5.79151e-007,-0.875667
5.79401e-007,-0.874
5.79651e-007,-0.875667
5.79901e-007,-0.875667
5.80151e-007,-0.874
5.80401e-007,-0.874
5.80651e-007,-0.875667
5.80901e-007,-0.875667
5.81151e-007,-0.874
5.81401e-007,-0.874
5.81651e-007,-0.875667
5.81901e-007,-0.875667
5.82151e-007,-0.874
5.82401e-007,-0.874
5.82651e-007,-0.875667
5.82901e-007,-0.875667
5.83151e-007,-0.874
5.83401e-007,-0.874
5.83651e-007,-0.875667
5.83901e-007,-0.875667
5.84151e-007,-0.874
5.84401e-007,-0.874
5.84651e-007,-0.875667
5.84901e-007,-0.875667
5.85151e-007,-0.874
5.85401e-007,-0.874
5.85651e-007,-0.875667
5.85901e-007,-0.875667
5.86151e-007,-0.874
5.86401e-007,-0.874
5.86651e-007,-0.875667
5.86901e-007,-0.875667
5.87151e-007,-0.875667
5.87401e-007,-0.874
5.87651e-007,-0.875667
5.87901e-007,-0.875667
5.88151e-007,-0.874
5.88401e-007,-0.874
5.88651e-007,-0.875667
5.88901e-007,-0.875667
5.89151e-007,-0.874
5.89401e-007,-0.874
5.89651e-007,-0.875667
5.89901e-007,-0.875667
5.90151e-007,-0.874
5.90401e-007,-0.874
5.90651e-007,-0.875667
5.90901e-007,-0.875667
5.91151e-007,-0.874
5.91401e-007,-0.874
5.91651e-007,-0.875667
5.91901e-007,-0.875667
5.92151e-007,-0.874
5.92401e-007,-0.874
5.92651e-007,-0.874
5.92901e-007,-0.875667
5.93151e-007,-0.874
5.93401e-007,-0.874
5.93651e-007,-0.874
5.93901e-007,-0.875667
5.94151e-007,-0.874
5.94401e-007,-0.874
5.94651e-007,-0.875667
5.94901e-007,-0.875667
5.95151e-007,-0.874
5.95401e-007,-0.874
5.95651e-007,-0.875667
5.95901e-007,-0.875667
5.96151e-007,-0.874
5.96401e-007,-0.874
5.96651e-007,-0.875667
5.96901e-007,-0.875667
5.97151e-007,-0.874
5.97401e-007,-0.874
5.97651e-007,-0.875667
5.97901e-007,-0.875667
5.98151e-007,-0.874
5.98401e-007,-0.874
5.98651e-007,-0.875667
5.98901e-007,-0.875667
5.99151e-007,-0.874
5.99401e-007,-0.874
5.99651e-007,-0.875667
5.99901e-007,-0.875667
6.00151e-007,-0.874
6.00401e-007,-0.874
6.00651e-007,-0.875667
6.00901e-007,-0.875667
6.01151e-007,-0.874
6.01401e-007,-0.874
6.01651e-007,-0.875667
6.01901e-007,-0.875667
6.02151e-007,-0.874
6.02401e-007,-0.874
6.02651e-007,-0.875667
6.02901e-007,-0.875667
6.03151e-007,-0.874
6.03401e-007,-0.874
6.03651e-007,-0.875667
6.03901e-007,-0.875667
6.04151e-007,-0.874
6.04401e-007,-0.874
6.04651e-007,-0.875667
6.04901e-007,-0.875667
6.05151e-007,-0.874
6.05401e-007,-0.874
6.05651e-007,-0.875667
6.05901e-007,-0.874
6.06151e-007,-0.874
6.06401e-007,-0.874
6.06651e-007,-0.875667
6.06901e-007,-0.874
6.07151e-007,-0.874
6.07401e-007,-0.874
6.07651e-007,-0.875667
6.07901e-007,-0.874
6.08151e-007,-0.874
6.08401e-007,-0.874
6.08651e-007,-0.875667
6.08901e-007,-0.875667
6.09151e-007,-0.874
6.09401e-007,-0.874
6.09651e-007,-0.875667
6.09901e-007,-0.875667
6.10151e-007,-0.874
6.10401e-007,-0.874
6.10651e-007,-0.875667
6.10901e-007,-0.875667
6.11151e-007,-0.874
6.11401e-007,-0.874
6.11651e-007,-0.875667
6.11901e-007,-0.875667
6.12151e-007,-0.874
6.12401e-007,-0.874
6.12651e-007,-0.875667
6.12901e-007,-0.875667
6.13151e-007,-0.874
6.13401e-007,-0.874
6.13651e-007,-0.875667
6.13901e-007,-0.875667
6.14151e-007,-0.874
6.14401e-007,-0.874
6.14651e-007,-0.875667
6.14901e-007,-0.875667
6.15151e-007,-0.874
6.15401e-007,-0.874
6.15651e-007,-0.875667
6.15901e-007,-0.875667
6.16151e-007,-0.874
6.16401e-007,-0.874
6.16651e-007,-0.875667
6.16901e-007,-0.875667
6.17151e-007,-0.874
6.17401e-007,-0.874
6.17651e-007,-0.875667
6.17901e-007,-0.875667
6.18151e-007,-0.874
6.18401e-007,-0.874
6.18651e-007,-0.875667
6.18901e-007,-0.875667
6.19151e-007,-0.874
6.19401e-007,-0.874
6.19651e-007,-0.875667
6.19901e-007,-0.875667
6.20151e-007,-0.874
6.20401e-007,-0.874
6.20651e-007,-0.875667
6.20901e-007,-0.875667
6.21151e-007,-0.874
6.21401e-007,-0.874
6.21651e-007,-0.875667
6.21901e-007,-0.875667
6.22151e-007,-0.874
6.22401e-007,-0.874
6.22651e-007,-0.874
6.22901e-007,-0.875667
6.23151e-007,-0.874
6.23401e-007,-0.874
6.23651e-007,-0.874
6.23901e-007,-0.875667
6.24151e-007,-0.874
6.24401e-007,-0.874
6.24651e-007,-0.875667
6.24901e-007,-0.875667
6.25151e-007,-0.874
6.25401e-007,-0.874
6.25651e-007,-0.875667
6.25901e-007,-0.875667
6.26151e-007,-0.874
6.26401e-007,-0.874
6.26651e-007,-0.875667
6.26901e-007,-0.875667
6.27151e-007,-0.874
6.27401e-007,-0.874
6.27651e-007,-0.874
6.27901e-007,-0.874
6.28151e-007,-0.874
6.28401e-007,-0.874
6.28651e-007,-0.874
6.28901e-007,-0.875667
6.29151e-007,-0.874
6.29401e-007,-0.874
6.29651e-007,-0.874
6.29901e-007,-0.875667
6.30151e-007,-0.874
6.30401e-007,-0.874
6.30651e-007,-0.875667
6.30901e-007,-0.875667
6.31151e-007,-0.874
6.31401e-007,-0.874
6.31651e-007,-0.875667
6.31901e-007,-0.875667
6.32151e-007,-0.874
6.32401e-007,-0.874
6.32651e-007,-0.875667
6.32901e-007,-0.875667
6.33151e-007,-0.874
6.33401e-007,-0.874
6.33651e-007,-0.875667
6.33901e-007,-0.875667
6.34151e-007,-0.874
6.34401e-007,-0.874
6.34651e-007,-0.875667
6.34901e-007,-0.875667
6.35151e-007,-0.874
6.35401e-007,-0.874
6.35651e-007,-0.875667
6.35901e-007,-0.875667
6.36151e-007,-0.874
6.36401e-007,-0.874
6.36651e-007,-0.875667
6.36901e-007,-0.875667
6.37151e-007,-0.874
6.37401e-007,-0.874
6.37651e-007,-0.875667
6.37901e-007,-0.875667
6.38151e-007,-0.874
6.38401e-007,-0.874
6.38651e-007,-0.875667
6.38901e-007,-0.875667
6.39151e-007,-0.874
6.39401e-007,-0.874
6.39651e-007,-0.875667
6.39901e-007,-0.875667
6.40151e-007,-0.874
6.40401e-007,-0.874
6.40651e-007,-0.875667
6.40901e-007,-0.875667
6.41151e-007,-0.874
6.41401e-007,-0.874
6.41651e-007,-0.875667
6.41901e-007,-0.875667
6.42151e-007,-0.875667
6.42401e-007,-0.874
6.42651e-007,-0.875667
6.42901e-007,-0.875667
6.43151e-007,-0.875667
6.43401e-007,-0.874
6.43651e-007,-0.875667
6.43901e-007,-0.875667
6.44151e-007,-0.874
6.44401e-007,-0.874
6.44651e-007,-0.875667
6.44901e-007,-0.875667
6.45151e-007,-0.874
6.45401e-007,-0.874
6.45651e-007,-0.875667
6.45901e-007,-0.875667
6.46151e-007,-0.874
6.46401e-007,-0.874
6.46651e-007,-0.875667
6.46901e-007,-0.875667
6.47151e-007,-0.874
6.47401e-007,-0.874
6.47651e-007,-0.875667
6.47901e-007,-0.875667
6.48151e-007,-0.874
6.48401e-007,-0.874
6.48651e-007,-0.875667
6.48901e-007,-0.875667
6.49151e-007,-0.874
6.49401e-007,-0.874
6.49651e-007,-0.875667
6.49901e-007,-0.875667
6.50151e-007,-0.874
6.50401e-007,-0.874
6.50651e-007,-0.875667
6.50901e-007,-0.875667
6.51151e-007,-0.874
6.51401e-007,-0.874
6.51651e-007,-0.875667
6.51901e-007,-0.875667
6.52151e-007,-0.874
6.52401e-007,-0.874
6.52651e-007,-0.875667
6.52901e-007,-0.875667
6.53151e-007,-0.874
6.53401e-007,-0.874
6.53651e-007,-0.875667
6.53901e-007,-0.875667
6.54151e-007,-0.875667
6.54401e-007,-0.874
6.54651e-007,-0.875667
6.54901e-007,-0.875667
6.55151e-007,-0.874
6.55401e-007,-0.874
6.55651e-007,-0.875667
6.55901e-007,-0.875667
6.56151e-007,-0.874
6.56401e-007,-0.874
6.56651e-007,-0.875667
6.56901e-007,-0.875667
6.57151e-007,-0.874
6.57401e-007,-0.874
6.57651e-007,-0.875667
6.57901e-007,-0.875667
6.58151e-007,-0.874
6.58401e-007,-0.874
6.58651e-007,-0.875667
6.58901e-007,-0.875667
6.59151e-007,-0.874
6.59401e-007,-0.874
6.59651e-007,-0.875667
6.59901e-007,-0.875667
6.60151e-007,-0.874
6.60401e-007,-0.874
6.60651e-007,-0.875667
6.60901e-007,-0.875667
6.61151e-007,-0.874
6.61401e-007,-0.874
6.61651e-007,-0.875667
6.61901e-007,-0.875667
6.62151e-007,-0.874
6.62401e-007,-0.874
6.62651e-007,-0.875667
6.62901e-007,-0.875667
6.63151e-007,-0.874
6.63401e-007,-0.874
6.63651e-007,-0.875667
6.63901e-007,-0.875667
6.64151e-007,-0.874
6.64401e-007,-0.874
6.64651e-007,-0.875667
6.64901e-007,-0.875667
6.65151e-007,-0.874
6.65401e-007,-0.874
6.65651e-007,-0.875667
6.65901e-007,-0.875667
6.66151e-007,-0.874
6.66401e-007,-0.874
6.66651e-007,-0.875667
6.66901e-007,-0.875667
6.67151e-007,-0.874
6.67401e-007,-0.874
6.67651e-007,-0.875667
6.67901e-007,-0.875667
6.68151e-007,-0.874
6.68401e-007,-0.874
6.68651e-007,-0.875667
6.68901e-007,-0.875667
6.69151e-007,-0.875667
6.69401e-007,-0.874
6.69651e-007,-0.875667
6.69901e-007,-0.875667
6.70151e-007,-0.874
6.70401e-007,-0.874
6.70651e-007,-0.875667
6.70901e-007,-0.875667
6.71151e-007,-0.874
6.71401e-007,-0.874
6.71651e-007,-0.875667
6.71901e-007,-0.875667
6.72151e-007,-0.874
6.72401e-007,-0.874
6.72651e-007,-0.875667
6.72901e-007,-0.875667
6.73151e-007,-0.874
6.73401e-007,-0.874
6.73651e-007,-0.875667
6.73901e-007,-0.875667
6.74151e-007,-0.874
6.74401e-007,-0.874
6.74651e-007,-0.875667
6.74901e-007,-0.875667
6.75151e-007,-0.874
6.75401e-007,-0.874
6.75651e-007,-0.875667
6.75901e-007,-0.875667
6.76151e-007,-0.874
6.76401e-007,-0.874
6.76651e-007,-0.875667
6.76901e-007,-0.875667
6.77151e-007,-0.874
6.77401e-007,-0.874
6.77651e-007,-0.875667
6.77901e-007,-0.875667
6.78151e-007,-0.874
6.78401e-007,-0.874
6.78651e-007,-0.875667
6.78901e-007,-0.875667
6.79151e-007,-0.874
6.79401e-007,-0.874
6.79651e-007,-0.875667
6.79901e-007,-0.875667
6.80151e-007,-0.874
6.80401e-007,-0.874
6.80651e-007,-0.875667
6.80901e-007,-0.875667
6.81151e-007,-0.874
6.81401e-007,-0.874
6.81651e-007,-0.875667
6.81901e-007,-0.875667
6.82151e-007,-0.874
6.82401e-007,-0.874
6.82651e-007,-0.875667
6.82901e-007,-0.875667
6.83151e-007,-0.874
6.83401e-007,-0.874
6.83651e-007,-0.875667
6.83901e-007,-0.875667
6.84151e-007,-0.874
6.84401e-007,-0.874
6.84651e-007,-0.875667
6.84901e-007,-0.875667
6.85151e-007,-0.874
6.85401e-007,-0.874
6.85651e-007,-0.875667
6.85901e-007,-0.875667
6.86151e-007,-0.874
6.86401e-007,-0.874
6.86651e-007,-0.875667
6.86901e-007,-0.875667
6.87151e-007,-0.874
6.87401e-007,-0.874
6.87651e-007,-0.875667
6.87901e-007,-0.875667
6.88151e-007,-0.874
6.88401e-007,-0.874
6.88651e-007,-0.875667
6.88901e-007,-0.875667
6.89151e-007,-0.874
6.89401e-007,-0.874
6.89651e-007,-0.875667
6.89901e-007,-0.875667
6.90151e-007,-0.874
6.90401e-007,-0.874
6.90651e-007,-0.875667
6.90901e-007,-0.875667
6.91151e-007,-0.874
6.91401e-007,-0.874
6.91651e-007,-0.875667
6.91901e-007,-0.875667
6.92151e-007,-0.874
6.92401e-007,-0.874
6.92651e-007,-0.875667
6.92901e-007,-0.875667
6.93151e-007,-0.874
6.93401e-007,-0.874
6.93651e-007,-0.875667
6.93901e-007,-0.875667
6.94151e-007,-0.874
6.94401e-007,-0.874
6.94651e-007,-0.875667
6.94901e-007,-0.875667
6.95151e-007,-0.874
6.95401e-007,-0.874
6.95651e-007,-0.875667
6.95901e-007,-0.875667
6.96151e-007,-0.874
6.96401e-007,-0.874
6.96651e-007,-0.875667
6.96901e-007,-0.875667
6.97151e-007,-0.874
6.97401e-007,-0.874
6.97651e-007,-0.875667
6.97901e-007,-0.875667
6.98151e-007,-0.874
6.98401e-007,-0.874
6.98651e-007,-0.874
6.98901e-007,-0.875667
6.99151e-007,-0.874
6.99401e-007,-0.874
6.99651e-007,-0.874
6.99901e-007,-0.875667
7.00151e-007,-0.874
7.00401e-007,-0.874
7.00651e-007,-0.874
7.00901e-007,-0.875667
7.01151e-007,-0.874
7.01401e-007,-0.874
7.01651e-007,-0.874
7.01901e-007,-0.875667
7.02151e-007,-0.874
7.02401e-007,-0.874
7.02651e-007,-0.874
7.02901e-007,-0.875667
7.03151e-007,-0.874
7.03401e-007,-0.874
7.03651e-007,-0.874
7.03901e-007,-0.875667
7.04151e-007,-0.874
7.04401e-007,-0.874
7.04651e-007,-0.874
7.04901e-007,-0.875667
7.05151e-007,-0.874
7.05401e-007,-0.874
7.05651e-007,-0.875667
7.05901e-007,-0.875667
7.06151e-007,-0.874
7.06401e-007,-0.874
7.06651e-007,-0.875667
7.06901e-007,-0.875667
7.07151e-007,-0.874
7.07401e-007,-0.874
7.07651e-007,-0.875667
7.07901e-007,-0.875667
7.08151e-007,-0.874
7.08401e-007,-0.874
7.08651e-007,-0.875667
7.08901e-007,-0.875667
7.09151e-007,-0.874
7.09401e-007,-0.874
7.09651e-007,-0.875667
7.09901e-007,-0.875667
7.10151e-007,-0.874
7.10401e-007,-0.874
7.10651e-007,-0.875667
7.10901e-007,-0.875667
7.11151e-007,-0.874
7.11401e-007,-0.874
7.11651e-007,-0.875667
7.11901e-007,-0.875667
7.12151e-007,-0.874
7.12401e-007,-0.874
7.12651e-007,-0.875667
7.12901e-007,-0.875667
7.13151e-007,-0.874
7.13401e-007,-0.874
7.13651e-007,-0.875667
7.13901e-007,-0.875667
7.14151e-007,-0.874
7.14401e-007,-0.874
7.14651e-007,-0.875667
7.14901e-007,-0.875667
7.15151e-007,-0.874
7.15401e-007,-0.874
7.15651e-007,-0.875667
7.15901e-007,-0.875667
7.16151e-007,-0.874
7.16401e-007,-0.874
7.16651e-007,-0.875667
7.16901e-007,-0.875667
7.17151e-007,-0.874
7.17401e-007,-0.874
7.17651e-007,-0.875667
7.17901e-007,-0.875667
7.18151e-007,-0.874
7.18401e-007,-0.874
7.18651e-007,-0.875667
7.18901e-007,-0.875667
7.19151e-007,-0.874
7.19401e-007,-0.874
7.19651e-007,-0.875667
7.19901e-007,-0.875667
7.20151e-007,-0.874
7.20401e-007,-0.874
7.20651e-007,-0.875667
7.20901e-007,-0.875667
7.21151e-007,-0.874
7.21401e-007,-0.874
7.21651e-007,-0.874
7.21901e-007,-0.875667
7.22151e-007,-0.874
7.22401e-007,-0.874
7.22651e-007,-0.874
7.22901e-007,-0.875667
7.23151e-007,-0.874
7.23401e-007,-0.874
7.23651e-007,-0.874
7.23901e-007,-0.875667
7.24151e-007,-0.874
7.24401e-007,-0.874
7.24651e-007,-0.874
7.24901e-007,-0.875667
7.25151e-007,-0.874
7.25401e-007,-0.874
7.25651e-007,-0.874
7.25901e-007,-0.875667
7.26151e-007,-0.874
7.26401e-007,-0.874
7.26651e-007,-0.874
7.26901e-007,-0.875667
7.27151e-007,-0.874
7.27401e-007,-0.874
7.27651e-007,-0.875667
7.27901e-007,-0.875667
7.28151e-007,-0.874
7.28401e-007,-0.874
7.28651e-007,-0.875667
7.28901e-007,-0.875667
7.29151e-007,-0.874
7.29401e-007,-0.874
7.29651e-007,-0.875667
7.29901e-007,-0.875667
7.30151e-007,-0.874
7.30401e-007,-0.874
7.30651e-007,-0.875667
7.30901e-007,-0.875667
7.31151e-007,-0.874
7.31401e-007,-0.874
7.31651e-007,-0.875667
7.31901e-007,-0.875667
7.32151e-007,-0.874
7.32401e-007,-0.874
7.32651e-007,-0.875667
7.32901e-007,-0.875667
7.33151e-007,-0.874
7.33401e-007,-0.874
7.33651e-007,-0.875667
7.33901e-007,-0.875667
7.34151e-007,-0.874
7.34401e-007,-0.874
7.34651e-007,-0.875667
7.34901e-007,-0.875667
7.35151e-007,-0.874
7.35401e-007,-0.874
7.35651e-007,-0.875667
7.35901e-007,-0.875667
7.36151e-007,-0.874
7.36401e-007,-0.874
7.36651e-007,-0.875667
7.36901e-007,-0.875667
7.37151e-007,-0.874
7.37401e-007,-0.874
7.37651e-007,-0.875667
7.37901e-007,-0.875667
7.38151e-007,-0.874
7.38401e-007,-0.874
7.38651e-007,-0.875667
7.38901e-007,-0.875667
7.39151e-007,-0.874
7.39401e-007,-0.874
7.39651e-007,-0.875667
7.39901e-007,-0.875667
7.40151e-007,-0.874
7.40401e-007,-0.874
7.40651e-007,-0.875667
7.40901e-007,-0.875667
7.41151e-007,-0.874
7.41401e-007,-0.874
7.41651e-007,-0.875667
7.41901e-007,-0.875667
7.42151e-007,-0.874
7.42401e-007,-0.874
7.42651e-007,-0.875667
7.42901e-007,-0.875667
7.43151e-007,-0.874
7.43401e-007,-0.874
7.43651e-007,-0.875667
7.43901e-007,-0.875667
7.44151e-007,-0.874
7.44401e-007,-0.874
7.44651e-007,-0.875667
7.44901e-007,-0.875667
7.45151e-007,-0.874
7.45401e-007,-0.874
7.45651e-007,-0.875667
7.45901e-007,-0.875667
7.46151e-007,-0.874
7.46401e-007,-0.874
7.46651e-007,-0.875667
7.46901e-007,-0.875667
7.47151e-007,-0.874
7.47401e-007,-0.874
7.47651e-007,-0.875667
7.47901e-007,-0.875667
7.48151e-007,-0.874
7.48401e-007,-0.874
7.48651e-007,-0.875667
7.48901e-007,-0.875667
7.49151e-007,-0.874
7.49401e-007,-0.874
7.49651e-007,-0.875667
7.49901e-007,-0.875667
7.50151e-007,-0.874
7.50401e-007,-0.874
7.50651e-007,-0.875667
7.50901e-007,-0.875667
7.51151e-007,-0.874
7.51401e-007,-0.874
7.51651e-007,-0.875667
7.51901e-007,-0.875667
7.52151e-007,-0.874
7.52401e-007,-0.874
7.52651e-007,-0.875667
7.52901e-007,-0.875667
7.53151e-007,-0.874
7.53401e-007,-0.874
7.53651e-007,-0.875667
7.53901e-007,-0.875667
7.54151e-007,-0.874
7.54401e-007,-0.874
7.54651e-007,-0.875667
7.54901e-007,-0.875667
7.55151e-007,-0.874
7.55401e-007,-0.874
7.55651e-007,-0.875667
7.55901e-007,-0.875667
7.56151e-007,-0.874
7.56401e-007,-0.874
7.56651e-007,-0.875667
7.56901e-007,-0.875667
7.57151e-007,-0.874
7.57401e-007,-0.874
7.57651e-007,-0.875667
7.57901e-007,-0.875667
7.58151e-007,-0.874
7.58401e-007,-0.874
7.58651e-007,-0.875667
7.58901e-007,-0.875667
7.59151e-007,-0.874
7.59401e-007,-0.874
7.59651e-007,-0.875667
7.59901e-007,-0.875667
7.60151e-007,-0.874
7.60401e-007,-0.874
7.60651e-007,-0.874
7.60901e-007,-0.875667
7.61151e-007,-0.874
7.61401e-007,-0.874
7.61651e-007,-0.874
7.61901e-007,-0.875667
7.62151e-007,-0.874
7.62401e-007,-0.874
7.62651e-007,-0.874
7.62901e-007,-0.875667
7.63151e-007,-0.874
7.63401e-007,-0.874
7.63651e-007,-0.875667
7.63901e-007,-0.875667
7.64151e-007,-0.874
7.64401e-007,-0.874
7.64651e-007,-0.875667
7.64901e-007,-0.875667
7.65151e-007,-0.874
7.65401e-007,-0.874
7.65651e-007,-0.875667
7.65901e-007,-0.875667
7.66151e-007,-0.874
7.66401e-007,-0.874
7.66651e-007,-0.875667
7.66901e-007,-0.875667
7.67151e-007,-0.874
7.67401e-007,-0.874
7.67651e-007,-0.875667
7.67901e-007,-0.875667
7.68151e-007,-0.874
7.68401e-007,-0.874
7.68651e-007,-0.875667
7.68901e-007,-0.875667
7.69151e-007,-0.874
7.69401e-007,-0.874
7.69651e-007,-0.875667
7.69901e-007,-0.875667
7.70151e-007,-0.874
7.70401e-007,-0.874
7.70651e-007,-0.875667
7.70901e-007,-0.875667
7.71151e-007,-0.874
7.71401e-007,-0.874
7.71651e-007,-0.875667
7.71901e-007,-0.875667
7.72151e-007,-0.874
7.72401e-007,-0.874
7.72651e-007,-0.875667
7.72901e-007,-0.875667
7.73151e-007,-0.874
7.73401e-007,-0.874
7.73651e-007,-0.875667
7.73901e-007,-0.875667
7.74151e-007,-0.874
7.74401e-007,-0.874
7.74651e-007,-0.875667
7.74901e-007,-0.875667
7.75151e-007,-0.875667
7.75401e-007,-0.874
7.75651e-007,-0.875667
7.75901e-007,-0.875667
7.76151e-007,-0.875667
7.76401e-007,-0.874
7.76651e-007,-0.875667
7.76901e-007,-0.875667
7.77151e-007,-0.874
7.77401e-007,-0.874
7.77651e-007,-0.874
7.77901e-007,-0.875667
7.78151e-007,-0.874
7.78401e-007,-0.874
7.78651e-007,-0.875667
7.78901e-007,-0.875667
7.79151e-007,-0.874
7.79401e-007,-0.874
7.79651e-007,-0.875667
7.79901e-007,-0.875667
7.80151e-007,-0.874
7.80401e-007,-0.874
7.80651e-007,-0.875667
7.80901e-007,-0.875667
7.81151e-007,-0.874
7.81401e-007,-0.874
7.81651e-007,-0.875667
7.81901e-007,-0.875667
7.82151e-007,-0.875667
7.82401e-007,-0.874
7.82651e-007,-0.875667
7.82901e-007,-0.875667
7.83151e-007,-0.874
7.83401e-007,-0.874
7.83651e-007,-0.875667
7.83901e-007,-0.875667
7.84151e-007,-0.874
7.84401e-007,-0.874
7.84651e-007,-0.875667
7.84901e-007,-0.875667
7.85151e-007,-0.874
7.85401e-007,-0.874
7.85651e-007,-0.875667
7.85901e-007,-0.875667
7.86151e-007,-0.874
7.86401e-007,-0.874
7.86651e-007,-0.875667
7.86901e-007,-0.875667
7.87151e-007,-0.874
7.87401e-007,-0.874
7.87651e-007,-0.875667
7.87901e-007,-0.875667
7.88151e-007,-0.874
7.88401e-007,-0.874
7.88651e-007,-0.875667
7.88901e-007,-0.875667
7.89151e-007,-0.874
7.89401e-007,-0.874
7.89651e-007,-0.875667
7.89901e-007,-0.875667
7.90151e-007,-0.874
7.90401e-007,-0.874
7.90651e-007,-0.875667
7.90901e-007,-0.875667
7.91151e-007,-0.874
7.91401e-007,-0.874
7.91651e-007,-0.875667
7.91901e-007,-0.875667
7.92151e-007,-0.874
7.92401e-007,-0.874
7.92651e-007,-0.875667
7.92901e-007,-0.875667
7.93151e-007,-0.874
7.93401e-007,-0.874
7.93651e-007,-0.875667
7.93901e-007,-0.875667
7.94151e-007,-0.874
7.94401e-007,-0.874
7.94651e-007,-0.875667
7.94901e-007,-0.875667
7.95151e-007,-0.874
7.95401e-007,-0.874
7.95651e-007,-0.875667
7.95901e-007,-0.875667
7.96151e-007,-0.874
7.96401e-007,-0.874
7.96651e-007,-0.874
7.96901e-007,-0.875667
7.97151e-007,-0.874
7.97401e-007,-0.874
7.97651e-007,-0.875667
7.97901e-007,-0.875667
7.98151e-007,-0.874
7.98401e-007,-0.874
7.98651e-007,-0.875667
7.98901e-007,-0.875667
7.99151e-007,-0.874
7.99401e-007,-0.874
7.99651e-007,-0.875667
7.99901e-007,-0.875667
8.00151e-007,-0.874
8.00401e-007,-0.874
8.00651e-007,-0.875667
8.00901e-007,-0.875667
8.01151e-007,-0.874
8.01401e-007,-0.874
8.01651e-007,-0.875667
8.01901e-007,-0.875667
8.02151e-007,-0.874
8.02401e-007,-0.874
8.02651e-007,-0.875667
8.02901e-007,-0.875667
8.03151e-007,-0.874
8.03401e-007,-0.874
8.03651e-007,-0.875667
8.03901e-007,-0.875667
8.04151e-007,-0.874
8.04401e-007,-0.874
8.04651e-007,-0.875667
8.04901e-007,-0.875667
8.05151e-007,-0.874
8.05401e-007,-0.874
8.05651e-007,-0.875667
8.05901e-007,-0.875667
8.06151e-007,-0.874
8.06401e-007,-0.874
8.06651e-007,-0.874
8.06901e-007,-0.875667
8.07151e-007,-0.874
8.07401e-007,-0.874
8.07651e-007,-0.874
8.07901e-007,-0.875667
8.08151e-007,-0.874
8.08401e-007,-0.874
8.08651e-007,-0.874
8.08901e-007,-0.875667
8.09151e-007,-0.874
8.09401e-007,-0.874
8.09651e-007,-0.875667
8.09901e-007,-0.875667
8.10151e-007,-0.874
8.10401e-007,-0.874
8.10651e-007,-0.875667
8.10901e-007,-0.875667
8.11151e-007,-0.874
8.11401e-007,-0.874
8.11651e-007,-0.875667
8.11901e-007,-0.875667
8.12151e-007,-0.874
8.12401e-007,-0.874
8.12651e-007,-0.875667
8.12901e-007,-0.875667
8.13151e-007,-0.874
8.13401e-007,-0.874
8.13651e-007,-0.874
8.13901e-007,-0.875667
8.14151e-007,-0.874
8.14401e-007,-0.874
8.14651e-007,-0.874
8.14901e-007,-0.875667
8.15151e-007,-0.874
8.15401e-007,-0.874
8.15651e-007,-0.875667
8.15901e-007,-0.875667
8.16151e-007,-0.874
8.16401e-007,-0.874
8.16651e-007,-0.875667
8.16901e-007,-0.875667
8.17151e-007,-0.874
8.17401e-007,-0.874
8.17651e-007,-0.875667
8.17901e-007,-0.875667
8.18151e-007,-0.874
8.18401e-007,-0.874
8.18651e-007,-0.875667
8.18901e-007,-0.875667
8.19151e-007,-0.874
8.19401e-007,-0.874
8.19651e-007,-0.875667
8.19901e-007,-0.875667
8.20151e-007,-0.874
8.20401e-007,-0.874
8.20651e-007,-0.875667
8.20901e-007,-0.875667
8.21151e-007,-0.874
8.21401e-007,-0.874
8.21651e-007,-0.875667
8.21901e-007,-0.875667
8.22151e-007,-0.874
8.22401e-007,-0.874
8.22651e-007,-0.875667
8.22901e-007,-0.875667
8.23151e-007,-0.874
8.23401e-007,-0.874
8.23651e-007,-0.875667
8.23901e-007,-0.875667
8.24151e-007,-0.874
8.24401e-007,-0.874
8.24651e-007,-0.875667
8.24901e-007,-0.875667
8.25151e-007,-0.874
8.25401e-007,-0.874
8.25651e-007,-0.875667
8.25901e-007,-0.875667
8.26151e-007,-0.874
8.26401e-007,-0.874
8.26651e-007,-0.875667
8.26901e-007,-0.875667
8.27151e-007,-0.874
8.27401e-007,-0.874
8.27651e-007,-0.875667
8.27901e-007,-0.875667
8.28151e-007,-0.874
8.28401e-007,-0.874
8.28651e-007,-0.875667
8.28901e-007,-0.875667
8.29151e-007,-0.874
8.29401e-007,-0.874
8.29651e-007,-0.875667
8.29901e-007,-0.875667
8.30151e-007,-0.874
8.30401e-007,-0.874
8.30651e-007,-0.875667
8.30901e-007,-0.875667
8.31151e-007,-0.874
8.31401e-007,-0.874
8.31651e-007,-0.875667
8.31901e-007,-0.875667
8.32151e-007,-0.874
8.32401e-007,-0.874
8.32651e-007,-0.875667
8.32901e-007,-0.875667
8.33151e-007,-0.874
8.33401e-007,-0.874
8.33651e-007,-0.875667
8.33901e-007,-0.875667
8.34151e-007,-0.874
8.34401e-007,-0.874
8.34651e-007,-0.875667
8.34901e-007,-0.875667
8.35151e-007,-0.874
8.35401e-007,-0.874
8.35651e-007,-0.875667
8.35901e-007,-0.875667
8.36151e-007,-0.874
8.36401e-007,-0.874
8.36651e-007,-0.875667
8.36901e-007,-0.875667
8.37151e-007,-0.874
8.37401e-007,-0.874
8.37651e-007,-0.875667
8.37901e-007,-0.875667
8.38151e-007,-0.874
8.38401e-007,-0.874
8.38651e-007,-0.875667
8.38901e-007,-0.875667
8.39151e-007,-0.874
8.39401e-007,-0.874
8.39651e-007,-0.875667
8.39901e-007,-0.875667
8.40151e-007,-0.874
8.40401e-007,-0.874
8.40651e-007,-0.875667
8.40901e-007,-0.875667
8.41151e-007,-0.874
8.41401e-007,-0.874
8.41651e-007,-0.875667
8.41901e-007,-0.875667
8.42151e-007,-0.874
8.42401e-007,-0.874
8.42651e-007,-0.875667
8.42901e-007,-0.875667
8.43151e-007,-0.874
8.43401e-007,-0.874
8.43651e-007,-0.874
8.43901e-007,-0.875667
8.44151e-007,-0.874
8.44401e-007,-0.874
8.44651e-007,-0.874
8.44901e-007,-0.875667
8.45151e-007,-0.874
8.45401e-007,-0.874
8.45651e-007,-0.875667
8.45901e-007,-0.875667
8.46151e-007,-0.874
8.46401e-007,-0.874
8.46651e-007,-0.875667
8.46901e-007,-0.875667
8.47151e-007,-0.874
8.47401e-007,-0.874
8.47651e-007,-0.875667
8.47901e-007,-0.875667
8.48151e-007,-0.874
8.48401e-007,-0.874
8.48651e-007,-0.875667
8.48901e-007,-0.875667
8.49151e-007,-0.874
8.49401e-007,-0.874
8.49651e-007,-0.875667
8.49901e-007,-0.875667
8.50151e-007,-0.874
8.50401e-007,-0.874
8.50651e-007,-0.874
8.50901e-007,-0.875667
8.51151e-007,-0.874
8.51401e-007,-0.874
8.51651e-007,-0.874
8.51901e-007,-0.875667
8.52151e-007,-0.874
8.52401e-007,-0.874
8.52651e-007,-0.875667
8.52901e-007,-0.875667
8.53151e-007,-0.874
8.53401e-007,-0.874
8.53651e-007,-0.875667
8.53901e-007,-0.875667
8.54151e-007,-0.874
8.54401e-007,-0.874
8.54651e-007,-0.875667
8.54901e-007,-0.875667
8.55151e-007,-0.874
8.55401e-007,-0.874
8.55651e-007,-0.875667
8.55901e-007,-0.875667
8.56151e-007,-0.874
8.56401e-007,-0.874
8.56651e-007,-0.875667
8.56901e-007,-0.875667
8.57151e-007,-0.874
8.57401e-007,-0.874
8.57651e-007,-0.875667
8.57901e-007,-0.875667
8.58151e-007,-0.874
8.58401e-007,-0.874
8.58651e-007,-0.875667
8.58901e-007,-0.875667
8.59151e-007,-0.874
8.59401e-007,-0.874
8.59651e-007,-0.875667
8.59901e-007,-0.875667
8.60151e-007,-0.874
8.60401e-007,-0.874
8.60651e-007,-0.875667
8.60901e-007,-0.875667
8.61151e-007,-0.874
8.61401e-007,-0.874
8.61651e-007,-0.875667
8.61901e-007,-0.875667
8.62151e-007,-0.874
8.62401e-007,-0.874
8.62651e-007,-0.875667
8.62901e-007,-0.875667
8.63151e-007,-0.874
8.63401e-007,-0.874
8.63651e-007,-0.875667
8.63901e-007,-0.875667
8.64151e-007,-0.874
8.64401e-007,-0.874
8.64651e-007,-0.875667
8.64901e-007,-0.875667
8.65151e-007,-0.874
8.65401e-007,-0.874
8.65651e-007,-0.875667
8.65901e-007,-0.875667
8.66151e-007,-0.874
8.66401e-007,-0.874
8.66651e-007,-0.875667
8.66901e-007,-0.875667
8.67151e-007,-0.874
8.67401e-007,-0.874
8.67651e-007,-0.875667
8.67901e-007,-0.875667
8.68151e-007,-0.874
8.68401e-007,-0.874
8.68651e-007,-0.875667
8.68901e-007,-0.875667
8.69151e-007,-0.874
8.69401e-007,-0.874
8.69651e-007,-0.875667
8.69901e-007,-0.875667
8.70151e-007,-0.874
8.70401e-007,-0.874
8.70651e-007,-0.875667
8.70901e-007,-0.875667
8.71151e-007,-0.874
8.71401e-007,-0.874
8.71651e-007,-0.875667
8.71901e-007,-0.875667
8.72151e-007,-0.874
8.72401e-007,-0.874
8.72651e-007,-0.875667
8.72901e-007,-0.875667
8.73151e-007,-0.874
8.73401e-007,-0.874
8.73651e-007,-0.875667
8.73901e-007,-0.875667
8.74151e-007,-0.874
8.74401e-007,-0.874
8.74651e-007,-0.875667
8.74901e-007,-0.875667
8.75151e-007,-0.874
8.75401e-007,-0.874
8.75651e-007,-0.875667
8.75901e-007,-0.875667
8.76151e-007,-0.874
8.76401e-007,-0.874
8.76651e-007,-0.875667
8.76901e-007,-0.875667
8.77151e-007,-0.874
8.77401e-007,-0.874
8.77651e-007,-0.875667
8.77901e-007,-0.875667
8.78151e-007,-0.874
8.78401e-007,-0.874
8.78651e-007,-0.875667
8.78901e-007,-0.875667
8.79151e-007,-0.875667
8.79401e-007,-0.874
8.79651e-007,-0.875667
8.79901e-007,-0.875667
8.80151e-007,-0.874
8.80401e-007,-0.874
8.80651e-007,-0.875667
8.80901e-007,-0.875667
8.81151e-007,-0.874
8.81401e-007,-0.874
8.81651e-007,-0.875667
8.81901e-007,-0.875667
8.82151e-007,-0.874
8.82401e-007,-0.874
8.82651e-007,-0.874
8.82901e-007,-0.875667
8.83151e-007,-0.874
8.83401e-007,-0.874
8.83651e-007,-0.874
8.83901e-007,-0.875667
8.84151e-007,-0.874
8.84401e-007,-0.874
8.84651e-007,-0.875667
8.84901e-007,-0.875667
8.85151e-007,-0.874
8.85401e-007,-0.874
8.85651e-007,-0.875667
8.85901e-007,-0.875667
8.86151e-007,-0.874
8.86401e-007,-0.874
8.86651e-007,-0.875667
8.86901e-007,-0.875667
8.87151e-007,-0.874
8.87401e-007,-0.874
8.87651e-007,-0.875667
8.87901e-007,-0.875667
8.88151e-007,-0.874
8.88401e-007,-0.874
8.88651e-007,-0.875667
8.88901e-007,-0.875667
8.89151e-007,-0.874
8.89401e-007,-0.874
8.89651e-007,-0.875667
8.89901e-007,-0.875667
8.90151e-007,-0.874
8.90401e-007,-0.874
8.90651e-007,-0.875667
8.90901e-007,-0.875667
8.91151e-007,-0.874
8.91401e-007,-0.874
8.91651e-007,-0.875667
8.91901e-007,-0.875667
8.92151e-007,-0.874
8.92401e-007,-0.874
8.92651e-007,-0.875667
8.92901e-007,-0.875667
8.93151e-007,-0.874
8.93401e-007,-0.874
8.93651e-007,-0.875667
8.93901e-007,-0.875667
8.94151e-007,-0.874
8.94401e-007,-0.874
8.94651e-007,-0.875667
8.94901e-007,-0.875667
8.95151e-007,-0.874
8.95401e-007,-0.874
8.95651e-007,-0.875667
8.95901e-007,-0.875667
8.96151e-007,-0.874
8.96401e-007,-0.874
8.96651e-007,-0.875667
8.96901e-007,-0.875667
8.97151e-007,-0.875667
8.97401e-007,-0.874
8.97651e-007,-0.875667
8.97901e-007,-0.875667
8.98151e-007,-0.874
8.98401e-007,-0.874
8.98651e-007,-0.875667
8.98901e-007,-0.875667
8.99151e-007,-0.874
8.99401e-007,-0.874
8.99651e-007,-0.875667
8.99901e-007,-0.875667
9.00151e-007,-0.874
9.00401e-007,-0.874
9.00651e-007,-0.875667
9.00901e-007,-0.875667
9.01151e-007,-0.874
9.01401e-007,-0.874
9.01651e-007,-0.875667
9.01901e-007,-0.875667
9.02151e-007,-0.874
9.02401e-007,-0.874
9.02651e-007,-0.875667
9.02901e-007,-0.875667
9.03151e-007,-0.874
9.03401e-007,-0.874
9.03651e-007,-0.875667
9.03901e-007,-0.875667
9.04151e-007,-0.874
9.04401e-007,-0.874
9.04651e-007,-0.875667
9.04901e-007,-0.875667
9.05151e-007,-0.874
9.05401e-007,-0.874
9.05651e-007,-0.875667
9.05901e-007,-0.875667
9.06151e-007,-0.875667
9.06401e-007,-0.874
9.06651e-007,-0.875667
9.06901e-007,-0.875667
9.07151e-007,-0.875667
9.07401e-007,-0.874
9.07651e-007,-0.875667
9.07901e-007,-0.875667
9.08151e-007,-0.875667
9.08401e-007,-0.874
9.08651e-007,-0.875667
9.08901e-007,-0.875667
9.09151e-007,-0.875667
9.09401e-007,-0.874
9.09651e-007,-0.875667
9.09901e-007,-0.875667
9.10151e-007,-0.874
9.10401e-007,-0.874
9.10651e-007,-0.875667
9.10901e-007,-0.875667
9.11151e-007,-0.874
9.11401e-007,-0.874
9.11651e-007,-0.874
9.11901e-007,-0.875667
9.12151e-007,-0.874
9.12401e-007,-0.874
9.12651e-007,-0.874
9.12901e-007,-0.875667
9.13151e-007,-0.874
9.13401e-007,-0.874
9.13651e-007,-0.874
9.13901e-007,-0.875667
9.14151e-007,-0.874
9.14401e-007,-0.874
9.14651e-007,-0.874
9.14901e-007,-0.875667
9.15151e-007,-0.874
9.15401e-007,-0.874
9.15651e-007,-0.875667
9.15901e-007,-0.875667
9.16151e-007,-0.874
9.16401e-007,-0.874
9.16651e-007,-0.875667
9.16901e-007,-0.875667
9.17151e-007,-0.874
9.17401e-007,-0.874
9.17651e-007,-0.875667
9.17901e-007,-0.875667
9.18151e-007,-0.874
9.18401e-007,-0.874
9.18651e-007,-0.875667
9.18901e-007,-0.875667
9.19151e-007,-0.874
9.19401e-007,-0.874
9.19651e-007,-0.875667
9.19901e-007,-0.875667
9.20151e-007,-0.874
9.20401e-007,-0.874
9.20651e-007,-0.875667
9.20901e-007,-0.875667
9.21151e-007,-0.874
9.21401e-007,-0.874
9.21651e-007,-0.875667
9.21901e-007,-0.875667
9.22151e-007,-0.874
9.22401e-007,-0.874
9.22651e-007,-0.875667
9.22901e-007,-0.875667
9.23151e-007,-0.874
9.23401e-007,-0.874
9.23651e-007,-0.875667
9.23901e-007,-0.875667
9.24151e-007,-0.874
9.24401e-007,-0.874
9.24651e-007,-0.875667
9.24901e-007,-0.875667
9.25151e-007,-0.874
9.25401e-007,-0.874
9.25651e-007,-0.874
9.25901e-007,-0.875667
9.26151e-007,-0.874
9.26401e-007,-0.874
9.26651e-007,-0.874
9.26901e-007,-0.875667
9.27151e-007,-0.874
9.27401e-007,-0.874
9.27651e-007,-0.874
9.27901e-007,-0.875667
9.28151e-007,-0.874
9.28401e-007,-0.874
9.28651e-007,-0.874
9.28901e-007,-0.875667
9.29151e-007,-0.874
9.29401e-007,-0.874
9.29651e-007,-0.874
9.29901e-007,-0.875667
9.30151e-007,-0.874
9.30401e-007,-0.874
9.30651e-007,-0.874
9.30901e-007,-0.875667
9.31151e-007,-0.874
9.31401e-007,-0.874
9.31651e-007,-0.875667
9.31901e-007,-0.875667
9.32151e-007,-0.874
9.32401e-007,-0.874
9.32651e-007,-0.875667
9.32901e-007,-0.875667
9.33151e-007,-0.874
9.33401e-007,-0.874
9.33651e-007,-0.875667
9.33901e-007,-0.875667
9.34151e-007,-0.874
9.34401e-007,-0.874
9.34651e-007,-0.875667
9.34901e-007,-0.875667
9.35151e-007,-0.874
9.35401e-007,-0.874
9.35651e-007,-0.875667
9.35901e-007,-0.875667
9.36151e-007,-0.874
9.36401e-007,-0.874
9.36651e-007,-0.875667
9.36901e-007,-0.875667
9.37151e-007,-0.874
9.37401e-007,-0.874
9.37651e-007,-0.875667
9.37901e-007,-0.875667
9.38151e-007,-0.874
9.38401e-007,-0.874
9.38651e-007,-0.875667
9.38901e-007,-0.875667
9.39151e-007,-0.874
9.39401e-007,-0.874
9.39651e-007,-0.875667
9.39901e-007,-0.875667
9.40151e-007,-0.874
9.40401e-007,-0.874
9.40651e-007,-0.875667
9.40901e-007,-0.875667
9.41151e-007,-0.874
9.41401e-007,-0.874
9.41651e-007,-0.875667
9.41901e-007,-0.875667
9.42151e-007,-0.874
9.42401e-007,-0.874
9.42651e-007,-0.875667
9.42901e-007,-0.875667
9.43151e-007,-0.874
9.43401e-007,-0.874
9.43651e-007,-0.875667
9.43901e-007,-0.875667
9.44151e-007,-0.874
9.44401e-007,-0.874
9.44651e-007,-0.875667
9.44901e-007,-0.875667
9.45151e-007,-0.874
9.45401e-007,-0.874
9.45651e-007,-0.875667
9.45901e-007,-0.875667
9.46151e-007,-0.874
9.46401e-007,-0.874
9.46651e-007,-0.875667
9.46901e-007,-0.875667
9.47151e-007,-0.874
9.47401e-007,-0.874
9.47651e-007,-0.875667
9.47901e-007,-0.875667
9.48151e-007,-0.874
9.48401e-007,-0.874
9.48651e-007,-0.875667
9.48901e-007,-0.875667
9.49151e-007,-0.874
9.49401e-007,-0.874
9.49651e-007,-0.875667
9.49901e-007,-0.875667
9.50151e-007,-0.874
9.50401e-007,-0.874
9.50651e-007,-0.875667
9.50901e-007,-0.875667
9.51151e-007,-0.874
9.51401e-007,-0.874
9.51651e-007,-0.875667
9.51901e-007,-0.875667
9.52151e-007,-0.874
9.52401e-007,-0.874
9.52651e-007,-0.875667
9.52901e-007,-0.875667
9.53151e-007,-0.874
9.53401e-007,-0.874
9.53651e-007,-0.875667
9.53901e-007,-0.875667
9.54151e-007,-0.874
9.54401e-007,-0.874
9.54651e-007,-0.875667
9.54901e-007,-0.875667
9.55151e-007,-0.874
9.55401e-007,-0.874
9.55651e-007,-0.875667
9.55901e-007,-0.875667
9.56151e-007,-0.874
9.56401e-007,-0.874
9.56651e-007,-0.875667
9.56901e-007,-0.875667
9.57151e-007,-0.874
9.57401e-007,-0.874
9.57651e-007,-0.875667
9.57901e-007,-0.875667
9.58151e-007,-0.874
9.58401e-007,-0.874
9.58651e-007,-0.875667
9.58901e-007,-0.875667
9.59151e-007,-0.874
9.59401e-007,-0.874
9.59651e-007,-0.875667
9.59901e-007,-0.875667
9.60151e-007,-0.874
9.60401e-007,-0.874
9.60651e-007,-0.875667
9.60901e-007,-0.875667
9.61151e-007,-0.874
9.61401e-007,-0.874
9.61651e-007,-0.874
9.61901e-007,-0.875667
9.62151e-007,-0.874
9.62401e-007,-0.874
9.62651e-007,-0.874
9.62901e-007,-0.875667
9.63151e-007,-0.874
9.63401e-007,-0.874
9.63651e-007,-0.875667
9.63901e-007,-0.875667
9.64151e-007,-0.874
9.64401e-007,-0.874
9.64651e-007,-0.875667
9.64901e-007,-0.875667
9.65151e-007,-0.874
9.65401e-007,-0.874
9.65651e-007,-0.875667
9.65901e-007,-0.874
9.66151e-007,-0.874
9.66401e-007,-0.874
9.66651e-007,-0.875667
9.66901e-007,-0.875667
9.67151e-007,-0.874
9.67401e-007,-0.874
9.67651e-007,-0.875667
9.67901e-007,-0.875667
9.68151e-007,-0.874
9.68401e-007,-0.874
9.68651e-007,-0.875667
9.68901e-007,-0.875667
9.69151e-007,-0.874
9.69401e-007,-0.874
9.69651e-007,-0.875667
9.69901e-007,-0.875667
9.70151e-007,-0.874
9.70401e-007,-0.874
9.70651e-007,-0.874
9.70901e-007,-0.874
9.71151e-007,-0.874
9.71401e-007,-0.874
9.71651e-007,-0.875667
9.71901e-007,-0.875667
9.72151e-007,-0.874
9.72401e-007,-0.874
9.72651e-007,-0.875667
9.72901e-007,-0.875667
9.73151e-007,-0.874
9.73401e-007,-0.874
9.73651e-007,-0.875667
9.73901e-007,-0.875667
9.74151e-007,-0.874
9.74401e-007,-0.874
9.74651e-007,-0.875667
9.74901e-007,-0.875667
9.75151e-007,-0.874
9.75401e-007,-0.874
9.75651e-007,-0.875667
9.75901e-007,-0.875667
9.76151e-007,-0.874
9.76401e-007,-0.874
9.76651e-007,-0.875667
9.76901e-007,-0.875667
9.77151e-007,-0.874
9.77401e-007,-0.874
9.77651e-007,-0.875667
9.77901e-007,-0.875667
9.78151e-007,-0.874
9.78401e-007,-0.874
9.78651e-007,-0.875667
9.78901e-007,-0.875667
9.79151e-007,-0.874
9.79401e-007,-0.874
9.79651e-007,-0.875667
9.79901e-007,-0.875667
9.80151e-007,-0.874
9.80401e-007,-0.874
9.80651e-007,-0.875667
9.80901e-007,-0.875667
9.81151e-007,-0.874
9.81401e-007,-0.874
9.81651e-007,-0.875667
9.81901e-007,-0.875667
9.82151e-007,-0.874
9.82401e-007,-0.874
9.82651e-007,-0.875667
9.82901e-007,-0.875667
9.83151e-007,-0.874
9.83401e-007,-0.874
9.83651e-007,-0.875667
9.83901e-007,-0.875667
9.84151e-007,-0.874
9.84401e-007,-0.874
9.84651e-007,-0.875667
9.84901e-007,-0.875667
9.85151e-007,-0.874
9.85401e-007,-0.874
9.85651e-007,-0.875667
9.85901e-007,-0.875667
9.86151e-007,-0.874
9.86401e-007,-0.874
9.86651e-007,-0.875667
9.86901e-007,-0.875667
9.87151e-007,-0.874
9.87401e-007,-0.874
9.87651e-007,-0.875667
9.87901e-007,-0.875667
9.88151e-007,-0.874
9.88401e-007,-0.874
9.88651e-007,-0.875667
9.88901e-007,-0.875667
9.89151e-007,-0.874
9.89401e-007,-0.874
9.89651e-007,-0.875667
9.89901e-007,-0.875667
9.90151e-007,-0.874
9.90401e-007,-0.874
9.90651e-007,-0.875667
9.90901e-007,-0.875667
9.91151e-007,-0.874
9.91401e-007,-0.874
9.91651e-007,-0.875667
9.91901e-007,-0.875667
9.92151e-007,-0.874
9.92401e-007,-0.874
9.92651e-007,-0.875667
9.92901e-007,-0.875667
9.93151e-007,-0.874
9.93401e-007,-0.874
9.93651e-007,-0.875667
9.93901e-007,-0.875667
9.94151e-007,-0.874
9.94401e-007,-0.874
9.94651e-007,-0.875667
9.94901e-007,-0.875667
9.95151e-007,-0.874
9.95401e-007,-0.874
9.95651e-007,-0.875667
9.95901e-007,-0.875667
9.96151e-007,-0.874
9.96401e-007,-0.874
9.96651e-007,-0.875667
9.96901e-007,-0.875667
9.97151e-007,-0.874
9.97401e-007,-0.874
9.97651e-007,-0.875667
9.97901e-007,-0.875667
9.98151e-007,-0.874
9.98401e-007,-0.874
9.98651e-007,-0.875667
9.98901e-007,-0.875667
9.99151e-007,-0.874
9.99401e-007,-0.874
9.99651e-007,-0.875667
9.99901e-007,-0.875667
1.000151e-006,-0.874
1.000401e-006,-0.874
1.000651e-006,-0.875667
1.000901e-006,-0.875667
1.001151e-006,-0.874
1.001401e-006,-0.874
1.001651e-006,-0.875667
1.001901e-006,-0.875667
1.002151e-006,-0.874
1.002401e-006,-0.874
1.002651e-006,-0.875667
1.002901e-006,-0.875667
1.003151e-006,-0.874
1.003401e-006,-0.874
1.003651e-006,-0.875667
1.003901e-006,-0.875667
1.004151e-006,-0.874
1.004401e-006,-0.874
1.004651e-006,-0.875667
1.004901e-006,-0.875667
1.005151e-006,-0.874
1.005401e-006,-0.874
1.005651e-006,-0.875667
1.005901e-006,-0.875667
1.006151e-006,-0.874
1.006401e-006,-0.874
1.006651e-006,-0.874
1.006901e-006,-0.875667
1.007151e-006,-0.874
1.007401e-006,-0.874
1.007651e-006,-0.875667
1.007901e-006,-0.875667
1.008151e-006,-0.874
1.008401e-006,-0.874
1.008651e-006,-0.875667
1.008901e-006,-0.875667
1.009151e-006,-0.874
1.009401e-006,-0.874
1.009651e-006,-0.875667
1.009901e-006,-0.875667
1.010151e-006,-0.874
1.010401e-006,-0.874
1.010651e-006,-0.875667
1.010901e-006,-0.875667
1.011151e-006,-0.874
1.011401e-006,-0.874
1.011651e-006,-0.875667
1.011901e-006,-0.875667
1.012151e-006,-0.874
1.012401e-006,-0.874
1.012651e-006,-0.875667
1.012901e-006,-0.875667
1.013151e-006,-0.874
1.013401e-006,-0.874
1.013651e-006,-0.875667
1.013901e-006,-0.875667
1.014151e-006,-0.874
1.014401e-006,-0.874
1.014651e-006,-0.875667
1.014901e-006,-0.875667
1.015151e-006,-0.874
1.015401e-006,-0.874
1.015651e-006,-0.875667
1.015901e-006,-0.875667
1.016151e-006,-0.874
1.016401e-006,-0.874
1.016651e-006,-0.875667
1.016901e-006,-0.875667
1.017151e-006,-0.874
1.017401e-006,-0.874
1.017651e-006,-0.875667
1.017901e-006,-0.875667
1.018151e-006,-0.874
1.018401e-006,-0.874
1.018651e-006,-0.875667
1.018901e-006,-0.875667
1.019151e-006,-0.874
1.019401e-006,-0.874
1.019651e-006,-0.875667
1.019901e-006,-0.875667
1.020151e-006,-0.874
1.020401e-006,-0.874
1.020651e-006,-0.875667
1.020901e-006,-0.875667
1.021151e-006,-0.874
1.021401e-006,-0.874
1.021651e-006,-0.875667
1.021901e-006,-0.875667
1.022151e-006,-0.874
1.022401e-006,-0.874
1.022651e-006,-0.875667
1.022901e-006,-0.875667
1.023151e-006,-0.875667
1.023401e-006,-0.874
1.023651e-006,-0.875667
1.023901e-006,-0.875667
1.024151e-006,-0.875667
1.024401e-006,-0.874
1.024651e-006,-0.875667
1.024901e-006,-0.875667
1.025151e-006,-0.875667
1.025401e-006,-0.874
1.025651e-006,-0.875667
1.025901e-006,-0.875667
1.026151e-006,-0.874
1.026401e-006,-0.874
1.026651e-006,-0.875667
1.026901e-006,-0.875667
1.027151e-006,-0.874
1.027401e-006,-0.874
1.027651e-006,-0.875667
1.027901e-006,-0.875667
1.028151e-006,-0.874
1.028401e-006,-0.874
1.028651e-006,-0.875667
1.028901e-006,-0.875667
1.029151e-006,-0.874
1.029401e-006,-0.874
1.029651e-006,-0.875667
1.029901e-006,-0.875667
1.030151e-006,-0.874
1.030401e-006,-0.874
1.030651e-006,-0.875667
1.030901e-006,-0.875667
1.031151e-006,-0.874
1.031401e-006,-0.874
1.031651e-006,-0.875667
1.031901e-006,-0.875667
1.032151e-006,-0.874
1.032401e-006,-0.874
1.032651e-006,-0.875667
1.032901e-006,-0.875667
1.033151e-006,-0.874
1.033401e-006,-0.874
1.033651e-006,-0.875667
1.033901e-006,-0.875667
1.034151e-006,-0.874
1.034401e-006,-0.874
1.034651e-006,-0.875667
1.034901e-006,-0.875667
1.035151e-006,-0.874
1.035401e-006,-0.874
1.035651e-006,-0.875667
1.035901e-006,-0.875667
1.036151e-006,-0.874
1.036401e-006,-0.874
1.036651e-006,-0.875667
1.036901e-006,-0.875667
1.037151e-006,-0.874
1.037401e-006,-0.874
1.037651e-006,-0.875667
1.037901e-006,-0.875667
1.038151e-006,-0.874
1.038401e-006,-0.874
1.038651e-006,-0.875667
1.038901e-006,-0.875667
1.039151e-006,-0.874
1.039401e-006,-0.874
1.039651e-006,-0.875667
1.039901e-006,-0.875667
1.040151e-006,-0.874
1.040401e-006,-0.874
1.040651e-006,-0.875667
1.040901e-006,-0.875667
1.041151e-006,-0.874
1.041401e-006,-0.874
1.041651e-006,-0.875667
1.041901e-006,-0.875667
1.042151e-006,-0.874
1.042401e-006,-0.874
1.042651e-006,-0.875667
1.042901e-006,-0.875667
1.043151e-006,-0.874
1.043401e-006,-0.874
1.043651e-006,-0.875667
1.043901e-006,-0.875667
1.044151e-006,-0.874
1.044401e-006,-0.874
1.044651e-006,-0.875667
1.044901e-006,-0.875667
1.045151e-006,-0.874
1.045401e-006,-0.874
1.045651e-006,-0.875667
1.045901e-006,-0.875667
1.046151e-006,-0.874
1.046401e-006,-0.874
1.046651e-006,-0.875667
1.046901e-006,-0.875667
1.047151e-006,-0.874
1.047401e-006,-0.874
1.047651e-006,-0.875667
1.047901e-006,-0.875667
1.048151e-006,-0.874
1.048401e-006,-0.874
1.048651e-006,-0.875667
1.048901e-006,-0.875667
1.049151e-006,-0.874
1.049401e-006,-0.874
1.049651e-006,-0.875667
1.049901e-006,-0.875667
1.050151e-006,-0.874
1.050401e-006,-0.874
1.050651e-006,-0.875667
1.050901e-006,-0.875667
1.051151e-006,-0.874
1.051401e-006,-0.874
1.051651e-006,-0.875667
1.051901e-006,-0.875667
1.052151e-006,-0.874
1.052401e-006,-0.874
1.052651e-006,-0.875667
1.052901e-006,-0.875667
1.053151e-006,-0.874
1.053401e-006,-0.874
1.053651e-006,-0.875667
1.053901e-006,-0.875667
1.054151e-006,-0.874
1.054401e-006,-0.874
1.054651e-006,-0.875667
1.054901e-006,-0.875667
1.055151e-006,-0.874
1.055401e-006,-0.874
1.055651e-006,-0.875667
1.055901e-006,-0.875667
1.056151e-006,-0.874
1.056401e-006,-0.874
1.056651e-006,-0.875667
1.056901e-006,-0.875667
1.057151e-006,-0.874
1.057401e-006,-0.874
1.057651e-006,-0.875667
1.057901e-006,-0.875667
1.058151e-006,-0.874
1.058401e-006,-0.874
1.058651e-006,-0.874
1.058901e-006,-0.875667
1.059151e-006,-0.874
1.059401e-006,-0.874
1.059651e-006,-0.874
1.059901e-006,-0.875667
1.060151e-006,-0.874
1.060401e-006,-0.874
1.060651e-006,-0.874
1.060901e-006,-0.875667
1.061151e-006,-0.874
1.061401e-006,-0.874
1.061651e-006,-0.875667
1.061901e-006,-0.875667
1.062151e-006,-0.874
1.062401e-006,-0.874
1.062651e-006,-0.875667
1.062901e-006,-0.875667
1.063151e-006,-0.874
1.063401e-006,-0.874
1.063651e-006,-0.875667
1.063901e-006,-0.875667
1.064151e-006,-0.874
1.064401e-006,-0.874
1.064651e-006,-0.874
1.064901e-006,-0.875667
1.065151e-006,-0.874
1.065401e-006,-0.874
1.065651e-006,-0.874
1.065901e-006,-0.875667
1.066151e-006,-0.874
1.066401e-006,-0.874
1.066651e-006,-0.875667
1.066901e-006,-0.875667
1.067151e-006,-0.874
1.067401e-006,-0.874
1.067651e-006,-0.875667
1.067901e-006,-0.875667
1.068151e-006,-0.874
1.068401e-006,-0.874
1.068651e-006,-0.875667
1.068901e-006,-0.875667
1.069151e-006,-0.874
1.069401e-006,-0.874
1.069651e-006,-0.875667
1.069901e-006,-0.875667
1.070151e-006,-0.874
1.070401e-006,-0.874
1.070651e-006,-0.875667
1.070901e-006,-0.875667
1.071151e-006,-0.874
1.071401e-006,-0.874
1.071651e-006,-0.875667
1.071901e-006,-0.875667
1.072151e-006,-0.874
1.072401e-006,-0.874
1.072651e-006,-0.875667
1.072901e-006,-0.875667
1.073151e-006,-0.874
1.073401e-006,-0.874
1.073651e-006,-0.875667
1.073901e-006,-0.875667
1.074151e-006,-0.874
1.074401e-006,-0.874
1.074651e-006,-0.875667
1.074901e-006,-0.875667
1.075151e-006,-0.874
1.075401e-006,-0.874
1.075651e-006,-0.875667
1.075901e-006,-0.875667
1.076151e-006,-0.874
1.076401e-006,-0.874
1.076651e-006,-0.875667
1.076901e-006,-0.875667
1.077151e-006,-0.874
1.077401e-006,-0.874
1.077651e-006,-0.875667
1.077901e-006,-0.875667
1.078151e-006,-0.874
1.078401e-006,-0.874
1.078651e-006,-0.875667
1.078901e-006,-0.875667
1.079151e-006,-0.874
1.079401e-006,-0.874
1.079651e-006,-0.875667
1.079901e-006,-0.875667
1.080151e-006,-0.874
1.080401e-006,-0.874
1.080651e-006,-0.875667
1.080901e-006,-0.875667
1.081151e-006,-0.874
1.081401e-006,-0.874
1.081651e-006,-0.875667
1.081901e-006,-0.875667
1.082151e-006,-0.874
1.082401e-006,-0.874
1.082651e-006,-0.874
1.082901e-006,-0.875667
1.083151e-006,-0.874
1.083401e-006,-0.874
1.083651e-006,-0.875667
1.083901e-006,-0.875667
1.084151e-006,-0.874
1.084401e-006,-0.874
1.084651e-006,-0.875667
1.084901e-006,-0.875667
1.085151e-006,-0.874
1.085401e-006,-0.874
1.085651e-006,-0.875667
1.085901e-006,-0.875667
1.086151e-006,-0.874
1.086401e-006,-0.874
1.086651e-006,-0.875667
1.086901e-006,-0.875667
1.087151e-006,-0.874
1.087401e-006,-0.874
1.087651e-006,-0.875667
1.087901e-006,-0.875667
1.088151e-006,-0.874
1.088401e-006,-0.874
1.088651e-006,-0.875667
1.088901e-006,-0.875667
1.089151e-006,-0.874
1.089401e-006,-0.874
1.089651e-006,-0.875667
1.089901e-006,-0.875667
1.090151e-006,-0.874
1.090401e-006,-0.874
1.090651e-006,-0.875667
1.090901e-006,-0.875667
1.091151e-006,-0.874
1.091401e-006,-0.874
1.091651e-006,-0.875667
1.091901e-006,-0.875667
1.092151e-006,-0.874
1.092401e-006,-0.874
1.092651e-006,-0.875667
1.092901e-006,-0.875667
1.093151e-006,-0.874
1.093401e-006,-0.874
1.093651e-006,-0.875667
1.093901e-006,-0.875667
1.094151e-006,-0.874
1.094401e-006,-0.874
1.094651e-006,-0.875667
1.094901e-006,-0.875667
1.095151e-006,-0.874
1.095401e-006,-0.874
1.095651e-006,-0.875667
1.095901e-006,-0.875667
1.096151e-006,-0.874
1.096401e-006,-0.874
1.096651e-006,-0.875667
1.096901e-006,-0.875667
1.097151e-006,-0.875667
1.097401e-006,-0.874
1.097651e-006,-0.875667
1.097901e-006,-0.875667
1.098151e-006,-0.874
1.098401e-006,-0.874
1.098651e-006,-0.875667
1.098901e-006,-0.875667
1.099151e-006,-0.874
1.099401e-006,-0.874
1.099651e-006,-0.875667
1.099901e-006,-0.875667
1.100151e-006,-0.874
1.100401e-006,-0.874
1.100651e-006,-0.875667
1.100901e-006,-0.875667
1.101151e-006,-0.874
1.101401e-006,-0.874
1.101651e-006,-0.875667
1.101901e-006,-0.875667
1.102151e-006,-0.874
1.102401e-006,-0.874
1.102651e-006,-0.875667
1.102901e-006,-0.875667
1.103151e-006,-0.874
1.103401e-006,-0.874
1.103651e-006,-0.875667
1.103901e-006,-0.875667
1.104151e-006,-0.874
1.104401e-006,-0.874
1.104651e-006,-0.875667
1.104901e-006,-0.875667
1.105151e-006,-0.874
1.105401e-006,-0.874
1.105651e-006,-0.875667
1.105901e-006,-0.875667
1.106151e-006,-0.874
1.106401e-006,-0.874
1.106651e-006,-0.875667
1.106901e-006,-0.875667
1.107151e-006,-0.874
1.107401e-006,-0.874
1.107651e-006,-0.875667
1.107901e-006,-0.875667
1.108151e-006,-0.874
1.108401e-006,-0.874
1.108651e-006,-0.875667
1.108901e-006,-0.875667
1.109151e-006,-0.874
1.109401e-006,-0.874
1.109651e-006,-0.875667
1.109901e-006,-0.875667
1.110151e-006,-0.874
1.110401e-006,-0.874
1.110651e-006,-0.875667
1.110901e-006,-0.875667
1.111151e-006,-0.875667
1.111401e-006,-0.874
1.111651e-006,-0.875667
1.111901e-006,-0.875667
1.112151e-006,-0.874
1.112401e-006,-0.874
1.112651e-006,-0.875667
1.112901e-006,-0.875667
1.113151e-006,-0.874
1.113401e-006,-0.874
1.113651e-006,-0.875667
1.113901e-006,-0.875667
1.114151e-006,-0.874
1.114401e-006,-0.874
1.114651e-006,-0.875667
1.114901e-006,-0.875667
1.115151e-006,-0.874
1.115401e-006,-0.874
1.115651e-006,-0.875667
1.115901e-006,-0.875667
1.116151e-006,-0.874
1.116401e-006,-0.874
1.116651e-006,-0.875667
1.116901e-006,-0.875667
1.117151e-006,-0.874
1.117401e-006,-0.874
1.117651e-006,-0.875667
1.117901e-006,-0.875667
1.118151e-006,-0.874
1.118401e-006,-0.874
1.118651e-006,-0.875667
1.118901e-006,-0.875667
1.119151e-006,-0.874
1.119401e-006,-0.874
1.119651e-006,-0.874
1.119901e-006,-0.875667
1.120151e-006,-0.874
1.120401e-006,-0.874
1.120651e-006,-0.875667
1.120901e-006,-0.875667
1.121151e-006,-0.874
1.121401e-006,-0.874
1.121651e-006,-0.875667
1.121901e-006,-0.875667
1.122151e-006,-0.874
1.122401e-006,-0.874
1.122651e-006,-0.875667
1.122901e-006,-0.875667
1.123151e-006,-0.874
1.123401e-006,-0.874
1.123651e-006,-0.875667
1.123901e-006,-0.875667
1.124151e-006,-0.874
1.124401e-006,-0.874
1.124651e-006,-0.875667
1.124901e-006,-0.875667
1.125151e-006,-0.874
1.125401e-006,-0.874
1.125651e-006,-0.875667
1.125901e-006,-0.875667
1.126151e-006,-0.874
1.126401e-006,-0.874
1.126651e-006,-0.875667
1.126901e-006,-0.875667
1.127151e-006,-0.875667
1.127401e-006,-0.874
1.127651e-006,-0.875667
1.127901e-006,-0.875667
1.128151e-006,-0.875667
1.128401e-006,-0.874
1.128651e-006,-0.875667
1.128901e-006,-0.875667
1.129151e-006,-0.875667
1.129401e-006,-0.874
1.129651e-006,-0.875667
1.129901e-006,-0.875667
1.130151e-006,-0.875667
1.130401e-006,-0.874
1.130651e-006,-0.875667
1.130901e-006,-0.875667
1.131151e-006,-0.875667
1.131401e-006,-0.874
1.131651e-006,-0.875667
1.131901e-006,-0.875667
1.132151e-006,-0.874
1.132401e-006,-0.874
1.132651e-006,-0.875667
1.132901e-006,-0.875667
1.133151e-006,-0.874
1.133401e-006,-0.874
1.133651e-006,-0.875667
1.133901e-006,-0.875667
1.134151e-006,-0.874
1.134401e-006,-0.874
1.134651e-006,-0.875667
1.134901e-006,-0.875667
1.135151e-006,-0.874
1.135401e-006,-0.874
1.135651e-006,-0.875667
1.135901e-006,-0.875667
1.136151e-006,-0.874
1.136401e-006,-0.874
1.136651e-006,-0.875667
1.136901e-006,-0.875667
1.137151e-006,-0.874
1.137401e-006,-0.874
1.137651e-006,-0.875667
1.137901e-006,-0.875667
1.138151e-006,-0.874
1.138401e-006,-0.874
1.138651e-006,-0.875667
1.138901e-006,-0.875667
1.139151e-006,-0.874
1.139401e-006,-0.874
1.139651e-006,-0.875667
1.139901e-006,-0.875667
1.140151e-006,-0.874
1.140401e-006,-0.874
1.140651e-006,-0.875667
1.140901e-006,-0.875667
1.141151e-006,-0.874
1.141401e-006,-0.874
1.141651e-006,-0.874
1.141901e-006,-0.875667
1.142151e-006,-0.874
1.142401e-006,-0.874
1.142651e-006,-0.874
1.142901e-006,-0.875667
1.143151e-006,-0.874
1.143401e-006,-0.874
1.143651e-006,-0.874
1.143901e-006,-0.875667
1.144151e-006,-0.874
1.144401e-006,-0.874
1.144651e-006,-0.875667
1.144901e-006,-0.875667
1.145151e-006,-0.874
1.145401e-006,-0.874
1.145651e-006,-0.875667
1.145901e-006,-0.875667
1.146151e-006,-0.874
1.146401e-006,-0.874
1.146651e-006,-0.875667
1.146901e-006,-0.875667
1.147151e-006,-0.874
1.147401e-006,-0.874
1.147651e-006,-0.875667
1.147901e-006,-0.875667
1.148151e-006,-0.874
1.148401e-006,-0.874
1.148651e-006,-0.875667
1.148901e-006,-0.875667
1.149151e-006,-0.874
1.149401e-006,-0.874
1.149651e-006,-0.875667
1.149901e-006,-0.875667
1.150151e-006,-0.874
1.150401e-006,-0.874
1.150651e-006,-0.875667
1.150901e-006,-0.875667
1.151151e-006,-0.874
1.151401e-006,-0.874
1.151651e-006,-0.875667
1.151901e-006,-0.875667
1.152151e-006,-0.874
1.152401e-006,-0.874
1.152651e-006,-0.875667
1.152901e-006,-0.875667
1.153151e-006,-0.875667
1.153401e-006,-0.874
1.153651e-006,-0.875667
1.153901e-006,-0.875667
1.154151e-006,-0.875667
1.154401e-006,-0.874
1.154651e-006,-0.875667
1.154901e-006,-0.875667
1.155151e-006,-0.875667
1.155401e-006,-0.874
1.155651e-006,-0.875667
1.155901e-006,-0.875667
1.156151e-006,-0.874
1.156401e-006,-0.874
1.156651e-006,-0.875667
1.156901e-006,-0.875667
1.157151e-006,-0.874
1.157401e-006,-0.874
1.157651e-006,-0.875667
1.157901e-006,-0.875667
1.158151e-006,-0.874
1.158401e-006,-0.874
1.158651e-006,-0.875667
1.158901e-006,-0.875667
1.159151e-006,-0.874
1.159401e-006,-0.874
1.159651e-006,-0.875667
1.159901e-006,-0.875667
1.160151e-006,-0.874
1.160401e-006,-0.874
1.160651e-006,-0.875667
1.160901e-006,-0.875667
1.161151e-006,-0.874
1.161401e-006,-0.874
1.161651e-006,-0.875667
1.161901e-006,-0.875667
1.162151e-006,-0.874
1.162401e-006,-0.874
1.162651e-006,-0.875667
1.162901e-006,-0.875667
1.163151e-006,-0.874
1.163401e-006,-0.874
1.163651e-006,-0.875667
1.163901e-006,-0.875667
1.164151e-006,-0.874
1.164401e-006,-0.874
1.164651e-006,-0.875667
1.164901e-006,-0.875667
1.165151e-006,-0.874
1.165401e-006,-0.874
1.165651e-006,-0.875667
1.165901e-006,-0.875667
1.166151e-006,-0.874
1.166401e-006,-0.874
1.166651e-006,-0.875667
1.166901e-006,-0.875667
1.167151e-006,-0.874
1.167401e-006,-0.874
1.167651e-006,-0.875667
1.167901e-006,-0.875667
1.168151e-006,-0.874
1.168401e-006,-0.874
1.168651e-006,-0.875667
1.168901e-006,-0.875667
1.169151e-006,-0.874
1.169401e-006,-0.874
1.169651e-006,-0.875667
1.169901e-006,-0.875667
1.170151e-006,-0.874
1.170401e-006,-0.874
1.170651e-006,-0.875667
1.170901e-006,-0.875667
1.171151e-006,-0.874
1.171401e-006,-0.874
1.171651e-006,-0.875667
1.171901e-006,-0.875667
1.172151e-006,-0.874
1.172401e-006,-0.874
1.172651e-006,-0.875667
1.172901e-006,-0.875667
1.173151e-006,-0.874
1.173401e-006,-0.874
1.173651e-006,-0.874
1.173901e-006,-0.875667
1.174151e-006,-0.874
1.174401e-006,-0.874
1.174651e-006,-0.874
1.174901e-006,-0.874
1.175151e-006,-0.874
1.175401e-006,-0.874
1.175651e-006,-0.874
1.175901e-006,-0.874
1.176151e-006,-0.874
1.176401e-006,-0.874
1.176651e-006,-0.874
1.176901e-006,-0.875667
1.177151e-006,-0.874
1.177401e-006,-0.874
1.177651e-006,-0.874
1.177901e-006,-0.875667
1.178151e-006,-0.874
1.178401e-006,-0.874
1.178651e-006,-0.875667
1.178901e-006,-0.875667
1.179151e-006,-0.874
1.179401e-006,-0.874
1.179651e-006,-0.875667
1.179901e-006,-0.875667
1.180151e-006,-0.874
1.180401e-006,-0.874
1.180651e-006,-0.875667
1.180901e-006,-0.875667
1.181151e-006,-0.874
1.181401e-006,-0.874
1.181651e-006,-0.875667
1.181901e-006,-0.875667
1.182151e-006,-0.874
1.182401e-006,-0.874
1.182651e-006,-0.875667
1.182901e-006,-0.875667
1.183151e-006,-0.874
1.183401e-006,-0.874
1.183651e-006,-0.875667
1.183901e-006,-0.875667
1.184151e-006,-0.874
1.184401e-006,-0.874
1.184651e-006,-0.875667
1.184901e-006,-0.875667
1.185151e-006,-0.874
1.185401e-006,-0.874
1.185651e-006,-0.875667
1.185901e-006,-0.875667
1.186151e-006,-0.874
1.186401e-006,-0.874
1.186651e-006,-0.875667
1.186901e-006,-0.875667
1.187151e-006,-0.874
1.187401e-006,-0.874
1.187651e-006,-0.875667
1.187901e-006,-0.875667
1.188151e-006,-0.874
1.188401e-006,-0.874
1.188651e-006,-0.875667
1.188901e-006,-0.875667
1.189151e-006,-0.874
1.189401e-006,-0.874
1.189651e-006,-0.875667
1.189901e-006,-0.875667
1.190151e-006,-0.874
1.190401e-006,-0.874
1.190651e-006,-0.875667
1.190901e-006,-0.875667
1.191151e-006,-0.874
1.191401e-006,-0.874
1.191651e-006,-0.875667
1.191901e-006,-0.875667
1.192151e-006,-0.874
1.192401e-006,-0.874
1.192651e-006,-0.875667
1.192901e-006,-0.875667
1.193151e-006,-0.874
1.193401e-006,-0.874
1.193651e-006,-0.875667
1.193901e-006,-0.875667
1.194151e-006,-0.875667
1.194401e-006,-0.874
1.194651e-006,-0.875667
1.194901e-006,-0.875667
1.195151e-006,-0.874
1.195401e-006,-0.874
1.195651e-006,-0.875667
1.195901e-006,-0.875667
1.196151e-006,-0.874
1.196401e-006,-0.874
1.196651e-006,-0.875667
1.196901e-006,-0.875667
1.197151e-006,-0.874
1.197401e-006,-0.874
1.197651e-006,-0.875667
1.197901e-006,-0.875667
1.198151e-006,-0.874
1.198401e-006,-0.874
1.198651e-006,-0.875667
1.198901e-006,-0.875667
1.199151e-006,-0.874
1.199401e-006,-0.874
1.199651e-006,-0.875667
1.199901e-006,-0.875667
1.200151e-006,-0.874
1.200401e-006,-0.874
1.200651e-006,-0.875667
1.200901e-006,-0.875667
1.201151e-006,-0.874
1.201401e-006,-0.874
1.201651e-006,-0.875667
1.201901e-006,-0.875667
1.202151e-006,-0.874
1.202401e-006,-0.874
1.202651e-006,-0.875667
1.202901e-006,-0.875667
1.203151e-006,-0.875667
1.203401e-006,-0.874
1.203651e-006,-0.875667
1.203901e-006,-0.875667
1.204151e-006,-0.875667
1.204401e-006,-0.874
1.204651e-006,-0.875667
1.204901e-006,-0.875667
1.205151e-006,-0.875667
1.205401e-006,-0.874
1.205651e-006,-0.875667
1.205901e-006,-0.875667
1.206151e-006,-0.875667
1.206401e-006,-0.874
1.206651e-006,-0.875667
1.206901e-006,-0.875667
1.207151e-006,-0.874
1.207401e-006,-0.874
1.207651e-006,-0.875667
1.207901e-006,-0.875667
1.208151e-006,-0.874
1.208401e-006,-0.874
1.208651e-006,-0.875667
1.208901e-006,-0.875667
1.209151e-006,-0.874
1.209401e-006,-0.874
1.209651e-006,-0.875667
1.209901e-006,-0.875667
1.210151e-006,-0.874
1.210401e-006,-0.874
1.210651e-006,-0.875667
1.210901e-006,-0.875667
1.211151e-006,-0.874
1.211401e-006,-0.874
1.211651e-006,-0.875667
1.211901e-006,-0.875667
1.212151e-006,-0.874
1.212401e-006,-0.874
1.212651e-006,-0.875667
1.212901e-006,-0.875667
1.213151e-006,-0.874
1.213401e-006,-0.874
1.213651e-006,-0.875667
1.213901e-006,-0.875667
1.214151e-006,-0.874
1.214401e-006,-0.874
1.214651e-006,-0.875667
1.214901e-006,-0.875667
1.215151e-006,-0.874
1.215401e-006,-0.874
1.215651e-006,-0.875667
1.215901e-006,-0.875667
1.216151e-006,-0.874
1.216401e-006,-0.874
1.216651e-006,-0.875667
1.216901e-006,-0.875667
1.217151e-006,-0.874
1.217401e-006,-0.874
1.217651e-006,-0.875667
1.217901e-006,-0.875667
1.218151e-006,-0.874
1.218401e-006,-0.874
1.218651e-006,-0.875667
1.218901e-006,-0.875667
1.219151e-006,-0.874
1.219401e-006,-0.874
1.219651e-006,-0.875667
1.219901e-006,-0.875667
1.220151e-006,-0.874
1.220401e-006,-0.874
1.220651e-006,-0.875667
1.220901e-006,-0.875667
1.221151e-006,-0.874
1.221401e-006,-0.874
1.221651e-006,-0.875667
1.221901e-006,-0.875667
1.222151e-006,-0.874
1.222401e-006,-0.874
1.222651e-006,-0.875667
1.222901e-006,-0.875667
1.223151e-006,-0.874
1.223401e-006,-0.874
1.223651e-006,-0.875667
1.223901e-006,-0.875667
1.224151e-006,-0.874
1.224401e-006,-0.874
1.224651e-006,-0.875667
1.224901e-006,-0.875667
1.225151e-006,-0.874
1.225401e-006,-0.874
1.225651e-006,-0.875667
1.225901e-006,-0.875667
1.226151e-006,-0.874
1.226401e-006,-0.874
1.226651e-006,-0.875667
1.226901e-006,-0.874
1.227151e-006,-0.874
1.227401e-006,-0.874
1.227651e-006,-0.875667
1.227901e-006,-0.875667
1.228151e-006,-0.874
1.228401e-006,-0.874
1.228651e-006,-0.875667
1.228901e-006,-0.875667
1.229151e-006,-0.874
1.229401e-006,-0.874
1.229651e-006,-0.875667
1.229901e-006,-0.875667
1.230151e-006,-0.874
1.230401e-006,-0.874
1.230651e-006,-0.875667
1.230901e-006,-0.875667
1.231151e-006,-0.874
1.231401e-006,-0.874
1.231651e-006,-0.875667
1.231901e-006,-0.874
1.232151e-006,-0.874
1.232401e-006,-0.874
1.232651e-006,-0.875667
1.232901e-006,-0.875667
1.233151e-006,-0.874
1.233401e-006,-0.874
1.233651e-006,-0.875667
1.233901e-006,-0.875667
1.234151e-006,-0.875667
1.234401e-006,-0.874
1.234651e-006,-0.875667
1.234901e-006,-0.875667
1.235151e-006,-0.875667
1.235401e-006,-0.874
1.235651e-006,-0.875667
1.235901e-006,-0.875667
1.236151e-006,-0.875667
1.236401e-006,-0.874
1.236651e-006,-0.875667
1.236901e-006,-0.875667
1.237151e-006,-0.875667
1.237401e-006,-0.874
1.237651e-006,-0.875667
1.237901e-006,-0.875667
1.238151e-006,-0.874
1.238401e-006,-0.874
1.238651e-006,-0.875667
1.238901e-006,-0.875667
1.239151e-006,-0.874
1.239401e-006,-0.874
1.239651e-006,-0.874
1.239901e-006,-0.875667
1.240151e-006,-0.874
1.240401e-006,-0.874
1.240651e-006,-0.874
1.240901e-006,-0.874
1.241151e-006,-0.874
1.241401e-006,-0.874
1.241651e-006,-0.875667
1.241901e-006,-0.874
1.242151e-006,-0.874
1.242401e-006,-0.874
1.242651e-006,-0.875667
1.242901e-006,-0.875667
1.243151e-006,-0.875667
1.243401e-006,-0.874
1.243651e-006,-0.875667
1.243901e-006,-0.875667
1.244151e-006,-0.875667
1.244401e-006,-0.874
1.244651e-006,-0.875667
1.244901e-006,-0.875667
1.245151e-006,-0.875667
1.245401e-006,-0.874
1.245651e-006,-0.875667
1.245901e-006,-0.875667
1.246151e-006,-0.875667
1.246401e-006,-0.874
1.246651e-006,-0.875667
1.246901e-006,-0.875667
1.247151e-006,-0.875667
1.247401e-006,-0.874
1.247651e-006,-0.875667
1.247901e-006,-0.875667
1.248151e-006,-0.874
1.248401e-006,-0.874
1.248651e-006,-0.875667
1.248901e-006,-0.875667
1.249151e-006,-0.874
1.249401e-006,-0.874
1.249651e-006,-0.875667
1.249901e-006,-0.875667
1.250151e-006,-0.875667
1.250401e-006,-0.874
1.250651e-006,-0.875667
1.250901e-006,-0.875667
1.251151e-006,-0.875667
1.251401e-006,-0.874
1.251651e-006,-0.875667
1.251901e-006,-0.875667
1.252151e-006,-0.875667
1.252401e-006,-0.874
1.252651e-006,-0.875667
1.252901e-006,-0.875667
1.253151e-006,-0.875667
1.253401e-006,-0.874
1.253651e-006,-0.875667
1.253901e-006,-0.875667
1.254151e-006,-0.874
1.254401e-006,-0.874
1.254651e-006,-0.875667
1.254901e-006,-0.875667
1.255151e-006,-0.874
1.255401e-006,-0.874
1.255651e-006,-0.875667
1.255901e-006,-0.875667
1.256151e-006,-0.875667
1.256401e-006,-0.874
1.256651e-006,-0.875667
1.256901e-006,-0.875667
1.257151e-006,-0.875667
1.257401e-006,-0.874
1.257651e-006,-0.875667
1.257901e-006,-0.875667
1.258151e-006,-0.874
1.258401e-006,-0.874
1.258651e-006,-0.875667
1.258901e-006,-0.875667
1.259151e-006,-0.874
1.259401e-006,-0.874
1.259651e-006,-0.875667
1.259901e-006,-0.875667
1.260151e-006,-0.874
1.260401e-006,-0.874
1.260651e-006,-0.875667
1.260901e-006,-0.875667
1.261151e-006,-0.874
1.261401e-006,-0.874
1.261651e-006,-0.875667
1.261901e-006,-0.875667
1.262151e-006,-0.874
1.262401e-006,-0.874
1.262651e-006,-0.875667
1.262901e-006,-0.875667
1.263151e-006,-0.874
1.263401e-006,-0.874
1.263651e-006,-0.875667
1.263901e-006,-0.875667
1.264151e-006,-0.874
1.264401e-006,-0.874
1.264651e-006,-0.875667
1.264901e-006,-0.875667
1.265151e-006,-0.874
1.265401e-006,-0.874
1.265651e-006,-0.875667
1.265901e-006,-0.875667
1.266151e-006,-0.874
1.266401e-006,-0.874
1.266651e-006,-0.875667
1.266901e-006,-0.875667
1.267151e-006,-0.874
1.267401e-006,-0.874
1.267651e-006,-0.875667
1.267901e-006,-0.875667
1.268151e-006,-0.874
1.268401e-006,-0.874
1.268651e-006,-0.875667
1.268901e-006,-0.875667
1.269151e-006,-0.874
1.269401e-006,-0.874
1.269651e-006,-0.874
1.269901e-006,-0.875667
1.270151e-006,-0.874
1.270401e-006,-0.874
1.270651e-006,-0.874
1.270901e-006,-0.875667
1.271151e-006,-0.874
1.271401e-006,-0.874
1.271651e-006,-0.875667
1.271901e-006,-0.875667
1.272151e-006,-0.874
1.272401e-006,-0.874
1.272651e-006,-0.875667
1.272901e-006,-0.875667
1.273151e-006,-0.874
1.273401e-006,-0.874
1.273651e-006,-0.875667
1.273901e-006,-0.875667
1.274151e-006,-0.874
1.274401e-006,-0.874
1.274651e-006,-0.875667
1.274901e-006,-0.875667
1.275151e-006,-0.874
1.275401e-006,-0.874
1.275651e-006,-0.875667
1.275901e-006,-0.875667
1.276151e-006,-0.874
1.276401e-006,-0.874
1.276651e-006,-0.875667
1.276901e-006,-0.875667
1.277151e-006,-0.874
1.277401e-006,-0.874
1.277651e-006,-0.875667
1.277901e-006,-0.875667
1.278151e-006,-0.874
1.278401e-006,-0.874
1.278651e-006,-0.875667
1.278901e-006,-0.875667
1.279151e-006,-0.875667
1.279401e-006,-0.874
1.279651e-006,-0.875667
1.279901e-006,-0.875667
1.280151e-006,-0.875667
1.280401e-006,-0.874
1.280651e-006,-0.875667
1.280901e-006,-0.875667
1.281151e-006,-0.875667
1.281401e-006,-0.874
1.281651e-006,-0.875667
1.281901e-006,-0.875667
1.282151e-006,-0.875667
1.282401e-006,-0.874
1.282651e-006,-0.875667
1.282901e-006,-0.875667
1.283151e-006,-0.874
1.283401e-006,-0.874
1.283651e-006,-0.875667
1.283901e-006,-0.875667
1.284151e-006,-0.874
1.284401e-006,-0.874
1.284651e-006,-0.875667
1.284901e-006,-0.875667
1.285151e-006,-0.874
1.285401e-006,-0.874
1.285651e-006,-0.875667
1.285901e-006,-0.875667
1.286151e-006,-0.874
1.286401e-006,-0.874
1.286651e-006,-0.875667
1.286901e-006,-0.874
1.287151e-006,-0.874
1.287401e-006,-0.874
1.287651e-006,-0.875667
1.287901e-006,-0.875667
1.288151e-006,-0.874
1.288401e-006,-0.874
1.288651e-006,-0.875667
1.288901e-006,-0.875667
1.289151e-006,-0.874
1.289401e-006,-0.874
1.289651e-006,-0.875667
1.289901e-006,-0.875667
1.290151e-006,-0.874
1.290401e-006,-0.874
1.290651e-006,-0.875667
1.290901e-006,-0.875667
1.291151e-006,-0.874
1.291401e-006,-0.874
1.291651e-006,-0.875667
1.291901e-006,-0.875667
1.292151e-006,-0.874
1.292401e-006,-0.874
1.292651e-006,-0.875667
1.292901e-006,-0.875667
1.293151e-006,-0.874
1.293401e-006,-0.874
1.293651e-006,-0.875667
1.293901e-006,-0.875667
1.294151e-006,-0.874
1.294401e-006,-0.874
1.294651e-006,-0.875667
1.294901e-006,-0.875667
1.295151e-006,-0.874
1.295401e-006,-0.874
1.295651e-006,-0.875667
1.295901e-006,-0.875667
1.296151e-006,-0.874
1.296401e-006,-0.874
1.296651e-006,-0.875667
1.296901e-006,-0.875667
1.297151e-006,-0.874
1.297401e-006,-0.874
1.297651e-006,-0.875667
1.297901e-006,-0.875667
1.298151e-006,-0.874
1.298401e-006,-0.874
1.298651e-006,-0.875667
1.298901e-006,-0.875667
1.299151e-006,-0.874
1.299401e-006,-0.874
1.299651e-006,-0.875667
1.299901e-006,-0.875667
1.300151e-006,-0.874
1.300401e-006,-0.874
1.300651e-006,-0.875667
1.300901e-006,-0.875667
1.301151e-006,-0.874
1.301401e-006,-0.874
1.301651e-006,-0.875667
1.301901e-006,-0.875667
1.302151e-006,-0.874
1.302401e-006,-0.874
1.302651e-006,-0.875667
1.302901e-006,-0.875667
1.303151e-006,-0.874
1.303401e-006,-0.874
1.303651e-006,-0.875667
1.303901e-006,-0.875667
1.304151e-006,-0.874
1.304401e-006,-0.874
1.304651e-006,-0.875667
1.304901e-006,-0.875667
1.305151e-006,-0.874
1.305401e-006,-0.874
1.305651e-006,-0.875667
1.305901e-006,-0.875667
1.306151e-006,-0.874
1.306401e-006,-0.874
1.306651e-006,-0.875667
1.306901e-006,-0.875667
1.307151e-006,-0.875667
1.307401e-006,-0.874
1.307651e-006,-0.875667
1.307901e-006,-0.875667
1.308151e-006,-0.875667
1.308401e-006,-0.874
1.308651e-006,-0.875667
1.308901e-006,-0.875667
1.309151e-006,-0.875667
1.309401e-006,-0.874
1.309651e-006,-0.875667
1.309901e-006,-0.875667
1.310151e-006,-0.875667
1.310401e-006,-0.874
1.310651e-006,-0.875667
1.310901e-006,-0.875667
1.311151e-006,-0.875667
1.311401e-006,-0.874
1.311651e-006,-0.875667
1.311901e-006,-0.875667
1.312151e-006,-0.875667
1.312401e-006,-0.874
1.312651e-006,-0.875667
1.312901e-006,-0.875667
1.313151e-006,-0.875667
1.313401e-006,-0.874
1.313651e-006,-0.875667
1.313901e-006,-0.875667
1.314151e-006,-0.875667
1.314401e-006,-0.874
1.314651e-006,-0.875667
1.314901e-006,-0.875667
1.315151e-006,-0.875667
1.315401e-006,-0.874
1.315651e-006,-0.875667
1.315901e-006,-0.875667
1.316151e-006,-0.874
1.316401e-006,-0.874
1.316651e-006,-0.875667
1.316901e-006,-0.875667
1.317151e-006,-0.874
1.317401e-006,-0.874
1.317651e-006,-0.875667
1.317901e-006,-0.875667
1.318151e-006,-0.874
1.318401e-006,-0.874
1.318651e-006,-0.875667
1.318901e-006,-0.875667
1.319151e-006,-0.874
1.319401e-006,-0.874
1.319651e-006,-0.875667
1.319901e-006,-0.875667
1.320151e-006,-0.874
1.320401e-006,-0.874
1.320651e-006,-0.875667
1.320901e-006,-0.875667
1.321151e-006,-0.874
1.321401e-006,-0.874
1.321651e-006,-0.875667
1.321901e-006,-0.875667
1.322151e-006,-0.874
1.322401e-006,-0.874
1.322651e-006,-0.875667
1.322901e-006,-0.875667
1.323151e-006,-0.874
1.323401e-006,-0.874
1.323651e-006,-0.875667
1.323901e-006,-0.875667
1.324151e-006,-0.874
1.324401e-006,-0.874
1.324651e-006,-0.875667
1.324901e-006,-0.875667
1.325151e-006,-0.874
1.325401e-006,-0.874
1.325651e-006,-0.875667
1.325901e-006,-0.875667
1.326151e-006,-0.874
1.326401e-006,-0.874
1.326651e-006,-0.875667
1.326901e-006,-0.875667
1.327151e-006,-0.874
1.327401e-006,-0.874
1.327651e-006,-0.875667
1.327901e-006,-0.875667
1.328151e-006,-0.874
1.328401e-006,-0.874
1.328651e-006,-0.875667
1.328901e-006,-0.875667
1.329151e-006,-0.874
1.329401e-006,-0.874
1.329651e-006,-0.875667
1.329901e-006,-0.875667
1.330151e-006,-0.874
1.330401e-006,-0.874
1.330651e-006,-0.875667
1.330901e-006,-0.875667
1.331151e-006,-0.874
1.331401e-006,-0.874
1.331651e-006,-0.875667
1.331901e-006,-0.875667
1.332151e-006,-0.874
1.332401e-006,-0.874
1.332651e-006,-0.875667
1.332901e-006,-0.875667
1.333151e-006,-0.874
1.333401e-006,-0.874
1.333651e-006,-0.875667
1.333901e-006,-0.875667
1.334151e-006,-0.874
1.334401e-006,-0.874
1.334651e-006,-0.875667
1.334901e-006,-0.875667
1.335151e-006,-0.874
1.335401e-006,-0.874
1.335651e-006,-0.875667
1.335901e-006,-0.875667
1.336151e-006,-0.874
1.336401e-006,-0.874
1.336651e-006,-0.875667
1.336901e-006,-0.875667
1.337151e-006,-0.874
1.337401e-006,-0.874
1.337651e-006,-0.875667
1.337901e-006,-0.875667
1.338151e-006,-0.874
1.338401e-006,-0.874
1.338651e-006,-0.875667
1.338901e-006,-0.875667
1.339151e-006,-0.874
1.339401e-006,-0.874
1.339651e-006,-0.875667
1.339901e-006,-0.875667
1.340151e-006,-0.874
1.340401e-006,-0.874
1.340651e-006,-0.875667
1.340901e-006,-0.875667
1.341151e-006,-0.874
1.341401e-006,-0.874
1.341651e-006,-0.875667
1.341901e-006,-0.875667
1.342151e-006,-0.874
1.342401e-006,-0.874
1.342651e-006,-0.875667
1.342901e-006,-0.875667
1.343151e-006,-0.874
1.343401e-006,-0.874
1.343651e-006,-0.875667
1.343901e-006,-0.875667
1.344151e-006,-0.874
1.344401e-006,-0.874
1.344651e-006,-0.875667
1.344901e-006,-0.875667
1.345151e-006,-0.874
1.345401e-006,-0.874
1.345651e-006,-0.875667
1.345901e-006,-0.875667
1.346151e-006,-0.874
1.346401e-006,-0.874
1.346651e-006,-0.875667
1.346901e-006,-0.875667
1.347151e-006,-0.874
1.347401e-006,-0.874
1.347651e-006,-0.875667
1.347901e-006,-0.875667
1.348151e-006,-0.874
1.348401e-006,-0.874
1.348651e-006,-0.875667
1.348901e-006,-0.875667
1.349151e-006,-0.874
1.349401e-006,-0.874
1.349651e-006,-0.875667
1.349901e-006,-0.875667
1.350151e-006,-0.874
1.350401e-006,-0.874
1.350651e-006,-0.875667
1.350901e-006,-0.875667
1.351151e-006,-0.874
1.351401e-006,-0.874
1.351651e-006,-0.875667
1.351901e-006,-0.875667
1.352151e-006,-0.874
1.352401e-006,-0.874
1.352651e-006,-0.875667
1.352901e-006,-0.875667
1.353151e-006,-0.874
1.353401e-006,-0.874
1.353651e-006,-0.875667
1.353901e-006,-0.875667
1.354151e-006,-0.874
1.354401e-006,-0.874
1.354651e-006,-0.875667
1.354901e-006,-0.875667
1.355151e-006,-0.874
1.355401e-006,-0.874
1.355651e-006,-0.875667
1.355901e-006,-0.875667
1.356151e-006,-0.874
1.356401e-006,-0.874
1.356651e-006,-0.875667
1.356901e-006,-0.875667
1.357151e-006,-0.874
1.357401e-006,-0.874
1.357651e-006,-0.875667
1.357901e-006,-0.875667
1.358151e-006,-0.874
1.358401e-006,-0.874
1.358651e-006,-0.875667
1.358901e-006,-0.875667
1.359151e-006,-0.874
1.359401e-006,-0.874
1.359651e-006,-0.875667
1.359901e-006,-0.875667
1.360151e-006,-0.874
1.360401e-006,-0.874
1.360651e-006,-0.875667
1.360901e-006,-0.875667
1.361151e-006,-0.874
1.361401e-006,-0.874
1.361651e-006,-0.875667
1.361901e-006,-0.875667
1.362151e-006,-0.874
1.362401e-006,-0.874
1.362651e-006,-0.875667
1.362901e-006,-0.875667
1.363151e-006,-0.874
1.363401e-006,-0.874
1.363651e-006,-0.875667
1.363901e-006,-0.875667
1.364151e-006,-0.874
1.364401e-006,-0.874
1.364651e-006,-0.875667
1.364901e-006,-0.874
1.365151e-006,-0.874
1.365401e-006,-0.874
1.365651e-006,-0.875667
1.365901e-006,-0.875667
1.366151e-006,-0.874
1.366401e-006,-0.874
1.366651e-006,-0.874
1.366901e-006,-0.875667
1.367151e-006,-0.874
1.367401e-006,-0.874
1.367651e-006,-0.874
1.367901e-006,-0.875667
1.368151e-006,-0.874
1.368401e-006,-0.874
1.368651e-006,-0.875667
1.368901e-006,-0.875667
1.369151e-006,-0.874
1.369401e-006,-0.874
1.369651e-006,-0.875667
1.369901e-006,-0.875667
1.370151e-006,-0.874
1.370401e-006,-0.874
1.370651e-006,-0.875667
1.370901e-006,-0.874
1.371151e-006,-0.874
1.371401e-006,-0.874
1.371651e-006,-0.875667
1.371901e-006,-0.875667
1.372151e-006,-0.874
1.372401e-006,-0.874
1.372651e-006,-0.875667
1.372901e-006,-0.875667
1.373151e-006,-0.874
1.373401e-006,-0.874
1.373651e-006,-0.875667
1.373901e-006,-0.875667
1.374151e-006,-0.874
1.374401e-006,-0.874
1.374651e-006,-0.875667
1.374901e-006,-0.875667
1.375151e-006,-0.874
1.375401e-006,-0.874
1.375651e-006,-0.875667
1.375901e-006,-0.875667
1.376151e-006,-0.874
1.376401e-006,-0.874
1.376651e-006,-0.875667
1.376901e-006,-0.875667
1.377151e-006,-0.874
1.377401e-006,-0.874
1.377651e-006,-0.874
1.377901e-006,-0.875667
1.378151e-006,-0.874
1.378401e-006,-0.874
1.378651e-006,-0.875667
1.378901e-006,-0.875667
1.379151e-006,-0.874
1.379401e-006,-0.874
1.379651e-006,-0.875667
1.379901e-006,-0.875667
1.380151e-006,-0.874
1.380401e-006,-0.874
1.380651e-006,-0.875667
1.380901e-006,-0.875667
1.381151e-006,-0.874
1.381401e-006,-0.874
1.381651e-006,-0.875667
1.381901e-006,-0.875667
1.382151e-006,-0.874
1.382401e-006,-0.874
1.382651e-006,-0.875667
1.382901e-006,-0.875667
1.383151e-006,-0.874
1.383401e-006,-0.874
1.383651e-006,-0.875667
1.383901e-006,-0.875667
1.384151e-006,-0.874
1.384401e-006,-0.874
1.384651e-006,-0.875667
1.384901e-006,-0.874
1.385151e-006,-0.874
1.385401e-006,-0.874
1.385651e-006,-0.875667
1.385901e-006,-0.874
1.386151e-006,-0.874
1.386401e-006,-0.874
1.386651e-006,-0.875667
1.386901e-006,-0.874
1.387151e-006,-0.874
1.387401e-006,-0.874
1.387651e-006,-0.875667
1.387901e-006,-0.874
1.388151e-006,-0.874
1.388401e-006,-0.874
1.388651e-006,-0.875667
1.388901e-006,-0.874
1.389151e-006,-0.874
1.389401e-006,-0.874
1.389651e-006,-0.875667
1.389901e-006,-0.875667
1.390151e-006,-0.874
1.390401e-006,-0.874
1.390651e-006,-0.875667
1.390901e-006,-0.875667
1.391151e-006,-0.874
1.391401e-006,-0.874
1.391651e-006,-0.875667
1.391901e-006,-0.875667
1.392151e-006,-0.874
1.392401e-006,-0.874
1.392651e-006,-0.875667
1.392901e-006,-0.875667
1.393151e-006,-0.874
1.393401e-006,-0.874
1.393651e-006,-0.875667
1.393901e-006,-0.875667
1.394151e-006,-0.874
1.394401e-006,-0.874
1.394651e-006,-0.875667
1.394901e-006,-0.875667
1.395151e-006,-0.874
1.395401e-006,-0.874
1.395651e-006,-0.875667
1.395901e-006,-0.875667
1.396151e-006,-0.874
1.396401e-006,-0.874
1.396651e-006,-0.875667
1.396901e-006,-0.875667
1.397151e-006,-0.874
1.397401e-006,-0.874
1.397651e-006,-0.875667
1.397901e-006,-0.875667
1.398151e-006,-0.874
1.398401e-006,-0.874
1.398651e-006,-0.875667
1.398901e-006,-0.875667
1.399151e-006,-0.874
1.399401e-006,-0.874
1.399651e-006,-0.874
1.399901e-006,-0.875667
1.400151e-006,-0.874
1.400401e-006,-0.874
1.400651e-006,-0.874
1.400901e-006,-0.875667
1.401151e-006,-0.874
1.401401e-006,-0.874
1.401651e-006,-0.874
1.401901e-006,-0.875667
1.402151e-006,-0.874
1.402401e-006,-0.874
1.402651e-006,-0.875667
1.402901e-006,-0.875667
1.403151e-006,-0.874
1.403401e-006,-0.874
1.403651e-006,-0.875667
1.403901e-006,-0.875667
1.404151e-006,-0.874
1.404401e-006,-0.874
1.404651e-006,-0.875667
1.404901e-006,-0.875667
1.405151e-006,-0.874
1.405401e-006,-0.874
1.405651e-006,-0.875667
1.405901e-006,-0.875667
1.406151e-006,-0.874
1.406401e-006,-0.874
1.406651e-006,-0.875667
1.406901e-006,-0.875667
1.407151e-006,-0.874
1.407401e-006,-0.874
1.407651e-006,-0.875667
1.407901e-006,-0.874
1.408151e-006,-0.874
1.408401e-006,-0.874
1.408651e-006,-0.875667
1.408901e-006,-0.875667
1.409151e-006,-0.874
1.409401e-006,-0.874
1.409651e-006,-0.875667
1.409901e-006,-0.875667
1.410151e-006,-0.874
1.410401e-006,-0.874
1.410651e-006,-0.875667
1.410901e-006,-0.875667
1.411151e-006,-0.874
1.411401e-006,-0.874
1.411651e-006,-0.875667
1.411901e-006,-0.875667
1.412151e-006,-0.874
1.412401e-006,-0.874
1.412651e-006,-0.875667
1.412901e-006,-0.875667
1.413151e-006,-0.874
1.413401e-006,-0.874
1.413651e-006,-0.875667
1.413901e-006,-0.875667
1.414151e-006,-0.874
1.414401e-006,-0.874
1.414651e-006,-0.875667
1.414901e-006,-0.875667
1.415151e-006,-0.874
1.415401e-006,-0.874
1.415651e-006,-0.875667
1.415901e-006,-0.875667
1.416151e-006,-0.875667
1.416401e-006,-0.874
1.416651e-006,-0.874
1.416901e-006,-0.875667
1.417151e-006,-0.875667
1.417401e-006,-0.874
1.417651e-006,-0.874
1.417901e-006,-0.875667
1.418151e-006,-0.874
1.418401e-006,-0.874
1.418651e-006,-0.875667
1.418901e-006,-0.875667
1.419151e-006,-0.874
1.419401e-006,-0.874
1.419651e-006,-0.875667
1.419901e-006,-0.875667
1.420151e-006,-0.874
1.420401e-006,-0.874
1.420651e-006,-0.875667
1.420901e-006,-0.875667
1.421151e-006,-0.874
1.421401e-006,-0.874
1.421651e-006,-0.875667
1.421901e-006,-0.875667
1.422151e-006,-0.874
1.422401e-006,-0.874
1.422651e-006,-0.875667
1.422901e-006,-0.875667
1.423151e-006,-0.874
1.423401e-006,-0.874
1.423651e-006,-0.875667
1.423901e-006,-0.875667
1.424151e-006,-0.874
1.424401e-006,-0.874
1.424651e-006,-0.875667
1.424901e-006,-0.875667
1.425151e-006,-0.874
1.425401e-006,-0.874
1.425651e-006,-0.875667
1.425901e-006,-0.875667
1.426151e-006,-0.874
1.426401e-006,-0.874
1.426651e-006,-0.875667
1.426901e-006,-0.875667
1.427151e-006,-0.874
1.427401e-006,-0.874
1.427651e-006,-0.875667
1.427901e-006,-0.875667
1.428151e-006,-0.874
1.428401e-006,-0.874
1.428651e-006,-0.875667
1.428901e-006,-0.875667
1.429151e-006,-0.874
1.429401e-006,-0.874
1.429651e-006,-0.875667
1.429901e-006,-0.875667
1.430151e-006,-0.874
1.430401e-006,-0.874
1.430651e-006,-0.875667
1.430901e-006,-0.875667
1.431151e-006,-0.874
1.431401e-006,-0.874
1.431651e-006,-0.875667
1.431901e-006,-0.875667
1.432151e-006,-0.874
1.432401e-006,-0.874
1.432651e-006,-0.875667
1.432901e-006,-0.875667
1.433151e-006,-0.874
1.433401e-006,-0.874
1.433651e-006,-0.875667
1.433901e-006,-0.874
1.434151e-006,-0.874
1.434401e-006,-0.874
1.434651e-006,-0.875667
1.434901e-006,-0.875667
1.435151e-006,-0.874
1.435401e-006,-0.874
1.435651e-006,-0.875667
1.435901e-006,-0.875667
1.436151e-006,-0.874
1.436401e-006,-0.874
1.436651e-006,-0.875667
1.436901e-006,-0.874
1.437151e-006,-0.874
1.437401e-006,-0.874
1.437651e-006,-0.875667
1.437901e-006,-0.874
1.438151e-006,-0.874
1.438401e-006,-0.874
1.438651e-006,-0.875667
1.438901e-006,-0.874
1.439151e-006,-0.874
1.439401e-006,-0.874
1.439651e-006,-0.875667
1.439901e-006,-0.875667
1.440151e-006,-0.874
1.440401e-006,-0.874
1.440651e-006,-0.875667
1.440901e-006,-0.875667
1.441151e-006,-0.874
1.441401e-006,-0.874
1.441651e-006,-0.875667
1.441901e-006,-0.875667
1.442151e-006,-0.874
1.442401e-006,-0.874
1.442651e-006,-0.875667
1.442901e-006,-0.875667
1.443151e-006,-0.874
1.443401e-006,-0.874
1.443651e-006,-0.875667
1.443901e-006,-0.875667
1.444151e-006,-0.874
1.444401e-006,-0.874
1.444651e-006,-0.875667
1.444901e-006,-0.875667
1.445151e-006,-0.874
1.445401e-006,-0.874
1.445651e-006,-0.874
1.445901e-006,-0.875667
1.446151e-006,-0.874
1.446401e-006,-0.874
1.446651e-006,-0.874
1.446901e-006,-0.874
1.447151e-006,-0.874
1.447401e-006,-0.874
1.447651e-006,-0.874
1.447901e-006,-0.874
1.448151e-006,-0.874
1.448401e-006,-0.874
1.448651e-006,-0.874
1.448901e-006,-0.875667
1.449151e-006,-0.875667
1.449401e-006,-0.874
1.449651e-006,-0.875667
1.449901e-006,-0.875667
1.450151e-006,-0.875667
1.450401e-006,-0.874
1.450651e-006,-0.875667
1.450901e-006,-0.874
1.451151e-006,-0.875667
1.451401e-006,-0.874
1.451651e-006,-0.875667
1.451901e-006,-0.874
1.452151e-006,-0.875667
1.452401e-006,-0.874
1.452651e-006,-0.875667
1.452901e-006,-0.875667
1.453151e-006,-0.875667
1.453401e-006,-0.874
1.453651e-006,-0.875667
1.453901e-006,-0.875667
1.454151e-006,-0.875667
1.454401e-006,-0.874
1.454651e-006,-0.875667
1.454901e-006,-0.875667
1.455151e-006,-0.875667
1.455401e-006,-0.874
1.455651e-006,-0.875667
1.455901e-006,-0.875667
1.456151e-006,-0.875667
1.456401e-006,-0.874
1.456651e-006,-0.875667
1.456901e-006,-0.875667
1.457151e-006,-0.875667
1.457401e-006,-0.874
1.457651e-006,-0.875667
1.457901e-006,-0.875667
1.458151e-006,-0.875667
1.458401e-006,-0.874
1.458651e-006,-0.875667
1.458901e-006,-0.875667
1.459151e-006,-0.875667
1.459401e-006,-0.874
1.459651e-006,-0.875667
1.459901e-006,-0.875667
1.460151e-006,-0.875667
1.460401e-006,-0.874
1.460651e-006,-0.875667
1.460901e-006,-0.875667
1.461151e-006,-0.875667
1.461401e-006,-0.874
1.461651e-006,-0.875667
1.461901e-006,-0.875667
1.462151e-006,-0.874
1.462401e-006,-0.874
1.462651e-006,-0.875667
1.462901e-006,-0.875667
1.463151e-006,-0.874
1.463401e-006,-0.874
1.463651e-006,-0.875667
1.463901e-006,-0.875667
1.464151e-006,-0.874
1.464401e-006,-0.874
1.464651e-006,-0.875667
1.464901e-006,-0.875667
1.465151e-006,-0.874
1.465401e-006,-0.874
1.465651e-006,-0.875667
1.465901e-006,-0.875667
1.466151e-006,-0.874
1.466401e-006,-0.874
1.466651e-006,-0.875667
1.466901e-006,-0.875667
1.467151e-006,-0.874
1.467401e-006,-0.874
1.467651e-006,-0.875667
1.467901e-006,-0.875667
1.468151e-006,-0.874
1.468401e-006,-0.874
1.468651e-006,-0.874
1.468901e-006,-0.875667
1.469151e-006,-0.874
1.469401e-006,-0.874
1.469651e-006,-0.875667
1.469901e-006,-0.875667
1.470151e-006,-0.874
1.470401e-006,-0.874
1.470651e-006,-0.874
1.470901e-006,-0.875667
1.471151e-006,-0.874
1.471401e-006,-0.874
1.471651e-006,-0.875667
1.471901e-006,-0.875667
1.472151e-006,-0.874
1.472401e-006,-0.874
1.472651e-006,-0.875667
1.472901e-006,-0.875667
1.473151e-006,-0.874
1.473401e-006,-0.874
1.473651e-006,-0.875667
1.473901e-006,-0.875667
1.474151e-006,-0.874
1.474401e-006,-0.874
1.474651e-006,-0.875667
1.474901e-006,-0.875667
1.475151e-006,-0.874
1.475401e-006,-0.874
1.475651e-006,-0.875667
1.475901e-006,-0.875667
1.476151e-006,-0.874
1.476401e-006,-0.874
1.476651e-006,-0.875667
1.476901e-006,-0.875667
1.477151e-006,-0.874
1.477401e-006,-0.874
1.477651e-006,-0.875667
1.477901e-006,-0.875667
1.478151e-006,-0.874
1.478401e-006,-0.874
1.478651e-006,-0.875667
1.478901e-006,-0.875667
1.479151e-006,-0.874
1.479401e-006,-0.874
1.479651e-006,-0.875667
1.479901e-006,-0.875667
1.480151e-006,-0.874
1.480401e-006,-0.874
1.480651e-006,-0.875667
1.480901e-006,-0.875667
1.481151e-006,-0.874
1.481401e-006,-0.874
1.481651e-006,-0.875667
1.481901e-006,-0.875667
1.482151e-006,-0.874
1.482401e-006,-0.874
1.482651e-006,-0.875667
1.482901e-006,-0.875667
1.483151e-006,-0.874
1.483401e-006,-0.874
1.483651e-006,-0.875667
1.483901e-006,-0.875667
1.484151e-006,-0.874
1.484401e-006,-0.874
1.484651e-006,-0.875667
1.484901e-006,-0.875667
1.485151e-006,-0.874
1.485401e-006,-0.874
1.485651e-006,-0.875667
1.485901e-006,-0.875667
1.486151e-006,-0.874
1.486401e-006,-0.874
1.486651e-006,-0.875667
1.486901e-006,-0.875667
1.487151e-006,-0.874
1.487401e-006,-0.874
1.487651e-006,-0.875667
1.487901e-006,-0.875667
1.488151e-006,-0.874
1.488401e-006,-0.874
1.488651e-006,-0.875667
1.488901e-006,-0.875667
1.489151e-006,-0.874
1.489401e-006,-0.874
1.489651e-006,-0.875667
1.489901e-006,-0.875667
1.490151e-006,-0.874
1.490401e-006,-0.874
1.490651e-006,-0.875667
1.490901e-006,-0.875667
1.491151e-006,-0.874
1.491401e-006,-0.874
1.491651e-006,-0.875667
1.491901e-006,-0.875667
1.492151e-006,-0.875667
1.492401e-006,-0.874
1.492651e-006,-0.875667
1.492901e-006,-0.875667
1.493151e-006,-0.875667
1.493401e-006,-0.874
1.493651e-006,-0.875667
1.493901e-006,-0.875667
1.494151e-006,-0.874
1.494401e-006,-0.874
1.494651e-006,-0.875667
1.494901e-006,-0.875667
1.495151e-006,-0.874
1.495401e-006,-0.874
1.495651e-006,-0.875667
1.495901e-006,-0.875667
1.496151e-006,-0.874
1.496401e-006,-0.874
1.496651e-006,-0.875667
1.496901e-006,-0.874
1.497151e-006,-0.874
1.497401e-006,-0.874
1.497651e-006,-0.874
1.497901e-006,-0.874
1.498151e-006,-0.874
1.498401e-006,-0.874
1.498651e-006,-0.874
1.498901e-006,-0.875667
1.499151e-006,-0.874
1.499401e-006,-0.874
1.499651e-006,-0.875667
1.499901e-006,-0.875667
1.500151e-006,-0.874
1.500401e-006,-0.874
1.500651e-006,-0.875667
1.500901e-006,-0.875667
1.501151e-006,-0.874
1.501401e-006,-0.874
1.501651e-006,-0.875667
1.501901e-006,-0.875667
1.502151e-006,-0.874
1.502401e-006,-0.874
1.502651e-006,-0.875667
1.502901e-006,-0.875667
1.503151e-006,-0.874
1.503401e-006,-0.874
1.503651e-006,-0.875667
1.503901e-006,-0.875667
1.504151e-006,-0.874
1.504401e-006,-0.874
1.504651e-006,-0.875667
1.504901e-006,-0.875667
1.505151e-006,-0.874
1.505401e-006,-0.874
1.505651e-006,-0.875667
1.505901e-006,-0.875667
1.506151e-006,-0.874
1.506401e-006,-0.874
1.506651e-006,-0.875667
1.506901e-006,-0.875667
1.507151e-006,-0.874
1.507401e-006,-0.874
1.507651e-006,-0.875667
1.507901e-006,-0.875667
1.508151e-006,-0.874
1.508401e-006,-0.874
1.508651e-006,-0.875667
1.508901e-006,-0.875667
1.509151e-006,-0.874
1.509401e-006,-0.874
1.509651e-006,-0.875667
1.509901e-006,-0.875667
1.510151e-006,-0.874
1.510401e-006,-0.874
1.510651e-006,-0.875667
1.510901e-006,-0.875667
1.511151e-006,-0.874
1.511401e-006,-0.874
1.511651e-006,-0.875667
1.511901e-006,-0.875667
1.512151e-006,-0.874
1.512401e-006,-0.874
1.512651e-006,-0.875667
1.512901e-006,-0.875667
1.513151e-006,-0.874
1.513401e-006,-0.874
1.513651e-006,-0.875667
1.513901e-006,-0.875667
1.514151e-006,-0.874
1.514401e-006,-0.874
1.514651e-006,-0.875667
1.514901e-006,-0.875667
1.515151e-006,-0.874
1.515401e-006,-0.874
1.515651e-006,-0.874
1.515901e-006,-0.875667
1.516151e-006,-0.874
1.516401e-006,-0.874
1.516651e-006,-0.874
1.516901e-006,-0.875667
1.517151e-006,-0.874
1.517401e-006,-0.874
1.517651e-006,-0.874
1.517901e-006,-0.875667
1.518151e-006,-0.874
1.518401e-006,-0.874
1.518651e-006,-0.874
1.518901e-006,-0.875667
1.519151e-006,-0.874
1.519401e-006,-0.874
1.519651e-006,-0.874
1.519901e-006,-0.875667
1.520151e-006,-0.874
1.520401e-006,-0.874
1.520651e-006,-0.875667
1.520901e-006,-0.875667
1.521151e-006,-0.874
1.521401e-006,-0.874
1.521651e-006,-0.875667
1.521901e-006,-0.875667
1.522151e-006,-0.874
1.522401e-006,-0.874
1.522651e-006,-0.874
1.522901e-006,-0.875667
1.523151e-006,-0.874
1.523401e-006,-0.874
1.523651e-006,-0.875667
1.523901e-006,-0.875667
1.524151e-006,-0.874
1.524401e-006,-0.874
1.524651e-006,-0.875667
1.524901e-006,-0.875667
1.525151e-006,-0.874
1.525401e-006,-0.874
1.525651e-006,-0.875667
1.525901e-006,-0.875667
1.526151e-006,-0.874
1.526401e-006,-0.874
1.526651e-006,-0.875667
1.526901e-006,-0.875667
1.527151e-006,-0.874
1.527401e-006,-0.874
1.527651e-006,-0.875667
1.527901e-006,-0.875667
1.528151e-006,-0.874
1.528401e-006,-0.874
1.528651e-006,-0.875667
1.528901e-006,-0.875667
1.529151e-006,-0.874
1.529401e-006,-0.874
1.529651e-006,-0.875667
1.529901e-006,-0.875667
1.530151e-006,-0.874
1.530401e-006,-0.874
1.530651e-006,-0.875667
1.530901e-006,-0.875667
1.531151e-006,-0.874
1.531401e-006,-0.874
1.531651e-006,-0.875667
1.531901e-006,-0.875667
1.532151e-006,-0.874
1.532401e-006,-0.874
1.532651e-006,-0.874
1.532901e-006,-0.875667
1.533151e-006,-0.875667
1.533401e-006,-0.874
1.533651e-006,-0.875667
1.533901e-006,-0.875667
1.534151e-006,-0.875667
1.534401e-006,-0.874
1.534651e-006,-0.875667
1.534901e-006,-0.875667
1.535151e-006,-0.874
1.535401e-006,-0.874
1.535651e-006,-0.875667
1.535901e-006,-0.875667
1.536151e-006,-0.874
1.536401e-006,-0.874
1.536651e-006,-0.875667
1.536901e-006,-0.875667
1.537151e-006,-0.874
1.537401e-006,-0.874
1.537651e-006,-0.875667
1.537901e-006,-0.875667
1.538151e-006,-0.874
1.538401e-006,-0.874
1.538651e-006,-0.875667
1.538901e-006,-0.875667
1.539151e-006,-0.874
1.539401e-006,-0.874
1.539651e-006,-0.875667
1.539901e-006,-0.875667
1.540151e-006,-0.874
1.540401e-006,-0.874
1.540651e-006,-0.875667
1.540901e-006,-0.875667
1.541151e-006,-0.874
1.541401e-006,-0.874
1.541651e-006,-0.875667
1.541901e-006,-0.875667
1.542151e-006,-0.874
1.542401e-006,-0.874
1.542651e-006,-0.875667
1.542901e-006,-0.875667
1.543151e-006,-0.874
1.543401e-006,-0.874
1.543651e-006,-0.875667
1.543901e-006,-0.875667
1.544151e-006,-0.875667
1.544401e-006,-0.874
1.544651e-006,-0.875667
1.544901e-006,-0.875667
1.545151e-006,-0.875667
1.545401e-006,-0.874
1.545651e-006,-0.875667
1.545901e-006,-0.874
1.546151e-006,-0.874
1.546401e-006,-0.874
1.546651e-006,-0.875667
1.546901e-006,-0.875667
1.547151e-006,-0.874
1.547401e-006,-0.874
1.547651e-006,-0.875667
1.547901e-006,-0.875667
1.548151e-006,-0.874
1.548401e-006,-0.874
1.548651e-006,-0.875667
1.548901e-006,-0.875667
1.549151e-006,-0.874
1.549401e-006,-0.874
1.549651e-006,-0.875667
1.549901e-006,-0.875667
1.550151e-006,-0.874
1.550401e-006,-0.874
1.550651e-006,-0.875667
1.550901e-006,-0.875667
1.551151e-006,-0.874
1.551401e-006,-0.874
1.551651e-006,-0.875667
1.551901e-006,-0.875667
1.552151e-006,-0.874
1.552401e-006,-0.874
1.552651e-006,-0.875667
1.552901e-006,-0.875667
1.553151e-006,-0.874
1.553401e-006,-0.874
1.553651e-006,-0.875667
1.553901e-006,-0.875667
1.554151e-006,-0.874
1.554401e-006,-0.874
1.554651e-006,-0.875667
1.554901e-006,-0.875667
1.555151e-006,-0.874
1.555401e-006,-0.874
1.555651e-006,-0.875667
1.555901e-006,-0.875667
1.556151e-006,-0.874
1.556401e-006,-0.874
1.556651e-006,-0.875667
1.556901e-006,-0.875667
1.557151e-006,-0.874
1.557401e-006,-0.874
1.557651e-006,-0.875667
1.557901e-006,-0.875667
1.558151e-006,-0.874
1.558401e-006,-0.874
1.558651e-006,-0.875667
1.558901e-006,-0.875667
1.559151e-006,-0.874
1.559401e-006,-0.874
1.559651e-006,-0.875667
1.559901e-006,-0.874
1.560151e-006,-0.874
1.560401e-006,-0.874
1.560651e-006,-0.875667
1.560901e-006,-0.875667
1.561151e-006,-0.874
1.561401e-006,-0.874
1.561651e-006,-0.875667
1.561901e-006,-0.875667
1.562151e-006,-0.874
1.562401e-006,-0.874
1.562651e-006,-0.875667
1.562901e-006,-0.875667
1.563151e-006,-0.874
1.563401e-006,-0.874
1.563651e-006,-0.875667
1.563901e-006,-0.874
1.564151e-006,-0.874
1.564401e-006,-0.874
1.564651e-006,-0.875667
1.564901e-006,-0.874
1.565151e-006,-0.874
1.565401e-006,-0.874
1.565651e-006,-0.875667
1.565901e-006,-0.875667
1.566151e-006,-0.874
1.566401e-006,-0.874
1.566651e-006,-0.875667
1.566901e-006,-0.875667
1.567151e-006,-0.875667
1.567401e-006,-0.874
1.567651e-006,-0.875667
1.567901e-006,-0.875667
1.568151e-006,-0.875667
1.568401e-006,-0.874
1.568651e-006,-0.875667
1.568901e-006,-0.875667
1.569151e-006,-0.875667
1.569401e-006,-0.874
1.569651e-006,-0.875667
1.569901e-006,-0.875667
1.570151e-006,-0.874
1.570401e-006,-0.874
1.570651e-006,-0.875667
1.570901e-006,-0.875667
1.571151e-006,-0.874
1.571401e-006,-0.874
1.571651e-006,-0.875667
1.571901e-006,-0.875667
1.572151e-006,-0.874
1.572401e-006,-0.874
1.572651e-006,-0.875667
1.572901e-006,-0.875667
1.573151e-006,-0.874
1.573401e-006,-0.874
1.573651e-006,-0.875667
1.573901e-006,-0.875667
1.574151e-006,-0.874
1.574401e-006,-0.874
1.574651e-006,-0.875667
1.574901e-006,-0.875667
1.575151e-006,-0.874
1.575401e-006,-0.874
1.575651e-006,-0.875667
1.575901e-006,-0.875667
1.576151e-006,-0.874
1.576401e-006,-0.874
1.576651e-006,-0.875667
1.576901e-006,-0.875667
1.577151e-006,-0.874
1.577401e-006,-0.874
1.577651e-006,-0.875667
1.577901e-006,-0.875667
1.578151e-006,-0.874
1.578401e-006,-0.874
1.578651e-006,-0.875667
1.578901e-006,-0.875667
1.579151e-006,-0.874
1.579401e-006,-0.874
1.579651e-006,-0.875667
1.579901e-006,-0.875667
1.580151e-006,-0.874
1.580401e-006,-0.874
1.580651e-006,-0.875667
1.580901e-006,-0.875667
1.581151e-006,-0.874
1.581401e-006,-0.874
1.581651e-006,-0.875667
1.581901e-006,-0.875667
1.582151e-006,-0.874
1.582401e-006,-0.874
1.582651e-006,-0.875667
1.582901e-006,-0.875667
1.583151e-006,-0.874
1.583401e-006,-0.874
1.583651e-006,-0.875667
1.583901e-006,-0.875667
1.584151e-006,-0.874
1.584401e-006,-0.874
1.584651e-006,-0.875667
1.584901e-006,-0.875667
1.585151e-006,-0.874
1.585401e-006,-0.874
1.585651e-006,-0.875667
1.585901e-006,-0.875667
1.586151e-006,-0.874
1.586401e-006,-0.874
1.586651e-006,-0.875667
1.586901e-006,-0.875667
1.587151e-006,-0.874
1.587401e-006,-0.874
1.587651e-006,-0.875667
1.587901e-006,-0.875667
1.588151e-006,-0.874
1.588401e-006,-0.874
1.588651e-006,-0.875667
1.588901e-006,-0.875667
1.589151e-006,-0.874
1.589401e-006,-0.874
1.589651e-006,-0.875667
1.589901e-006,-0.875667
1.590151e-006,-0.874
1.590401e-006,-0.874
1.590651e-006,-0.875667
1.590901e-006,-0.875667
1.591151e-006,-0.874
1.591401e-006,-0.874
1.591651e-006,-0.875667
1.591901e-006,-0.875667
1.592151e-006,-0.874
1.592401e-006,-0.874
1.592651e-006,-0.875667
1.592901e-006,-0.875667
1.593151e-006,-0.874
1.593401e-006,-0.874
1.593651e-006,-0.875667
1.593901e-006,-0.875667
1.594151e-006,-0.874
1.594401e-006,-0.874
1.594651e-006,-0.875667
1.594901e-006,-0.875667
1.595151e-006,-0.874
1.595401e-006,-0.874
1.595651e-006,-0.875667
1.595901e-006,-0.875667
1.596151e-006,-0.874
1.596401e-006,-0.874
1.596651e-006,-0.875667
1.596901e-006,-0.875667
1.597151e-006,-0.874
1.597401e-006,-0.874
1.597651e-006,-0.875667
1.597901e-006,-0.875667
1.598151e-006,-0.874
1.598401e-006,-0.874
1.598651e-006,-0.875667
1.598901e-006,-0.875667
1.599151e-006,-0.874
1.599401e-006,-0.874
1.599651e-006,-0.875667
1.599901e-006,-0.875667
1.600151e-006,-0.874
1.600401e-006,-0.874
1.600651e-006,-0.875667
1.600901e-006,-0.875667
1.601151e-006,-0.875667
1.601401e-006,-0.874
1.601651e-006,-0.875667
1.601901e-006,-0.875667
1.602151e-006,-0.874
1.602401e-006,-0.874
1.602651e-006,-0.875667
1.602901e-006,-0.875667
1.603151e-006,-0.874
1.603401e-006,-0.874
1.603651e-006,-0.875667
1.603901e-006,-0.875667
1.604151e-006,-0.874
1.604401e-006,-0.874
1.604651e-006,-0.875667
1.604901e-006,-0.875667
1.605151e-006,-0.874
1.605401e-006,-0.874
1.605651e-006,-0.875667
1.605901e-006,-0.875667
1.606151e-006,-0.874
1.606401e-006,-0.874
1.606651e-006,-0.875667
1.606901e-006,-0.875667
1.607151e-006,-0.874
1.607401e-006,-0.874
1.607651e-006,-0.874
1.607901e-006,-0.875667
1.608151e-006,-0.874
1.608401e-006,-0.874
1.608651e-006,-0.874
1.608901e-006,-0.875667
1.609151e-006,-0.874
1.609401e-006,-0.874
1.609651e-006,-0.875667
1.609901e-006,-0.875667
1.610151e-006,-0.874
1.610401e-006,-0.874
1.610651e-006,-0.875667
1.610901e-006,-0.875667
1.611151e-006,-0.874
1.611401e-006,-0.874
1.611651e-006,-0.875667
1.611901e-006,-0.875667
1.612151e-006,-0.874
1.612401e-006,-0.874
1.612651e-006,-0.875667
1.612901e-006,-0.875667
1.613151e-006,-0.874
1.613401e-006,-0.874
1.613651e-006,-0.875667
1.613901e-006,-0.875667
1.614151e-006,-0.874
1.614401e-006,-0.874
1.614651e-006,-0.875667
1.614901e-006,-0.875667
1.615151e-006,-0.874
1.615401e-006,-0.874
1.615651e-006,-0.875667
1.615901e-006,-0.874
1.616151e-006,-0.874
1.616401e-006,-0.874
1.616651e-006,-0.875667
1.616901e-006,-0.874
1.617151e-006,-0.874
1.617401e-006,-0.874
1.617651e-006,-0.874
1.617901e-006,-0.875667
1.618151e-006,-0.874
1.618401e-006,-0.874
1.618651e-006,-0.874
1.618901e-006,-0.875667
1.619151e-006,-0.874
1.619401e-006,-0.874
1.619651e-006,-0.875667
1.619901e-006,-0.875667
1.620151e-006,-0.874
1.620401e-006,-0.874
1.620651e-006,-0.875667
1.620901e-006,-0.875667
1.621151e-006,-0.874
1.621401e-006,-0.874
1.621651e-006,-0.875667
1.621901e-006,-0.875667
1.622151e-006,-0.874
1.622401e-006,-0.874
1.622651e-006,-0.875667
1.622901e-006,-0.875667
1.623151e-006,-0.874
1.623401e-006,-0.874
1.623651e-006,-0.875667
1.623901e-006,-0.874
1.624151e-006,-0.874
1.624401e-006,-0.874
1.624651e-006,-0.875667
1.624901e-006,-0.874
1.625151e-006,-0.874
1.625401e-006,-0.874
1.625651e-006,-0.875667
1.625901e-006,-0.875667
1.626151e-006,-0.874
1.626401e-006,-0.874
1.626651e-006,-0.875667
1.626901e-006,-0.875667
1.627151e-006,-0.874
1.627401e-006,-0.874
1.627651e-006,-0.875667
1.627901e-006,-0.875667
1.628151e-006,-0.875667
1.628401e-006,-0.874
1.628651e-006,-0.875667
1.628901e-006,-0.875667
1.629151e-006,-0.875667
1.629401e-006,-0.874
1.629651e-006,-0.875667
1.629901e-006,-0.875667
1.630151e-006,-0.874
1.630401e-006,-0.874
1.630651e-006,-0.875667
1.630901e-006,-0.875667
1.631151e-006,-0.874
1.631401e-006,-0.874
1.631651e-006,-0.875667
1.631901e-006,-0.875667
1.632151e-006,-0.874
1.632401e-006,-0.874
1.632651e-006,-0.875667
1.632901e-006,-0.875667
1.633151e-006,-0.874
1.633401e-006,-0.874
1.633651e-006,-0.875667
1.633901e-006,-0.875667
1.634151e-006,-0.874
1.634401e-006,-0.874
1.634651e-006,-0.875667
1.634901e-006,-0.875667
1.635151e-006,-0.874
1.635401e-006,-0.874
1.635651e-006,-0.875667
1.635901e-006,-0.875667
1.636151e-006,-0.875667
1.636401e-006,-0.874
1.636651e-006,-0.875667
1.636901e-006,-0.875667
1.637151e-006,-0.875667
1.637401e-006,-0.874
1.637651e-006,-0.875667
1.637901e-006,-0.875667
1.638151e-006,-0.875667
1.638401e-006,-0.874
1.638651e-006,-0.874
1.638901e-006,-0.874
1.639151e-006,-0.875667
1.639401e-006,-0.874
1.639651e-006,-0.874
1.639901e-006,-0.874
1.640151e-006,-0.874
1.640401e-006,-0.874
1.640651e-006,-0.875667
1.640901e-006,-0.875667
1.641151e-006,-0.874
1.641401e-006,-0.874
1.641651e-006,-0.875667
1.641901e-006,-0.875667
1.642151e-006,-0.874
1.642401e-006,-0.874
1.642651e-006,-0.875667
1.642901e-006,-0.875667
1.643151e-006,-0.874
1.643401e-006,-0.874
1.643651e-006,-0.875667
1.643901e-006,-0.875667
1.644151e-006,-0.874
1.644401e-006,-0.874
1.644651e-006,-0.875667
1.644901e-006,-0.875667
1.645151e-006,-0.874
1.645401e-006,-0.874
1.645651e-006,-0.875667
1.645901e-006,-0.875667
1.646151e-006,-0.874
1.646401e-006,-0.874
1.646651e-006,-0.875667
1.646901e-006,-0.875667
1.647151e-006,-0.874
1.647401e-006,-0.874
1.647651e-006,-0.875667
1.647901e-006,-0.875667
1.648151e-006,-0.874
1.648401e-006,-0.874
1.648651e-006,-0.875667
1.648901e-006,-0.875667
1.649151e-006,-0.874
1.649401e-006,-0.874
1.649651e-006,-0.875667
1.649901e-006,-0.875667
1.650151e-006,-0.874
1.650401e-006,-0.874
1.650651e-006,-0.875667
1.650901e-006,-0.875667
1.651151e-006,-0.874
1.651401e-006,-0.874
1.651651e-006,-0.875667
1.651901e-006,-0.875667
1.652151e-006,-0.874
1.652401e-006,-0.874
1.652651e-006,-0.875667
1.652901e-006,-0.875667
1.653151e-006,-0.874
1.653401e-006,-0.874
1.653651e-006,-0.875667
1.653901e-006,-0.875667
1.654151e-006,-0.874
1.654401e-006,-0.874
1.654651e-006,-0.874
1.654901e-006,-0.875667
1.655151e-006,-0.874
1.655401e-006,-0.874
1.655651e-006,-0.875667
1.655901e-006,-0.875667
1.656151e-006,-0.875667
1.656401e-006,-0.874
1.656651e-006,-0.875667
1.656901e-006,-0.875667
1.657151e-006,-0.875667
1.657401e-006,-0.874
1.657651e-006,-0.875667
1.657901e-006,-0.875667
1.658151e-006,-0.875667
1.658401e-006,-0.874
1.658651e-006,-0.875667
1.658901e-006,-0.875667
1.659151e-006,-0.875667
1.659401e-006,-0.874
1.659651e-006,-0.875667
1.659901e-006,-0.875667
1.660151e-006,-0.875667
1.660401e-006,-0.874
1.660651e-006,-0.875667
1.660901e-006,-0.875667
1.661151e-006,-0.874
1.661401e-006,-0.874
1.661651e-006,-0.875667
1.661901e-006,-0.875667
1.662151e-006,-0.874
1.662401e-006,-0.874
1.662651e-006,-0.875667
1.662901e-006,-0.875667
1.663151e-006,-0.875667
1.663401e-006,-0.874
1.663651e-006,-0.875667
1.663901e-006,-0.875667
1.664151e-006,-0.875667
1.664401e-006,-0.874
1.664651e-006,-0.875667
1.664901e-006,-0.875667
1.665151e-006,-0.875667
1.665401e-006,-0.874
1.665651e-006,-0.875667
1.665901e-006,-0.875667
1.666151e-006,-0.874
1.666401e-006,-0.874
1.666651e-006,-0.875667
1.666901e-006,-0.875667
1.667151e-006,-0.874
1.667401e-006,-0.874
1.667651e-006,-0.875667
1.667901e-006,-0.875667
1.668151e-006,-0.874
1.668401e-006,-0.874
1.668651e-006,-0.875667
1.668901e-006,-0.875667
1.669151e-006,-0.874
1.669401e-006,-0.874
1.669651e-006,-0.875667
1.669901e-006,-0.875667
1.670151e-006,-0.874
1.670401e-006,-0.874
1.670651e-006,-0.875667
1.670901e-006,-0.875667
1.671151e-006,-0.874
1.671401e-006,-0.874
1.671651e-006,-0.875667
1.671901e-006,-0.875667
1.672151e-006,-0.874
1.672401e-006,-0.874
1.672651e-006,-0.875667
1.672901e-006,-0.875667
1.673151e-006,-0.874
1.673401e-006,-0.874
1.673651e-006,-0.875667
1.673901e-006,-0.875667
1.674151e-006,-0.874
1.674401e-006,-0.874
1.674651e-006,-0.875667
1.674901e-006,-0.875667
1.675151e-006,-0.874
1.675401e-006,-0.874
1.675651e-006,-0.875667
1.675901e-006,-0.875667
1.676151e-006,-0.874
1.676401e-006,-0.874
1.676651e-006,-0.875667
1.676901e-006,-0.875667
1.677151e-006,-0.874
1.677401e-006,-0.874
1.677651e-006,-0.875667
1.677901e-006,-0.875667
1.678151e-006,-0.874
1.678401e-006,-0.874
1.678651e-006,-0.875667
1.678901e-006,-0.875667
1.679151e-006,-0.874
1.679401e-006,-0.874
1.679651e-006,-0.875667
1.679901e-006,-0.875667
1.680151e-006,-0.874
1.680401e-006,-0.874
1.680651e-006,-0.875667
1.680901e-006,-0.875667
1.681151e-006,-0.874
1.681401e-006,-0.874
1.681651e-006,-0.875667
1.681901e-006,-0.875667
1.682151e-006,-0.874
1.682401e-006,-0.874
1.682651e-006,-0.875667
1.682901e-006,-0.875667
1.683151e-006,-0.874
1.683401e-006,-0.874
1.683651e-006,-0.875667
1.683901e-006,-0.875667
1.684151e-006,-0.874
1.684401e-006,-0.874
1.684651e-006,-0.875667
1.684901e-006,-0.875667
1.685151e-006,-0.875667
1.685401e-006,-0.874
1.685651e-006,-0.875667
1.685901e-006,-0.875667
1.686151e-006,-0.875667
1.686401e-006,-0.874
1.686651e-006,-0.875667
1.686901e-006,-0.875667
1.687151e-006,-0.875667
1.687401e-006,-0.874
1.687651e-006,-0.875667
1.687901e-006,-0.875667
1.688151e-006,-0.875667
1.688401e-006,-0.874
1.688651e-006,-0.875667
1.688901e-006,-0.875667
1.689151e-006,-0.875667
1.689401e-006,-0.874
1.689651e-006,-0.874
1.689901e-006,-0.875667
1.690151e-006,-0.874
1.690401e-006,-0.874
1.690651e-006,-0.875667
1.690901e-006,-0.875667
1.691151e-006,-0.874
1.691401e-006,-0.874
1.691651e-006,-0.875667
1.691901e-006,-0.875667
1.692151e-006,-0.874
1.692401e-006,-0.874
1.692651e-006,-0.875667
1.692901e-006,-0.875667
1.693151e-006,-0.874
1.693401e-006,-0.874
1.693651e-006,-0.875667
1.693901e-006,-0.875667
1.694151e-006,-0.874
1.694401e-006,-0.874
1.694651e-006,-0.875667
1.694901e-006,-0.875667
1.695151e-006,-0.874
1.695401e-006,-0.874
1.695651e-006,-0.875667
1.695901e-006,-0.875667
1.696151e-006,-0.874
1.696401e-006,-0.874
1.696651e-006,-0.875667
1.696901e-006,-0.875667
1.697151e-006,-0.874
1.697401e-006,-0.874
1.697651e-006,-0.875667
1.697901e-006,-0.875667
1.698151e-006,-0.874
1.698401e-006,-0.874
1.698651e-006,-0.875667
1.698901e-006,-0.875667
1.699151e-006,-0.874
1.699401e-006,-0.874
1.699651e-006,-0.875667
1.699901e-006,-0.875667
1.700151e-006,-0.874
1.700401e-006,-0.874
1.700651e-006,-0.875667
1.700901e-006,-0.875667
1.701151e-006,-0.874
1.701401e-006,-0.874
1.701651e-006,-0.875667
1.701901e-006,-0.875667
1.702151e-006,-0.874
1.702401e-006,-0.874
1.702651e-006,-0.875667
1.702901e-006,-0.875667
1.703151e-006,-0.874
1.703401e-006,-0.874
1.703651e-006,-0.875667
1.703901e-006,-0.875667
1.704151e-006,-0.874
1.704401e-006,-0.874
1.704651e-006,-0.875667
1.704901e-006,-0.875667
1.705151e-006,-0.874
1.705401e-006,-0.874
1.705651e-006,-0.875667
1.705901e-006,-0.875667
1.706151e-006,-0.874
1.706401e-006,-0.874
1.706651e-006,-0.875667
1.706901e-006,-0.875667
1.707151e-006,-0.874
1.707401e-006,-0.874
1.707651e-006,-0.875667
1.707901e-006,-0.875667
1.708151e-006,-0.874
1.708401e-006,-0.874
1.708651e-006,-0.875667
1.708901e-006,-0.875667
1.709151e-006,-0.874
1.709401e-006,-0.874
1.709651e-006,-0.875667
1.709901e-006,-0.875667
1.710151e-006,-0.875667
1.710401e-006,-0.874
1.710651e-006,-0.875667
1.710901e-006,-0.875667
1.711151e-006,-0.875667
1.711401e-006,-0.874
1.711651e-006,-0.875667
1.711901e-006,-0.875667
1.712151e-006,-0.875667
1.712401e-006,-0.874
1.712651e-006,-0.875667
1.712901e-006,-0.875667
1.713151e-006,-0.875667
1.713401e-006,-0.874
1.713651e-006,-0.875667
1.713901e-006,-0.875667
1.714151e-006,-0.874
1.714401e-006,-0.874
1.714651e-006,-0.875667
1.714901e-006,-0.875667
1.715151e-006,-0.874
1.715401e-006,-0.874
1.715651e-006,-0.875667
1.715901e-006,-0.875667
1.716151e-006,-0.875667
1.716401e-006,-0.874
1.716651e-006,-0.875667
1.716901e-006,-0.875667
1.717151e-006,-0.875667
1.717401e-006,-0.874
1.717651e-006,-0.875667
1.717901e-006,-0.875667
1.718151e-006,-0.874
1.718401e-006,-0.874
1.718651e-006,-0.875667
1.718901e-006,-0.875667
1.719151e-006,-0.874
1.719401e-006,-0.874
1.719651e-006,-0.875667
1.719901e-006,-0.875667
1.720151e-006,-0.874
1.720401e-006,-0.874
1.720651e-006,-0.875667
1.720901e-006,-0.875667
1.721151e-006,-0.875667
1.721401e-006,-0.874
1.721651e-006,-0.875667
1.721901e-006,-0.875667
1.722151e-006,-0.875667
1.722401e-006,-0.874
1.722651e-006,-0.875667
1.722901e-006,-0.875667
1.723151e-006,-0.875667
1.723401e-006,-0.874
1.723651e-006,-0.875667
1.723901e-006,-0.875667
1.724151e-006,-0.875667
1.724401e-006,-0.874
1.724651e-006,-0.875667
1.724901e-006,-0.875667
1.725151e-006,-0.875667
1.725401e-006,-0.874
1.725651e-006,-0.875667
1.725901e-006,-0.875667
1.726151e-006,-0.874
1.726401e-006,-0.874
1.726651e-006,-0.875667
1.726901e-006,-0.875667
1.727151e-006,-0.874
1.727401e-006,-0.874
1.727651e-006,-0.875667
1.727901e-006,-0.875667
1.728151e-006,-0.874
1.728401e-006,-0.874
1.728651e-006,-0.875667
1.728901e-006,-0.875667
1.729151e-006,-0.874
1.729401e-006,-0.874
1.729651e-006,-0.875667
1.729901e-006,-0.875667
1.730151e-006,-0.874
1.730401e-006,-0.874
1.730651e-006,-0.875667
1.730901e-006,-0.875667
1.731151e-006,-0.874
1.731401e-006,-0.874
1.731651e-006,-0.875667
1.731901e-006,-0.875667
1.732151e-006,-0.874
1.732401e-006,-0.874
1.732651e-006,-0.874
1.732901e-006,-0.875667
1.733151e-006,-0.874
1.733401e-006,-0.874
1.733651e-006,-0.874
1.733901e-006,-0.875667
1.734151e-006,-0.874
1.734401e-006,-0.874
1.734651e-006,-0.874
1.734901e-006,-0.875667
1.735151e-006,-0.875667
1.735401e-006,-0.874
1.735651e-006,-0.874
1.735901e-006,-0.875667
1.736151e-006,-0.875667
1.736401e-006,-0.874
1.736651e-006,-0.874
1.736901e-006,-0.875667
1.737151e-006,-0.874
1.737401e-006,-0.874
1.737651e-006,-0.874
1.737901e-006,-0.875667
1.738151e-006,-0.874
1.738401e-006,-0.874
1.738651e-006,-0.874
1.738901e-006,-0.875667
1.739151e-006,-0.874
1.739401e-006,-0.874
1.739651e-006,-0.875667
1.739901e-006,-0.875667
1.740151e-006,-0.874
1.740401e-006,-0.874
1.740651e-006,-0.874
1.740901e-006,-0.875667
1.741151e-006,-0.874
1.741401e-006,-0.874
1.741651e-006,-0.874
1.741901e-006,-0.875667
1.742151e-006,-0.874
1.742401e-006,-0.874
1.742651e-006,-0.874
1.742901e-006,-0.875667
1.743151e-006,-0.874
1.743401e-006,-0.874
1.743651e-006,-0.874
1.743901e-006,-0.875667
1.744151e-006,-0.874
1.744401e-006,-0.874
1.744651e-006,-0.874
1.744901e-006,-0.875667
1.745151e-006,-0.874
1.745401e-006,-0.874
1.745651e-006,-0.874
1.745901e-006,-0.875667
1.746151e-006,-0.874
1.746401e-006,-0.874
1.746651e-006,-0.874
1.746901e-006,-0.875667
1.747151e-006,-0.874
1.747401e-006,-0.874
1.747651e-006,-0.874
1.747901e-006,-0.875667
1.748151e-006,-0.874
1.748401e-006,-0.874
1.748651e-006,-0.874
1.748901e-006,-0.875667
1.749151e-006,-0.874
1.749401e-006,-0.874
1.749651e-006,-0.875667
1.749901e-006,-0.875667
1.750151e-006,-0.874
1.750401e-006,-0.874
1.750651e-006,-0.875667
1.750901e-006,-0.875667
1.751151e-006,-0.874
1.751401e-006,-0.874
1.751651e-006,-0.874
1.751901e-006,-0.875667
1.752151e-006,-0.874
1.752401e-006,-0.874
1.752651e-006,-0.874
1.752901e-006,-0.875667
1.753151e-006,-0.874
1.753401e-006,-0.874
1.753651e-006,-0.874
1.753901e-006,-0.874
1.754151e-006,-0.874
1.754401e-006,-0.874
1.754651e-006,-0.874
1.754901e-006,-0.875667
1.755151e-006,-0.874
1.755401e-006,-0.874
1.755651e-006,-0.874
1.755901e-006,-0.875667
1.756151e-006,-0.874
1.756401e-006,-0.874
1.756651e-006,-0.874
1.756901e-006,-0.875667
1.757151e-006,-0.874
1.757401e-006,-0.874
1.757651e-006,-0.874
1.757901e-006,-0.875667
1.758151e-006,-0.874
1.758401e-006,-0.874
1.758651e-006,-0.874
1.758901e-006,-0.875667
1.759151e-006,-0.874
1.759401e-006,-0.874
1.759651e-006,-0.874
1.759901e-006,-0.875667
1.760151e-006,-0.874
1.760401e-006,-0.874
1.760651e-006,-0.874
1.760901e-006,-0.875667
1.761151e-006,-0.874
1.761401e-006,-0.874
1.761651e-006,-0.874
1.761901e-006,-0.875667
1.762151e-006,-0.874
1.762401e-006,-0.874
1.762651e-006,-0.874
1.762901e-006,-0.875667
1.763151e-006,-0.874
1.763401e-006,-0.874
1.763651e-006,-0.874
1.763901e-006,-0.875667
1.764151e-006,-0.874
1.764401e-006,-0.874
1.764651e-006,-0.874
1.764901e-006,-0.875667
1.765151e-006,-0.874
1.765401e-006,-0.874
1.765651e-006,-0.875667
1.765901e-006,-0.875667
1.766151e-006,-0.874
1.766401e-006,-0.874
1.766651e-006,-0.875667
1.766901e-006,-0.875667
1.767151e-006,-0.874
1.767401e-006,-0.874
1.767651e-006,-0.875667
1.767901e-006,-0.875667
1.768151e-006,-0.874
1.768401e-006,-0.874
1.768651e-006,-0.875667
1.768901e-006,-0.875667
1.769151e-006,-0.874
1.769401e-006,-0.874
1.769651e-006,-0.875667
1.769901e-006,-0.875667
1.770151e-006,-0.874
1.770401e-006,-0.874
1.770651e-006,-0.875667
1.770901e-006,-0.875667
1.771151e-006,-0.874
1.771401e-006,-0.874
1.771651e-006,-0.874
1.771901e-006,-0.875667
1.772151e-006,-0.874
1.772401e-006,-0.874
1.772651e-006,-0.874
1.772901e-006,-0.875667
1.773151e-006,-0.874
1.773401e-006,-0.874
1.773651e-006,-0.875667
1.773901e-006,-0.875667
1.774151e-006,-0.874
1.774401e-006,-0.874
1.774651e-006,-0.874
1.774901e-006,-0.875667
1.775151e-006,-0.874
1.775401e-006,-0.874
1.775651e-006,-0.875667
1.775901e-006,-0.875667
1.776151e-006,-0.874
1.776401e-006,-0.874
1.776651e-006,-0.875667
1.776901e-006,-0.875667
1.777151e-006,-0.874
1.777401e-006,-0.874
1.777651e-006,-0.874
1.777901e-006,-0.875667
1.778151e-006,-0.874
1.778401e-006,-0.874
1.778651e-006,-0.874
1.778901e-006,-0.875667
1.779151e-006,-0.874
1.779401e-006,-0.874
1.779651e-006,-0.874
1.779901e-006,-0.875667
1.780151e-006,-0.874
1.780401e-006,-0.874
1.780651e-006,-0.875667
1.780901e-006,-0.875667
1.781151e-006,-0.874
1.781401e-006,-0.874
1.781651e-006,-0.875667
1.781901e-006,-0.875667
1.782151e-006,-0.874
1.782401e-006,-0.874
1.782651e-006,-0.875667
1.782901e-006,-0.875667
1.783151e-006,-0.874
1.783401e-006,-0.874
1.783651e-006,-0.875667
1.783901e-006,-0.875667
1.784151e-006,-0.874
1.784401e-006,-0.874
1.784651e-006,-0.875667
1.784901e-006,-0.875667
1.785151e-006,-0.874
1.785401e-006,-0.874
1.785651e-006,-0.875667
1.785901e-006,-0.875667
1.786151e-006,-0.874
1.786401e-006,-0.874
1.786651e-006,-0.875667
1.786901e-006,-0.875667
1.787151e-006,-0.874
1.787401e-006,-0.874
1.787651e-006,-0.875667
1.787901e-006,-0.875667
1.788151e-006,-0.874
1.788401e-006,-0.874
1.788651e-006,-0.875667
1.788901e-006,-0.875667
1.789151e-006,-0.874
1.789401e-006,-0.874
1.789651e-006,-0.874
1.789901e-006,-0.875667
1.790151e-006,-0.874
1.790401e-006,-0.874
1.790651e-006,-0.874
1.790901e-006,-0.875667
1.791151e-006,-0.874
1.791401e-006,-0.874
1.791651e-006,-0.874
1.791901e-006,-0.875667
1.792151e-006,-0.874
1.792401e-006,-0.874
1.792651e-006,-0.874
1.792901e-006,-0.875667
1.793151e-006,-0.874
1.793401e-006,-0.874
1.793651e-006,-0.874
1.793901e-006,-0.875667
1.794151e-006,-0.874
1.794401e-006,-0.874
1.794651e-006,-0.874
1.794901e-006,-0.875667
1.795151e-006,-0.874
1.795401e-006,-0.874
1.795651e-006,-0.874
1.795901e-006,-0.875667
1.796151e-006,-0.874
1.796401e-006,-0.874
1.796651e-006,-0.874
1.796901e-006,-0.875667
1.797151e-006,-0.874
1.797401e-006,-0.874
1.797651e-006,-0.875667
1.797901e-006,-0.875667
1.798151e-006,-0.874
1.798401e-006,-0.874
1.798651e-006,-0.875667
1.798901e-006,-0.875667
1.799151e-006,-0.874
1.799401e-006,-0.874
1.799651e-006,-0.875667
1.799901e-006,-0.875667
1.800151e-006,-0.874
1.800401e-006,-0.874
1.800651e-006,-0.875667
1.800901e-006,-0.875667
1.801151e-006,-0.874
1.801401e-006,-0.874
1.801651e-006,-0.875667
1.801901e-006,-0.875667
1.802151e-006,-0.874
1.802401e-006,-0.874
1.802651e-006,-0.875667
1.802901e-006,-0.875667
1.803151e-006,-0.874
1.803401e-006,-0.874
1.803651e-006,-0.875667
1.803901e-006,-0.875667
1.804151e-006,-0.874
1.804401e-006,-0.874
1.804651e-006,-0.875667
1.804901e-006,-0.875667
1.805151e-006,-0.874
1.805401e-006,-0.874
1.805651e-006,-0.875667
1.805901e-006,-0.875667
1.806151e-006,-0.874
1.806401e-006,-0.874
1.806651e-006,-0.875667
1.806901e-006,-0.875667
1.807151e-006,-0.874
1.807401e-006,-0.874
1.807651e-006,-0.875667
1.807901e-006,-0.875667
1.808151e-006,-0.874
1.808401e-006,-0.874
1.808651e-006,-0.875667
1.808901e-006,-0.875667
1.809151e-006,-0.874
1.809401e-006,-0.874
1.809651e-006,-0.875667
1.809901e-006,-0.875667
1.810151e-006,-0.874
1.810401e-006,-0.874
1.810651e-006,-0.875667
1.810901e-006,-0.875667
1.811151e-006,-0.874
1.811401e-006,-0.874
1.811651e-006,-0.874
1.811901e-006,-0.875667
1.812151e-006,-0.874
1.812401e-006,-0.874
1.812651e-006,-0.874
1.812901e-006,-0.875667
1.813151e-006,-0.874
1.813401e-006,-0.874
1.813651e-006,-0.874
1.813901e-006,-0.875667
1.814151e-006,-0.874
1.814401e-006,-0.874
1.814651e-006,-0.875667
1.814901e-006,-0.875667
1.815151e-006,-0.875667
1.815401e-006,-0.874
1.815651e-006,-0.875667
1.815901e-006,-0.875667
1.816151e-006,-0.874
1.816401e-006,-0.874
1.816651e-006,-0.875667
1.816901e-006,-0.874
1.817151e-006,-0.874
1.817401e-006,-0.874
1.817651e-006,-0.875667
1.817901e-006,-0.875667
1.818151e-006,-0.874
1.818401e-006,-0.874
1.818651e-006,-0.875667
1.818901e-006,-0.875667
1.819151e-006,-0.874
1.819401e-006,-0.874
1.819651e-006,-0.875667
1.819901e-006,-0.875667
1.820151e-006,-0.874
1.820401e-006,-0.874
1.820651e-006,-0.875667
1.820901e-006,-0.875667
1.821151e-006,-0.874
1.821401e-006,-0.874
1.821651e-006,-0.875667
1.821901e-006,-0.875667
1.822151e-006,-0.874
1.822401e-006,-0.874
1.822651e-006,-0.875667
1.822901e-006,-0.875667
1.823151e-006,-0.874
1.823401e-006,-0.874
1.823651e-006,-0.875667
1.823901e-006,-0.875667
1.824151e-006,-0.874
1.824401e-006,-0.874
1.824651e-006,-0.875667
1.824901e-006,-0.875667
1.825151e-006,-0.874
1.825401e-006,-0.874
1.825651e-006,-0.875667
1.825901e-006,-0.875667
1.826151e-006,-0.874
1.826401e-006,-0.874
1.826651e-006,-0.875667
1.826901e-006,-0.875667
1.827151e-006,-0.874
1.827401e-006,-0.874
1.827651e-006,-0.875667
1.827901e-006,-0.875667
1.828151e-006,-0.874
1.828401e-006,-0.874
1.828651e-006,-0.875667
1.828901e-006,-0.875667
1.829151e-006,-0.874
1.829401e-006,-0.874
1.829651e-006,-0.875667
1.829901e-006,-0.875667
1.830151e-006,-0.874
1.830401e-006,-0.874
1.830651e-006,-0.875667
1.830901e-006,-0.875667
1.831151e-006,-0.874
1.831401e-006,-0.874
1.831651e-006,-0.875667
1.831901e-006,-0.875667
1.832151e-006,-0.874
1.832401e-006,-0.874
1.832651e-006,-0.875667
1.832901e-006,-0.875667
1.833151e-006,-0.874
1.833401e-006,-0.874
1.833651e-006,-0.875667
1.833901e-006,-0.875667
1.834151e-006,-0.874
1.834401e-006,-0.874
1.834651e-006,-0.874
1.834901e-006,-0.875667
1.835151e-006,-0.874
1.835401e-006,-0.874
1.835651e-006,-0.874
1.835901e-006,-0.875667
1.836151e-006,-0.874
1.836401e-006,-0.874
1.836651e-006,-0.875667
1.836901e-006,-0.875667
1.837151e-006,-0.874
1.837401e-006,-0.874
1.837651e-006,-0.875667
1.837901e-006,-0.875667
1.838151e-006,-0.874
1.838401e-006,-0.874
1.838651e-006,-0.875667
1.838901e-006,-0.875667
1.839151e-006,-0.875667
1.839401e-006,-0.874
1.839651e-006,-0.875667
1.839901e-006,-0.875667
1.840151e-006,-0.875667
1.840401e-006,-0.874
1.840651e-006,-0.875667
1.840901e-006,-0.875667
1.841151e-006,-0.875667
1.841401e-006,-0.874
1.841651e-006,-0.875667
1.841901e-006,-0.875667
1.842151e-006,-0.875667
1.842401e-006,-0.874
1.842651e-006,-0.875667
1.842901e-006,-0.875667
1.843151e-006,-0.875667
1.843401e-006,-0.874
1.843651e-006,-0.875667
1.843901e-006,-0.875667
1.844151e-006,-0.875667
1.844401e-006,-0.874
1.844651e-006,-0.875667
1.844901e-006,-0.875667
1.845151e-006,-0.875667
1.845401e-006,-0.874
1.845651e-006,-0.875667
1.845901e-006,-0.875667
1.846151e-006,-0.875667
1.846401e-006,-0.874
1.846651e-006,-0.875667
1.846901e-006,-0.875667
1.847151e-006,-0.875667
1.847401e-006,-0.874
1.847651e-006,-0.875667
1.847901e-006,-0.875667
1.848151e-006,-0.875667
1.848401e-006,-0.874
1.848651e-006,-0.875667
1.848901e-006,-0.875667
1.849151e-006,-0.875667
1.849401e-006,-0.874
1.849651e-006,-0.875667
1.849901e-006,-0.875667
1.850151e-006,-0.874
1.850401e-006,-0.874
1.850651e-006,-0.875667
1.850901e-006,-0.875667
1.851151e-006,-0.874
1.851401e-006,-0.874
1.851651e-006,-0.875667
1.851901e-006,-0.875667
1.852151e-006,-0.874
1.852401e-006,-0.874
1.852651e-006,-0.874
1.852901e-006,-0.875667
1.853151e-006,-0.874
1.853401e-006,-0.874
1.853651e-006,-0.874
1.853901e-006,-0.875667
1.854151e-006,-0.874
1.854401e-006,-0.874
1.854651e-006,-0.875667
1.854901e-006,-0.875667
1.855151e-006,-0.874
1.855401e-006,-0.874
1.855651e-006,-0.875667
1.855901e-006,-0.875667
1.856151e-006,-0.874
1.856401e-006,-0.874
1.856651e-006,-0.875667
1.856901e-006,-0.875667
1.857151e-006,-0.874
1.857401e-006,-0.874
1.857651e-006,-0.875667
1.857901e-006,-0.875667
1.858151e-006,-0.874
1.858401e-006,-0.874
1.858651e-006,-0.874
1.858901e-006,-0.875667
1.859151e-006,-0.874
1.859401e-006,-0.874
1.859651e-006,-0.875667
1.859901e-006,-0.875667
1.860151e-006,-0.874
1.860401e-006,-0.874
1.860651e-006,-0.875667
1.860901e-006,-0.875667
1.861151e-006,-0.874
1.861401e-006,-0.874
1.861651e-006,-0.875667
1.861901e-006,-0.875667
1.862151e-006,-0.874
1.862401e-006,-0.874
1.862651e-006,-0.875667
1.862901e-006,-0.875667
1.863151e-006,-0.874
1.863401e-006,-0.874
1.863651e-006,-0.875667
1.863901e-006,-0.875667
1.864151e-006,-0.874
1.864401e-006,-0.874
1.864651e-006,-0.875667
1.864901e-006,-0.875667
1.865151e-006,-0.874
1.865401e-006,-0.874
1.865651e-006,-0.875667
1.865901e-006,-0.875667
1.866151e-006,-0.874
1.866401e-006,-0.874
1.866651e-006,-0.875667
1.866901e-006,-0.875667
1.867151e-006,-0.874
1.867401e-006,-0.874
1.867651e-006,-0.875667
1.867901e-006,-0.875667
1.868151e-006,-0.874
1.868401e-006,-0.874
1.868651e-006,-0.875667
1.868901e-006,-0.875667
1.869151e-006,-0.874
1.869401e-006,-0.874
1.869651e-006,-0.875667
1.869901e-006,-0.875667
1.870151e-006,-0.874
1.870401e-006,-0.874
1.870651e-006,-0.875667
1.870901e-006,-0.875667
1.871151e-006,-0.874
1.871401e-006,-0.874
1.871651e-006,-0.875667
1.871901e-006,-0.875667
1.872151e-006,-0.874
1.872401e-006,-0.874
1.872651e-006,-0.875667
1.872901e-006,-0.875667
1.873151e-006,-0.874
1.873401e-006,-0.874
1.873651e-006,-0.875667
1.873901e-006,-0.875667
1.874151e-006,-0.874
1.874401e-006,-0.874
1.874651e-006,-0.875667
1.874901e-006,-0.875667
1.875151e-006,-0.874
1.875401e-006,-0.874
1.875651e-006,-0.874
1.875901e-006,-0.875667
1.876151e-006,-0.874
1.876401e-006,-0.874
1.876651e-006,-0.874
1.876901e-006,-0.875667
1.877151e-006,-0.874
1.877401e-006,-0.874
1.877651e-006,-0.875667
1.877901e-006,-0.875667
1.878151e-006,-0.874
1.878401e-006,-0.874
1.878651e-006,-0.875667
1.878901e-006,-0.875667
1.879151e-006,-0.874
1.879401e-006,-0.874
1.879651e-006,-0.875667
1.879901e-006,-0.875667
1.880151e-006,-0.875667
1.880401e-006,-0.874
1.880651e-006,-0.875667
1.880901e-006,-0.875667
1.881151e-006,-0.875667
1.881401e-006,-0.874
1.881651e-006,-0.875667
1.881901e-006,-0.875667
1.882151e-006,-0.875667
1.882401e-006,-0.874
1.882651e-006,-0.875667
1.882901e-006,-0.875667
1.883151e-006,-0.875667
1.883401e-006,-0.874
1.883651e-006,-0.875667
1.883901e-006,-0.875667
1.884151e-006,-0.875667
1.884401e-006,-0.874
1.884651e-006,-0.875667
1.884901e-006,-0.875667
1.885151e-006,-0.874
1.885401e-006,-0.874
1.885651e-006,-0.875667
1.885901e-006,-0.875667
1.886151e-006,-0.874
1.886401e-006,-0.874
1.886651e-006,-0.874
1.886901e-006,-0.875667
1.887151e-006,-0.874
1.887401e-006,-0.874
1.887651e-006,-0.874
1.887901e-006,-0.875667
1.888151e-006,-0.874
1.888401e-006,-0.874
1.888651e-006,-0.875667
1.888901e-006,-0.875667
1.889151e-006,-0.874
1.889401e-006,-0.874
1.889651e-006,-0.875667
1.889901e-006,-0.875667
1.890151e-006,-0.874
1.890401e-006,-0.874
1.890651e-006,-0.874
1.890901e-006,-0.875667
1.891151e-006,-0.874
1.891401e-006,-0.874
1.891651e-006,-0.874
1.891901e-006,-0.875667
1.892151e-006,-0.874
1.892401e-006,-0.874
1.892651e-006,-0.875667
1.892901e-006,-0.875667
1.893151e-006,-0.874
1.893401e-006,-0.874
1.893651e-006,-0.875667
1.893901e-006,-0.875667
1.894151e-006,-0.874
1.894401e-006,-0.874
1.894651e-006,-0.875667
1.894901e-006,-0.875667
1.895151e-006,-0.874
1.895401e-006,-0.874
1.895651e-006,-0.875667
1.895901e-006,-0.875667
1.896151e-006,-0.874
1.896401e-006,-0.874
1.896651e-006,-0.875667
1.896901e-006,-0.875667
1.897151e-006,-0.874
1.897401e-006,-0.874
1.897651e-006,-0.875667
1.897901e-006,-0.875667
1.898151e-006,-0.874
1.898401e-006,-0.874
1.898651e-006,-0.875667
1.898901e-006,-0.875667
1.899151e-006,-0.874
1.899401e-006,-0.874
1.899651e-006,-0.875667
1.899901e-006,-0.875667
1.900151e-006,-0.875667
1.900401e-006,-0.874
1.900651e-006,-0.875667
1.900901e-006,-0.875667
1.901151e-006,-0.874
1.901401e-006,-0.874
1.901651e-006,-0.875667
1.901901e-006,-0.875667
1.902151e-006,-0.874
1.902401e-006,-0.874
1.902651e-006,-0.875667
1.902901e-006,-0.875667
1.903151e-006,-0.874
1.903401e-006,-0.874
1.903651e-006,-0.875667
1.903901e-006,-0.874
1.904151e-006,-0.874
1.904401e-006,-0.874
1.904651e-006,-0.875667
1.904901e-006,-0.874
1.905151e-006,-0.874
1.905401e-006,-0.874
1.905651e-006,-0.875667
1.905901e-006,-0.875667
1.906151e-006,-0.874
1.906401e-006,-0.874
1.906651e-006,-0.875667
1.906901e-006,-0.875667
1.907151e-006,-0.875667
1.907401e-006,-0.874
1.907651e-006,-0.875667
1.907901e-006,-0.875667
1.908151e-006,-0.875667
1.908401e-006,-0.874
1.908651e-006,-0.875667
1.908901e-006,-0.875667
1.909151e-006,-0.875667
1.909401e-006,-0.874
1.909651e-006,-0.875667
1.909901e-006,-0.875667
1.910151e-006,-0.875667
1.910401e-006,-0.874
1.910651e-006,-0.875667
1.910901e-006,-0.875667
1.911151e-006,-0.875667
1.911401e-006,-0.874
1.911651e-006,-0.875667
1.911901e-006,-0.875667
1.912151e-006,-0.875667
1.912401e-006,-0.874
1.912651e-006,-0.874
1.912901e-006,-0.875667
1.913151e-006,-0.875667
1.913401e-006,-0.874
1.913651e-006,-0.874
1.913901e-006,-0.875667
1.914151e-006,-0.875667
1.914401e-006,-0.874
1.914651e-006,-0.875667
1.914901e-006,-0.875667
1.915151e-006,-0.875667
1.915401e-006,-0.874
1.915651e-006,-0.875667
1.915901e-006,-0.875667
1.916151e-006,-0.875667
1.916401e-006,-0.874
1.916651e-006,-0.875667
1.916901e-006,-0.875667
1.917151e-006,-0.875667
1.917401e-006,-0.874
1.917651e-006,-0.875667
1.917901e-006,-0.875667
1.918151e-006,-0.875667
1.918401e-006,-0.874
1.918651e-006,-0.875667
1.918901e-006,-0.875667
1.919151e-006,-0.875667
1.919401e-006,-0.874
1.919651e-006,-0.875667
1.919901e-006,-0.875667
1.920151e-006,-0.875667
1.920401e-006,-0.874
1.920651e-006,-0.875667
1.920901e-006,-0.875667
1.921151e-006,-0.875667
1.921401e-006,-0.874
1.921651e-006,-0.875667
1.921901e-006,-0.875667
1.922151e-006,-0.875667
1.922401e-006,-0.874
1.922651e-006,-0.875667
1.922901e-006,-0.875667
1.923151e-006,-0.875667
1.923401e-006,-0.874
1.923651e-006,-0.875667
1.923901e-006,-0.875667
1.924151e-006,-0.875667
1.924401e-006,-0.874
1.924651e-006,-0.875667
1.924901e-006,-0.875667
1.925151e-006,-0.875667
1.925401e-006,-0.874
1.925651e-006,-0.875667
1.925901e-006,-0.875667
1.926151e-006,-0.875667
1.926401e-006,-0.874
1.926651e-006,-0.875667
1.926901e-006,-0.875667
1.927151e-006,-0.875667
1.927401e-006,-0.874
1.927651e-006,-0.875667
1.927901e-006,-0.875667
1.928151e-006,-0.875667
1.928401e-006,-0.874
1.928651e-006,-0.875667
1.928901e-006,-0.875667
1.929151e-006,-0.875667
1.929401e-006,-0.874
1.929651e-006,-0.875667
1.929901e-006,-0.875667
1.930151e-006,-0.875667
1.930401e-006,-0.874
1.930651e-006,-0.875667
1.930901e-006,-0.875667
1.931151e-006,-0.875667
1.931401e-006,-0.874
1.931651e-006,-0.875667
1.931901e-006,-0.875667
1.932151e-006,-0.875667
1.932401e-006,-0.874
1.932651e-006,-0.875667
1.932901e-006,-0.875667
1.933151e-006,-0.874
1.933401e-006,-0.874
1.933651e-006,-0.875667
1.933901e-006,-0.875667
1.934151e-006,-0.874
1.934401e-006,-0.874
1.934651e-006,-0.875667
1.934901e-006,-0.875667
1.935151e-006,-0.874
1.935401e-006,-0.874
1.935651e-006,-0.875667
1.935901e-006,-0.875667
1.936151e-006,-0.874
1.936401e-006,-0.874
1.936651e-006,-0.875667
1.936901e-006,-0.875667
1.937151e-006,-0.874
1.937401e-006,-0.874
1.937651e-006,-0.875667
1.937901e-006,-0.875667
1.938151e-006,-0.874
1.938401e-006,-0.874
1.938651e-006,-0.875667
1.938901e-006,-0.875667
1.939151e-006,-0.875667
1.939401e-006,-0.874
1.939651e-006,-0.875667
1.939901e-006,-0.875667
1.940151e-006,-0.875667
1.940401e-006,-0.874
1.940651e-006,-0.875667
1.940901e-006,-0.875667
1.941151e-006,-0.875667
1.941401e-006,-0.874
1.941651e-006,-0.875667
1.941901e-006,-0.875667
1.942151e-006,-0.875667
1.942401e-006,-0.874
1.942651e-006,-0.875667
1.942901e-006,-0.875667
1.943151e-006,-0.875667
1.943401e-006,-0.874
1.943651e-006,-0.875667
1.943901e-006,-0.875667
1.944151e-006,-0.875667
1.944401e-006,-0.874
1.944651e-006,-0.875667
1.944901e-006,-0.875667
1.945151e-006,-0.875667
1.945401e-006,-0.874
1.945651e-006,-0.875667
1.945901e-006,-0.875667
1.946151e-006,-0.874
1.946401e-006,-0.874
1.946651e-006,-0.875667
1.946901e-006,-0.875667
1.947151e-006,-0.874
1.947401e-006,-0.874
1.947651e-006,-0.875667
1.947901e-006,-0.875667
1.948151e-006,-0.874
1.948401e-006,-0.874
1.948651e-006,-0.875667
1.948901e-006,-0.875667
1.949151e-006,-0.875667
1.949401e-006,-0.874
1.949651e-006,-0.875667
1.949901e-006,-0.875667
1.950151e-006,-0.875667
1.950401e-006,-0.874
1.950651e-006,-0.875667
1.950901e-006,-0.875667
1.951151e-006,-0.875667
1.951401e-006,-0.874
1.951651e-006,-0.874
1.951901e-006,-0.874
1.952151e-006,-0.874
1.952401e-006,-0.874
1.952651e-006,-0.874
1.952901e-006,-0.875667
1.953151e-006,-0.874
1.953401e-006,-0.874
1.953651e-006,-0.874
1.953901e-006,-0.875667
1.954151e-006,-0.874
1.954401e-006,-0.874
1.954651e-006,-0.874
1.954901e-006,-0.875667
1.955151e-006,-0.874
1.955401e-006,-0.874
1.955651e-006,-0.875667
1.955901e-006,-0.875667
1.956151e-006,-0.874
1.956401e-006,-0.874
1.956651e-006,-0.875667
1.956901e-006,-0.875667
1.957151e-006,-0.874
1.957401e-006,-0.874
1.957651e-006,-0.875667
1.957901e-006,-0.875667
1.958151e-006,-0.874
1.958401e-006,-0.874
1.958651e-006,-0.874
1.958901e-006,-0.875667
1.959151e-006,-0.874
1.959401e-006,-0.874
1.959651e-006,-0.875667
1.959901e-006,-0.875667
1.960151e-006,-0.874
1.960401e-006,-0.874
1.960651e-006,-0.875667
1.960901e-006,-0.875667
1.961151e-006,-0.874
1.961401e-006,-0.874
1.961651e-006,-0.875667
1.961901e-006,-0.875667
1.962151e-006,-0.874
1.962401e-006,-0.874
1.962651e-006,-0.875667
1.962901e-006,-0.875667
1.963151e-006,-0.874
1.963401e-006,-0.874
1.963651e-006,-0.875667
1.963901e-006,-0.875667
1.964151e-006,-0.874
1.964401e-006,-0.874
1.964651e-006,-0.875667
1.964901e-006,-0.875667
1.965151e-006,-0.874
1.965401e-006,-0.874
1.965651e-006,-0.875667
1.965901e-006,-0.875667
1.966151e-006,-0.874
1.966401e-006,-0.874
1.966651e-006,-0.875667
1.966901e-006,-0.875667
1.967151e-006,-0.874
1.967401e-006,-0.874
1.967651e-006,-0.875667
1.967901e-006,-0.875667
1.968151e-006,-0.874
1.968401e-006,-0.874
1.968651e-006,-0.875667
1.968901e-006,-0.875667
1.969151e-006,-0.874
1.969401e-006,-0.874
1.969651e-006,-0.875667
1.969901e-006,-0.875667
1.970151e-006,-0.874
1.970401e-006,-0.874
1.970651e-006,-0.875667
1.970901e-006,-0.875667
1.971151e-006,-0.874
1.971401e-006,-0.874
1.971651e-006,-0.875667
1.971901e-006,-0.875667
1.972151e-006,-0.874
1.972401e-006,-0.874
1.972651e-006,-0.875667
1.972901e-006,-0.875667
1.973151e-006,-0.874
1.973401e-006,-0.874
1.973651e-006,-0.875667
1.973901e-006,-0.875667
1.974151e-006,-0.874
1.974401e-006,-0.874
1.974651e-006,-0.875667
1.974901e-006,-0.875667
1.975151e-006,-0.874
1.975401e-006,-0.874
1.975651e-006,-0.875667
1.975901e-006,-0.875667
1.976151e-006,-0.874
1.976401e-006,-0.874
1.976651e-006,-0.875667
1.976901e-006,-0.875667
1.977151e-006,-0.874
1.977401e-006,-0.874
1.977651e-006,-0.875667
1.977901e-006,-0.875667
1.978151e-006,-0.874
1.978401e-006,-0.874
1.978651e-006,-0.875667
1.978901e-006,-0.875667
1.979151e-006,-0.874
1.979401e-006,-0.874
1.979651e-006,-0.875667
1.979901e-006,-0.875667
1.980151e-006,-0.874
1.980401e-006,-0.874
1.980651e-006,-0.875667
1.980901e-006,-0.875667
1.981151e-006,-0.874
1.981401e-006,-0.874
1.981651e-006,-0.875667
1.981901e-006,-0.875667
1.982151e-006,-0.874
1.982401e-006,-0.874
1.982651e-006,-0.875667
1.982901e-006,-0.875667
1.983151e-006,-0.874
1.983401e-006,-0.874
1.983651e-006,-0.875667
1.983901e-006,-0.875667
1.984151e-006,-0.874
1.984401e-006,-0.874
1.984651e-006,-0.875667
1.984901e-006,-0.875667
1.985151e-006,-0.874
1.985401e-006,-0.874
1.985651e-006,-0.875667
1.985901e-006,-0.875667
1.986151e-006,-0.874
1.986401e-006,-0.874
1.986651e-006,-0.875667
1.986901e-006,-0.875667
1.987151e-006,-0.874
1.987401e-006,-0.874
1.987651e-006,-0.875667
1.987901e-006,-0.875667
1.988151e-006,-0.874
1.988401e-006,-0.874
1.988651e-006,-0.875667
1.988901e-006,-0.875667
1.989151e-006,-0.874
1.989401e-006,-0.874
1.989651e-006,-0.875667
1.989901e-006,-0.875667
1.990151e-006,-0.874
1.990401e-006,-0.874
1.990651e-006,-0.875667
1.990901e-006,-0.875667
1.991151e-006,-0.874
1.991401e-006,-0.874
1.991651e-006,-0.875667
1.991901e-006,-0.875667
1.992151e-006,-0.874
1.992401e-006,-0.874
1.992651e-006,-0.875667
1.992901e-006,-0.875667
1.993151e-006,-0.874
1.993401e-006,-0.874
1.993651e-006,-0.875667
1.993901e-006,-0.875667
1.994151e-006,-0.875667
1.994401e-006,-0.874
1.994651e-006,-0.875667
1.994901e-006,-0.875667
1.995151e-006,-0.874
1.995401e-006,-0.874
1.995651e-006,-0.875667
1.995901e-006,-0.875667
1.996151e-006,-0.874
1.996401e-006,-0.874
1.996651e-006,-0.875667
1.996901e-006,-0.875667
1.997151e-006,-0.874
1.997401e-006,-0.874
1.997651e-006,-0.875667
1.997901e-006,-0.875667
1.998151e-006,-0.874
1.998401e-006,-0.874
1.998651e-006,-0.875667
1.998901e-006,-0.875667
1.999151e-006,-0.874
1.999401e-006,-0.874
1.999651e-006,-0.875667
1.999901e-006,-0.875667
2.000151e-006,-0.874
2.000401e-006,-0.874
2.000651e-006,-0.875667
2.000901e-006,-0.875667
2.001151e-006,-0.874
2.001401e-006,-0.874
2.001651e-006,-0.875667
2.001901e-006,-0.875667
2.002151e-006,-0.874
2.002401e-006,-0.874
2.002651e-006,-0.874
2.002901e-006,-0.875667
2.003151e-006,-0.874
2.003401e-006,-0.874
2.003651e-006,-0.875667
2.003901e-006,-0.875667
2.004151e-006,-0.874
2.004401e-006,-0.874
2.004651e-006,-0.875667
2.004901e-006,-0.875667
2.005151e-006,-0.874
2.005401e-006,-0.874
2.005651e-006,-0.875667
2.005901e-006,-0.875667
2.006151e-006,-0.874
2.006401e-006,-0.874
2.006651e-006,-0.875667
2.006901e-006,-0.875667
2.007151e-006,-0.874
2.007401e-006,-0.874
2.007651e-006,-0.875667
2.007901e-006,-0.875667
2.008151e-006,-0.874
2.008401e-006,-0.874
2.008651e-006,-0.875667
2.008901e-006,-0.875667
2.009151e-006,-0.874
2.009401e-006,-0.874
2.009651e-006,-0.875667
2.009901e-006,-0.875667
2.010151e-006,-0.874
2.010401e-006,-0.874
2.010651e-006,-0.875667
2.010901e-006,-0.875667
2.011151e-006,-0.874
2.011401e-006,-0.874
2.011651e-006,-0.875667
2.011901e-006,-0.875667
2.012151e-006,-0.874
2.012401e-006,-0.874
2.012651e-006,-0.875667
2.012901e-006,-0.875667
2.013151e-006,-0.874
2.013401e-006,-0.874
2.013651e-006,-0.875667
2.013901e-006,-0.875667
2.014151e-006,-0.874
2.014401e-006,-0.874
2.014651e-006,-0.875667
2.014901e-006,-0.875667
2.015151e-006,-0.874
2.015401e-006,-0.874
2.015651e-006,-0.875667
2.015901e-006,-0.875667
2.016151e-006,-0.874
2.016401e-006,-0.874
2.016651e-006,-0.875667
2.016901e-006,-0.875667
2.017151e-006,-0.874
2.017401e-006,-0.874
2.017651e-006,-0.874
2.017901e-006,-0.875667
2.018151e-006,-0.874
2.018401e-006,-0.874
2.018651e-006,-0.874
2.018901e-006,-0.875667
2.019151e-006,-0.874
2.019401e-006,-0.874
2.019651e-006,-0.875667
2.019901e-006,-0.875667
2.020151e-006,-0.874
2.020401e-006,-0.874
2.020651e-006,-0.875667
2.020901e-006,-0.875667
2.021151e-006,-0.874
2.021401e-006,-0.874
2.021651e-006,-0.875667
2.021901e-006,-0.875667
2.022151e-006,-0.874
2.022401e-006,-0.874
2.022651e-006,-0.875667
2.022901e-006,-0.875667
2.023151e-006,-0.874
2.023401e-006,-0.874
2.023651e-006,-0.875667
2.023901e-006,-0.875667
2.024151e-006,-0.874
2.024401e-006,-0.874
2.024651e-006,-0.875667
2.024901e-006,-0.875667
2.025151e-006,-0.874
2.025401e-006,-0.874
2.025651e-006,-0.875667
2.025901e-006,-0.875667
2.026151e-006,-0.874
2.026401e-006,-0.874
2.026651e-006,-0.875667
2.026901e-006,-0.875667
2.027151e-006,-0.874
2.027401e-006,-0.874
2.027651e-006,-0.875667
2.027901e-006,-0.875667
2.028151e-006,-0.874
2.028401e-006,-0.874
2.028651e-006,-0.875667
2.028901e-006,-0.875667
2.029151e-006,-0.874
2.029401e-006,-0.874
2.029651e-006,-0.875667
2.029901e-006,-0.875667
2.030151e-006,-0.874
2.030401e-006,-0.874
2.030651e-006,-0.875667
2.030901e-006,-0.875667
2.031151e-006,-0.874
2.031401e-006,-0.874
2.031651e-006,-0.875667
2.031901e-006,-0.875667
2.032151e-006,-0.874
2.032401e-006,-0.874
2.032651e-006,-0.875667
2.032901e-006,-0.875667
2.033151e-006,-0.874
2.033401e-006,-0.874
2.033651e-006,-0.875667
2.033901e-006,-0.875667
2.034151e-006,-0.874
2.034401e-006,-0.874
2.034651e-006,-0.875667
2.034901e-006,-0.875667
2.035151e-006,-0.874
2.035401e-006,-0.874
2.035651e-006,-0.875667
2.035901e-006,-0.875667
2.036151e-006,-0.874
2.036401e-006,-0.874
2.036651e-006,-0.875667
2.036901e-006,-0.875667
2.037151e-006,-0.874
2.037401e-006,-0.874
2.037651e-006,-0.875667
2.037901e-006,-0.875667
2.038151e-006,-0.874
2.038401e-006,-0.874
2.038651e-006,-0.875667
2.038901e-006,-0.875667
2.039151e-006,-0.874
2.039401e-006,-0.874
2.039651e-006,-0.875667
2.039901e-006,-0.875667
2.040151e-006,-0.874
2.040401e-006,-0.874
2.040651e-006,-0.875667
2.040901e-006,-0.875667
2.041151e-006,-0.874
2.041401e-006,-0.874
2.041651e-006,-0.875667
2.041901e-006,-0.875667
2.042151e-006,-0.874
2.042401e-006,-0.874
2.042651e-006,-0.875667
2.042901e-006,-0.875667
2.043151e-006,-0.874
2.043401e-006,-0.874
2.043651e-006,-0.875667
2.043901e-006,-0.875667
2.044151e-006,-0.874
2.044401e-006,-0.874
2.044651e-006,-0.875667
2.044901e-006,-0.875667
2.045151e-006,-0.874
2.045401e-006,-0.874
2.045651e-006,-0.875667
2.045901e-006,-0.875667
2.046151e-006,-0.874
2.046401e-006,-0.874
2.046651e-006,-0.875667
2.046901e-006,-0.875667
2.047151e-006,-0.874
2.047401e-006,-0.874
2.047651e-006,-0.875667
2.047901e-006,-0.875667
2.048151e-006,-0.874
2.048401e-006,-0.874
2.048651e-006,-0.875667
2.048901e-006,-0.875667
2.049151e-006,-0.874
2.049401e-006,-0.874
2.049651e-006,-0.875667
2.049901e-006,-0.875667
2.050151e-006,-0.874
2.050401e-006,-0.874
2.050651e-006,-0.875667
2.050901e-006,-0.875667
2.051151e-006,-0.874
2.051401e-006,-0.874
2.051651e-006,-0.875667
2.051901e-006,-0.875667
2.052151e-006,-0.874
2.052401e-006,-0.874
2.052651e-006,-0.875667
2.052901e-006,-0.875667
2.053151e-006,-0.874
2.053401e-006,-0.874
2.053651e-006,-0.875667
2.053901e-006,-0.875667
2.054151e-006,-0.874
2.054401e-006,-0.874
2.054651e-006,-0.875667
2.054901e-006,-0.875667
2.055151e-006,-0.874
2.055401e-006,-0.874
2.055651e-006,-0.875667
2.055901e-006,-0.875667
2.056151e-006,-0.874
2.056401e-006,-0.874
2.056651e-006,-0.875667
2.056901e-006,-0.875667
2.057151e-006,-0.874
2.057401e-006,-0.874
2.057651e-006,-0.875667
2.057901e-006,-0.875667
2.058151e-006,-0.875667
2.058401e-006,-0.874
2.058651e-006,-0.875667
2.058901e-006,-0.875667
2.059151e-006,-0.874
2.059401e-006,-0.874
2.059651e-006,-0.875667
2.059901e-006,-0.875667
2.060151e-006,-0.874
2.060401e-006,-0.874
2.060651e-006,-0.875667
2.060901e-006,-0.875667
2.061151e-006,-0.874
2.061401e-006,-0.874
2.061651e-006,-0.875667
2.061901e-006,-0.875667
2.062151e-006,-0.874
2.062401e-006,-0.874
2.062651e-006,-0.875667
2.062901e-006,-0.875667
2.063151e-006,-0.874
2.063401e-006,-0.874
2.063651e-006,-0.875667
2.063901e-006,-0.875667
2.064151e-006,-0.874
2.064401e-006,-0.874
2.064651e-006,-0.875667
2.064901e-006,-0.875667
2.065151e-006,-0.874
2.065401e-006,-0.874
2.065651e-006,-0.875667
2.065901e-006,-0.875667
2.066151e-006,-0.874
2.066401e-006,-0.874
2.066651e-006,-0.875667
2.066901e-006,-0.875667
2.067151e-006,-0.874
2.067401e-006,-0.874
2.067651e-006,-0.875667
2.067901e-006,-0.875667
2.068151e-006,-0.874
2.068401e-006,-0.874
2.068651e-006,-0.875667
2.068901e-006,-0.875667
2.069151e-006,-0.874
2.069401e-006,-0.874
2.069651e-006,-0.875667
2.069901e-006,-0.875667
2.070151e-006,-0.874
2.070401e-006,-0.874
2.070651e-006,-0.875667
2.070901e-006,-0.875667
2.071151e-006,-0.874
2.071401e-006,-0.874
2.071651e-006,-0.875667
2.071901e-006,-0.875667
2.072151e-006,-0.874
2.072401e-006,-0.874
2.072651e-006,-0.875667
2.072901e-006,-0.875667
2.073151e-006,-0.874
2.073401e-006,-0.874
2.073651e-006,-0.875667
2.073901e-006,-0.875667
2.074151e-006,-0.874
2.074401e-006,-0.874
2.074651e-006,-0.875667
2.074901e-006,-0.875667
2.075151e-006,-0.874
2.075401e-006,-0.874
2.075651e-006,-0.875667
2.075901e-006,-0.875667
2.076151e-006,-0.874
2.076401e-006,-0.874
2.076651e-006,-0.875667
2.076901e-006,-0.875667
2.077151e-006,-0.874
2.077401e-006,-0.874
2.077651e-006,-0.875667
2.077901e-006,-0.875667
2.078151e-006,-0.874
2.078401e-006,-0.874
2.078651e-006,-0.875667
2.078901e-006,-0.875667
2.079151e-006,-0.874
2.079401e-006,-0.874
2.079651e-006,-0.875667
2.079901e-006,-0.875667
2.080151e-006,-0.874
2.080401e-006,-0.874
2.080651e-006,-0.875667
2.080901e-006,-0.875667
2.081151e-006,-0.874
2.081401e-006,-0.874
2.081651e-006,-0.875667
2.081901e-006,-0.875667
2.082151e-006,-0.874
2.082401e-006,-0.874
2.082651e-006,-0.875667
2.082901e-006,-0.875667
2.083151e-006,-0.874
2.083401e-006,-0.874
2.083651e-006,-0.875667
2.083901e-006,-0.875667
2.084151e-006,-0.874
2.084401e-006,-0.874
2.084651e-006,-0.875667
2.084901e-006,-0.875667
2.085151e-006,-0.874
2.085401e-006,-0.874
2.085651e-006,-0.875667
2.085901e-006,-0.875667
2.086151e-006,-0.874
2.086401e-006,-0.874
2.086651e-006,-0.875667
2.086901e-006,-0.875667
2.087151e-006,-0.874
2.087401e-006,-0.874
2.087651e-006,-0.875667
2.087901e-006,-0.875667
2.088151e-006,-0.874
2.088401e-006,-0.874
2.088651e-006,-0.875667
2.088901e-006,-0.875667
2.089151e-006,-0.874
2.089401e-006,-0.874
2.089651e-006,-0.875667
2.089901e-006,-0.875667
2.090151e-006,-0.874
2.090401e-006,-0.874
2.090651e-006,-0.875667
2.090901e-006,-0.875667
2.091151e-006,-0.875667
2.091401e-006,-0.874
2.091651e-006,-0.875667
2.091901e-006,-0.875667
2.092151e-006,-0.874
2.092401e-006,-0.874
2.092651e-006,-0.875667
2.092901e-006,-0.875667
2.093151e-006,-0.874
2.093401e-006,-0.874
2.093651e-006,-0.875667
2.093901e-006,-0.875667
2.094151e-006,-0.874
2.094401e-006,-0.874
2.094651e-006,-0.875667
2.094901e-006,-0.874
2.095151e-006,-0.874
2.095401e-006,-0.874
2.095651e-006,-0.875667
2.095901e-006,-0.875667
2.096151e-006,-0.874
2.096401e-006,-0.874
2.096651e-006,-0.875667
2.096901e-006,-0.875667
2.097151e-006,-0.874
2.097401e-006,-0.874
2.097651e-006,-0.875667
2.097901e-006,-0.875667
2.098151e-006,-0.874
2.098401e-006,-0.874
2.098651e-006,-0.875667
2.098901e-006,-0.875667
2.099151e-006,-0.874
2.099401e-006,-0.874
2.099651e-006,-0.875667
2.099901e-006,-0.875667
2.100151e-006,-0.874
2.100401e-006,-0.874
2.100651e-006,-0.875667
2.100901e-006,-0.875667
2.101151e-006,-0.874
2.101401e-006,-0.874
2.101651e-006,-0.875667
2.101901e-006,-0.875667
2.102151e-006,-0.874
2.102401e-006,-0.874
2.102651e-006,-0.875667
2.102901e-006,-0.875667
2.103151e-006,-0.874
2.103401e-006,-0.874
2.103651e-006,-0.875667
2.103901e-006,-0.875667
2.104151e-006,-0.874
2.104401e-006,-0.874
2.104651e-006,-0.875667
2.104901e-006,-0.875667
2.105151e-006,-0.874
2.105401e-006,-0.874
2.105651e-006,-0.875667
2.105901e-006,-0.875667
2.106151e-006,-0.874
2.106401e-006,-0.874
2.106651e-006,-0.875667
2.106901e-006,-0.875667
2.107151e-006,-0.874
2.107401e-006,-0.874
2.107651e-006,-0.875667
2.107901e-006,-0.875667
2.108151e-006,-0.874
2.108401e-006,-0.874
2.108651e-006,-0.875667
2.108901e-006,-0.875667
2.109151e-006,-0.874
2.109401e-006,-0.874
2.109651e-006,-0.875667
2.109901e-006,-0.875667
2.110151e-006,-0.874
2.110401e-006,-0.874
2.110651e-006,-0.875667
2.110901e-006,-0.875667
2.111151e-006,-0.874
2.111401e-006,-0.874
2.111651e-006,-0.875667
2.111901e-006,-0.875667
2.112151e-006,-0.874
2.112401e-006,-0.874
2.112651e-006,-0.875667
2.112901e-006,-0.875667
2.113151e-006,-0.874
2.113401e-006,-0.874
2.113651e-006,-0.875667
2.113901e-006,-0.875667
2.114151e-006,-0.874
2.114401e-006,-0.874
2.114651e-006,-0.875667
2.114901e-006,-0.875667
2.115151e-006,-0.874
2.115401e-006,-0.874
2.115651e-006,-0.875667
2.115901e-006,-0.875667
2.116151e-006,-0.874
2.116401e-006,-0.874
2.116651e-006,-0.875667
2.116901e-006,-0.875667
2.117151e-006,-0.874
2.117401e-006,-0.874
2.117651e-006,-0.875667
2.117901e-006,-0.875667
2.118151e-006,-0.874
2.118401e-006,-0.874
2.118651e-006,-0.874
2.118901e-006,-0.875667
2.119151e-006,-0.875667
2.119401e-006,-0.874
2.119651e-006,-0.875667
2.119901e-006,-0.875667
2.120151e-006,-0.875667
2.120401e-006,-0.874
2.120651e-006,-0.875667
2.120901e-006,-0.875667
2.121151e-006,-0.875667
2.121401e-006,-0.874
2.121651e-006,-0.875667
2.121901e-006,-0.875667
2.122151e-006,-0.875667
2.122401e-006,-0.874
2.122651e-006,-0.875667
2.122901e-006,-0.875667
2.123151e-006,-0.875667
2.123401e-006,-0.874
2.123651e-006,-0.875667
2.123901e-006,-0.875667
2.124151e-006,-0.875667
2.124401e-006,-0.874
2.124651e-006,-0.875667
2.124901e-006,-0.875667
2.125151e-006,-0.875667
2.125401e-006,-0.874
2.125651e-006,-0.875667
2.125901e-006,-0.875667
2.126151e-006,-0.874
2.126401e-006,-0.874
2.126651e-006,-0.875667
2.126901e-006,-0.875667
2.127151e-006,-0.874
2.127401e-006,-0.874
2.127651e-006,-0.875667
2.127901e-006,-0.875667
2.128151e-006,-0.874
2.128401e-006,-0.874
2.128651e-006,-0.875667
2.128901e-006,-0.875667
2.129151e-006,-0.874
2.129401e-006,-0.874
2.129651e-006,-0.875667
2.129901e-006,-0.875667
2.130151e-006,-0.875667
2.130401e-006,-0.874
2.130651e-006,-0.875667
2.130901e-006,-0.875667
2.131151e-006,-0.875667
2.131401e-006,-0.874
2.131651e-006,-0.875667
2.131901e-006,-0.875667
2.132151e-006,-0.874
2.132401e-006,-0.874
2.132651e-006,-0.875667
2.132901e-006,-0.875667
2.133151e-006,-0.875667
2.133401e-006,-0.874
2.133651e-006,-0.875667
2.133901e-006,-0.875667
2.134151e-006,-0.875667
2.134401e-006,-0.874
2.134651e-006,-0.875667
2.134901e-006,-0.875667
2.135151e-006,-0.875667
2.135401e-006,-0.874
2.135651e-006,-0.875667
2.135901e-006,-0.875667
2.136151e-006,-0.875667
2.136401e-006,-0.874
2.136651e-006,-0.875667
2.136901e-006,-0.875667
2.137151e-006,-0.875667
2.137401e-006,-0.874
2.137651e-006,-0.875667
2.137901e-006,-0.875667
2.138151e-006,-0.875667
2.138401e-006,-0.874
2.138651e-006,-0.875667
2.138901e-006,-0.875667
2.139151e-006,-0.874
2.139401e-006,-0.874
2.139651e-006,-0.875667
2.139901e-006,-0.875667
2.140151e-006,-0.874
2.140401e-006,-0.874
2.140651e-006,-0.875667
2.140901e-006,-0.875667
2.141151e-006,-0.874
2.141401e-006,-0.874
2.141651e-006,-0.875667
2.141901e-006,-0.875667
2.142151e-006,-0.874
2.142401e-006,-0.874
2.142651e-006,-0.875667
2.142901e-006,-0.875667
2.143151e-006,-0.874
2.143401e-006,-0.874
2.143651e-006,-0.875667
2.143901e-006,-0.875667
2.144151e-006,-0.874
2.144401e-006,-0.874
2.144651e-006,-0.875667
2.144901e-006,-0.875667
2.145151e-006,-0.874
2.145401e-006,-0.874
2.145651e-006,-0.874
2.145901e-006,-0.875667
2.146151e-006,-0.874
2.146401e-006,-0.874
2.146651e-006,-0.874
2.146901e-006,-0.875667
2.147151e-006,-0.874
2.147401e-006,-0.874
2.147651e-006,-0.874
2.147901e-006,-0.875667
2.148151e-006,-0.874
2.148401e-006,-0.874
2.148651e-006,-0.875667
2.148901e-006,-0.875667
2.149151e-006,-0.874
2.149401e-006,-0.874
2.149651e-006,-0.875667
2.149901e-006,-0.875667
2.150151e-006,-0.874
2.150401e-006,-0.874
2.150651e-006,-0.875667
2.150901e-006,-0.875667
2.151151e-006,-0.874
2.151401e-006,-0.874
2.151651e-006,-0.874
2.151901e-006,-0.875667
2.152151e-006,-0.874
2.152401e-006,-0.874
2.152651e-006,-0.874
2.152901e-006,-0.875667
2.153151e-006,-0.874
2.153401e-006,-0.874
2.153651e-006,-0.874
2.153901e-006,-0.875667
2.154151e-006,-0.874
2.154401e-006,-0.874
2.154651e-006,-0.875667
2.154901e-006,-0.875667
2.155151e-006,-0.874
2.155401e-006,-0.874
2.155651e-006,-0.875667
2.155901e-006,-0.875667
2.156151e-006,-0.874
2.156401e-006,-0.874
2.156651e-006,-0.875667
2.156901e-006,-0.875667
2.157151e-006,-0.874
2.157401e-006,-0.874
2.157651e-006,-0.875667
2.157901e-006,-0.875667
2.158151e-006,-0.874
2.158401e-006,-0.874
2.158651e-006,-0.875667
2.158901e-006,-0.875667
2.159151e-006,-0.874
2.159401e-006,-0.874
2.159651e-006,-0.875667
2.159901e-006,-0.875667
2.160151e-006,-0.874
2.160401e-006,-0.874
2.160651e-006,-0.875667
2.160901e-006,-0.875667
2.161151e-006,-0.874
2.161401e-006,-0.874
2.161651e-006,-0.875667
2.161901e-006,-0.875667
2.162151e-006,-0.874
2.162401e-006,-0.874
2.162651e-006,-0.875667
2.162901e-006,-0.875667
2.163151e-006,-0.874
2.163401e-006,-0.874
2.163651e-006,-0.875667
2.163901e-006,-0.875667
2.164151e-006,-0.874
2.164401e-006,-0.874
2.164651e-006,-0.875667
2.164901e-006,-0.875667
2.165151e-006,-0.874
2.165401e-006,-0.874
2.165651e-006,-0.875667
2.165901e-006,-0.875667
2.166151e-006,-0.875667
2.166401e-006,-0.874
2.166651e-006,-0.875667
2.166901e-006,-0.875667
2.167151e-006,-0.875667
2.167401e-006,-0.874
2.167651e-006,-0.875667
2.167901e-006,-0.875667
2.168151e-006,-0.875667
2.168401e-006,-0.874
2.168651e-006,-0.875667
2.168901e-006,-0.875667
2.169151e-006,-0.875667
2.169401e-006,-0.874
2.169651e-006,-0.875667
2.169901e-006,-0.875667
2.170151e-006,-0.874
2.170401e-006,-0.874
2.170651e-006,-0.875667
2.170901e-006,-0.875667
2.171151e-006,-0.874
2.171401e-006,-0.874
2.171651e-006,-0.875667
2.171901e-006,-0.875667
2.172151e-006,-0.875667
2.172401e-006,-0.874
2.172651e-006,-0.875667
2.172901e-006,-0.875667
2.173151e-006,-0.874
2.173401e-006,-0.874
2.173651e-006,-0.875667
2.173901e-006,-0.875667
2.174151e-006,-0.874
2.174401e-006,-0.874
2.174651e-006,-0.875667
2.174901e-006,-0.875667
2.175151e-006,-0.874
2.175401e-006,-0.874
2.175651e-006,-0.875667
2.175901e-006,-0.875667
2.176151e-006,-0.874
2.176401e-006,-0.874
2.176651e-006,-0.875667
2.176901e-006,-0.875667
2.177151e-006,-0.874
2.177401e-006,-0.874
2.177651e-006,-0.875667
2.177901e-006,-0.875667
2.178151e-006,-0.875667
2.178401e-006,-0.874
2.178651e-006,-0.875667
2.178901e-006,-0.875667
2.179151e-006,-0.875667
2.179401e-006,-0.874
2.179651e-006,-0.875667
2.179901e-006,-0.875667
2.180151e-006,-0.874
2.180401e-006,-0.874
2.180651e-006,-0.875667
2.180901e-006,-0.875667
2.181151e-006,-0.874
2.181401e-006,-0.874
2.181651e-006,-0.875667
2.181901e-006,-0.875667
2.182151e-006,-0.874
2.182401e-006,-0.874
2.182651e-006,-0.875667
2.182901e-006,-0.875667
2.183151e-006,-0.874
2.183401e-006,-0.874
2.183651e-006,-0.875667
2.183901e-006,-0.875667
2.184151e-006,-0.874
2.184401e-006,-0.874
2.184651e-006,-0.875667
2.184901e-006,-0.875667
2.185151e-006,-0.874
2.185401e-006,-0.874
2.185651e-006,-0.875667
2.185901e-006,-0.875667
2.186151e-006,-0.874
2.186401e-006,-0.874
2.186651e-006,-0.875667
2.186901e-006,-0.875667
2.187151e-006,-0.874
2.187401e-006,-0.874
2.187651e-006,-0.875667
2.187901e-006,-0.875667
2.188151e-006,-0.874
2.188401e-006,-0.874
2.188651e-006,-0.875667
2.188901e-006,-0.875667
2.189151e-006,-0.874
2.189401e-006,-0.874
2.189651e-006,-0.875667
2.189901e-006,-0.875667
2.190151e-006,-0.874
2.190401e-006,-0.874
2.190651e-006,-0.875667
2.190901e-006,-0.875667
2.191151e-006,-0.874
2.191401e-006,-0.874
2.191651e-006,-0.875667
2.191901e-006,-0.875667
2.192151e-006,-0.874
2.192401e-006,-0.874
2.192651e-006,-0.875667
2.192901e-006,-0.875667
2.193151e-006,-0.874
2.193401e-006,-0.874
2.193651e-006,-0.875667
2.193901e-006,-0.875667
2.194151e-006,-0.874
2.194401e-006,-0.874
2.194651e-006,-0.875667
2.194901e-006,-0.875667
2.195151e-006,-0.874
2.195401e-006,-0.874
2.195651e-006,-0.874
2.195901e-006,-0.875667
2.196151e-006,-0.874
2.196401e-006,-0.874
2.196651e-006,-0.875667
2.196901e-006,-0.875667
2.197151e-006,-0.874
2.197401e-006,-0.874
2.197651e-006,-0.875667
2.197901e-006,-0.875667
2.198151e-006,-0.874
2.198401e-006,-0.874
2.198651e-006,-0.875667
2.198901e-006,-0.875667
2.199151e-006,-0.874
2.199401e-006,-0.874
2.199651e-006,-0.875667
2.199901e-006,-0.875667
2.200151e-006,-0.874
2.200401e-006,-0.874
2.200651e-006,-0.875667
2.200901e-006,-0.875667
2.201151e-006,-0.874
2.201401e-006,-0.874
2.201651e-006,-0.875667
2.201901e-006,-0.875667
2.202151e-006,-0.874
2.202401e-006,-0.874
2.202651e-006,-0.875667
2.202901e-006,-0.875667
2.203151e-006,-0.874
2.203401e-006,-0.874
2.203651e-006,-0.875667
2.203901e-006,-0.875667
2.204151e-006,-0.874
2.204401e-006,-0.874
2.204651e-006,-0.875667
2.204901e-006,-0.875667
2.205151e-006,-0.874
2.205401e-006,-0.874
2.205651e-006,-0.875667
2.205901e-006,-0.875667
2.206151e-006,-0.874
2.206401e-006,-0.874
2.206651e-006,-0.875667
2.206901e-006,-0.875667
2.207151e-006,-0.874
2.207401e-006,-0.874
2.207651e-006,-0.875667
2.207901e-006,-0.875667
2.208151e-006,-0.874
2.208401e-006,-0.874
2.208651e-006,-0.875667
2.208901e-006,-0.875667
2.209151e-006,-0.874
2.209401e-006,-0.874
2.209651e-006,-0.875667
2.209901e-006,-0.875667
2.210151e-006,-0.874
2.210401e-006,-0.874
2.210651e-006,-0.875667
2.210901e-006,-0.875667
2.211151e-006,-0.874
2.211401e-006,-0.874
2.211651e-006,-0.875667
2.211901e-006,-0.875667
2.212151e-006,-0.874
2.212401e-006,-0.874
2.212651e-006,-0.875667
2.212901e-006,-0.875667
2.213151e-006,-0.874
2.213401e-006,-0.874
2.213651e-006,-0.875667
2.213901e-006,-0.875667
2.214151e-006,-0.874
2.214401e-006,-0.874
2.214651e-006,-0.875667
2.214901e-006,-0.875667
2.215151e-006,-0.874
2.215401e-006,-0.874
2.215651e-006,-0.875667
2.215901e-006,-0.875667
2.216151e-006,-0.874
2.216401e-006,-0.874
2.216651e-006,-0.875667
2.216901e-006,-0.875667
2.217151e-006,-0.874
2.217401e-006,-0.874
2.217651e-006,-0.875667
2.217901e-006,-0.875667
2.218151e-006,-0.874
2.218401e-006,-0.874
2.218651e-006,-0.875667
2.218901e-006,-0.875667
2.219151e-006,-0.874
2.219401e-006,-0.874
2.219651e-006,-0.875667
2.219901e-006,-0.875667
2.220151e-006,-0.874
2.220401e-006,-0.874
2.220651e-006,-0.875667
2.220901e-006,-0.875667
2.221151e-006,-0.874
2.221401e-006,-0.874
2.221651e-006,-0.875667
2.221901e-006,-0.875667
2.222151e-006,-0.874
2.222401e-006,-0.874
2.222651e-006,-0.875667
2.222901e-006,-0.875667
2.223151e-006,-0.874
2.223401e-006,-0.874
2.223651e-006,-0.875667
2.223901e-006,-0.875667
2.224151e-006,-0.874
2.224401e-006,-0.874
2.224651e-006,-0.875667
2.224901e-006,-0.874
2.225151e-006,-0.874
2.225401e-006,-0.874
2.225651e-006,-0.875667
2.225901e-006,-0.875667
2.226151e-006,-0.874
2.226401e-006,-0.874
2.226651e-006,-0.875667
2.226901e-006,-0.875667
2.227151e-006,-0.875667
2.227401e-006,-0.874
2.227651e-006,-0.875667
2.227901e-006,-0.875667
2.228151e-006,-0.874
2.228401e-006,-0.874
2.228651e-006,-0.875667
2.228901e-006,-0.875667
2.229151e-006,-0.874
2.229401e-006,-0.874
2.229651e-006,-0.875667
2.229901e-006,-0.875667
2.230151e-006,-0.874
2.230401e-006,-0.874
2.230651e-006,-0.875667
2.230901e-006,-0.875667
2.231151e-006,-0.874
2.231401e-006,-0.874
2.231651e-006,-0.875667
2.231901e-006,-0.875667
2.232151e-006,-0.874
2.232401e-006,-0.874
2.232651e-006,-0.875667
2.232901e-006,-0.875667
2.233151e-006,-0.874
2.233401e-006,-0.874
2.233651e-006,-0.875667
2.233901e-006,-0.875667
2.234151e-006,-0.874
2.234401e-006,-0.874
2.234651e-006,-0.875667
2.234901e-006,-0.875667
2.235151e-006,-0.874
2.235401e-006,-0.874
2.235651e-006,-0.875667
2.235901e-006,-0.875667
2.236151e-006,-0.874
2.236401e-006,-0.874
2.236651e-006,-0.875667
2.236901e-006,-0.875667
2.237151e-006,-0.874
2.237401e-006,-0.874
2.237651e-006,-0.875667
2.237901e-006,-0.875667
2.238151e-006,-0.874
2.238401e-006,-0.874
2.238651e-006,-0.875667
2.238901e-006,-0.875667
2.239151e-006,-0.874
2.239401e-006,-0.874
2.239651e-006,-0.875667
2.239901e-006,-0.875667
2.240151e-006,-0.874
2.240401e-006,-0.874
2.240651e-006,-0.875667
2.240901e-006,-0.875667
2.241151e-006,-0.874
2.241401e-006,-0.874
2.241651e-006,-0.875667
2.241901e-006,-0.875667
2.242151e-006,-0.874
2.242401e-006,-0.874
2.242651e-006,-0.875667
2.242901e-006,-0.875667
2.243151e-006,-0.874
2.243401e-006,-0.874
2.243651e-006,-0.875667
2.243901e-006,-0.875667
2.244151e-006,-0.874
2.244401e-006,-0.874
2.244651e-006,-0.875667
2.244901e-006,-0.875667
2.245151e-006,-0.874
2.245401e-006,-0.874
2.245651e-006,-0.875667
2.245901e-006,-0.875667
2.246151e-006,-0.874
2.246401e-006,-0.874
2.246651e-006,-0.875667
2.246901e-006,-0.875667
2.247151e-006,-0.874
2.247401e-006,-0.874
2.247651e-006,-0.875667
2.247901e-006,-0.875667
2.248151e-006,-0.874
2.248401e-006,-0.874
2.248651e-006,-0.875667
2.248901e-006,-0.875667
2.249151e-006,-0.874
2.249401e-006,-0.874
2.249651e-006,-0.875667
2.249901e-006,-0.875667
2.250151e-006,-0.874
2.250401e-006,-0.874
2.250651e-006,-0.875667
2.250901e-006,-0.875667
2.251151e-006,-0.874
2.251401e-006,-0.874
2.251651e-006,-0.875667
2.251901e-006,-0.875667
2.252151e-006,-0.874
2.252401e-006,-0.874
2.252651e-006,-0.875667
2.252901e-006,-0.875667
2.253151e-006,-0.874
2.253401e-006,-0.874
2.253651e-006,-0.875667
2.253901e-006,-0.875667
2.254151e-006,-0.874
2.254401e-006,-0.874
2.254651e-006,-0.875667
2.254901e-006,-0.875667
2.255151e-006,-0.874
2.255401e-006,-0.874
2.255651e-006,-0.875667
2.255901e-006,-0.875667
2.256151e-006,-0.874
2.256401e-006,-0.874
2.256651e-006,-0.875667
2.256901e-006,-0.875667
2.257151e-006,-0.874
2.257401e-006,-0.874
2.257651e-006,-0.875667
2.257901e-006,-0.875667
2.258151e-006,-0.874
2.258401e-006,-0.874
2.258651e-006,-0.875667
2.258901e-006,-0.875667
2.259151e-006,-0.874
2.259401e-006,-0.874
2.259651e-006,-0.875667
2.259901e-006,-0.875667
2.260151e-006,-0.874
2.260401e-006,-0.874
2.260651e-006,-0.875667
2.260901e-006,-0.875667
2.261151e-006,-0.874
2.261401e-006,-0.874
2.261651e-006,-0.875667
2.261901e-006,-0.875667
2.262151e-006,-0.874
2.262401e-006,-0.874
2.262651e-006,-0.875667
2.262901e-006,-0.875667
2.263151e-006,-0.874
2.263401e-006,-0.874
2.263651e-006,-0.875667
2.263901e-006,-0.875667
2.264151e-006,-0.874
2.264401e-006,-0.874
2.264651e-006,-0.875667
2.264901e-006,-0.875667
2.265151e-006,-0.874
2.265401e-006,-0.874
2.265651e-006,-0.874
2.265901e-006,-0.874
2.266151e-006,-0.874
2.266401e-006,-0.874
2.266651e-006,-0.874
2.266901e-006,-0.874
2.267151e-006,-0.874
2.267401e-006,-0.874
2.267651e-006,-0.875667
2.267901e-006,-0.875667
2.268151e-006,-0.874
2.268401e-006,-0.874
2.268651e-006,-0.875667
2.268901e-006,-0.875667
2.269151e-006,-0.874
2.269401e-006,-0.874
2.269651e-006,-0.875667
2.269901e-006,-0.875667
2.270151e-006,-0.874
2.270401e-006,-0.874
2.270651e-006,-0.875667
2.270901e-006,-0.875667
2.271151e-006,-0.875667
2.271401e-006,-0.874
2.271651e-006,-0.875667
2.271901e-006,-0.875667
2.272151e-006,-0.874
2.272401e-006,-0.874
2.272651e-006,-0.875667
2.272901e-006,-0.875667
2.273151e-006,-0.874
2.273401e-006,-0.874
2.273651e-006,-0.875667
2.273901e-006,-0.875667
2.274151e-006,-0.874
2.274401e-006,-0.874
2.274651e-006,-0.875667
2.274901e-006,-0.875667
2.275151e-006,-0.875667
2.275401e-006,-0.874
2.275651e-006,-0.875667
2.275901e-006,-0.875667
2.276151e-006,-0.875667
2.276401e-006,-0.874
2.276651e-006,-0.875667
2.276901e-006,-0.875667
2.277151e-006,-0.874
2.277401e-006,-0.874
2.277651e-006,-0.875667
2.277901e-006,-0.875667
2.278151e-006,-0.874
2.278401e-006,-0.874
2.278651e-006,-0.875667
2.278901e-006,-0.875667
2.279151e-006,-0.874
2.279401e-006,-0.874
2.279651e-006,-0.875667
2.279901e-006,-0.875667
2.280151e-006,-0.874
2.280401e-006,-0.874
2.280651e-006,-0.875667
2.280901e-006,-0.875667
2.281151e-006,-0.874
2.281401e-006,-0.874
2.281651e-006,-0.875667
2.281901e-006,-0.875667
2.282151e-006,-0.874
2.282401e-006,-0.874
2.282651e-006,-0.875667
2.282901e-006,-0.875667
2.283151e-006,-0.874
2.283401e-006,-0.874
2.283651e-006,-0.875667
2.283901e-006,-0.875667
2.284151e-006,-0.874
2.284401e-006,-0.874
2.284651e-006,-0.875667
2.284901e-006,-0.875667
2.285151e-006,-0.874
2.285401e-006,-0.874
2.285651e-006,-0.875667
2.285901e-006,-0.875667
2.286151e-006,-0.874
2.286401e-006,-0.874
2.286651e-006,-0.875667
2.286901e-006,-0.875667
2.287151e-006,-0.874
2.287401e-006,-0.874
2.287651e-006,-0.875667
2.287901e-006,-0.875667
2.288151e-006,-0.874
2.288401e-006,-0.874
2.288651e-006,-0.875667
2.288901e-006,-0.875667
2.289151e-006,-0.874
2.289401e-006,-0.874
2.289651e-006,-0.875667
2.289901e-006,-0.875667
2.290151e-006,-0.874
2.290401e-006,-0.874
2.290651e-006,-0.875667
2.290901e-006,-0.875667
2.291151e-006,-0.874
2.291401e-006,-0.874
2.291651e-006,-0.875667
2.291901e-006,-0.875667
2.292151e-006,-0.874
2.292401e-006,-0.874
2.292651e-006,-0.875667
2.292901e-006,-0.875667
2.293151e-006,-0.874
2.293401e-006,-0.874
2.293651e-006,-0.875667
2.293901e-006,-0.875667
2.294151e-006,-0.874
2.294401e-006,-0.874
2.294651e-006,-0.875667
2.294901e-006,-0.875667
2.295151e-006,-0.874
2.295401e-006,-0.874
2.295651e-006,-0.875667
2.295901e-006,-0.875667
2.296151e-006,-0.874
2.296401e-006,-0.874
2.296651e-006,-0.875667
2.296901e-006,-0.875667
2.297151e-006,-0.874
2.297401e-006,-0.874
2.297651e-006,-0.875667
2.297901e-006,-0.875667
2.298151e-006,-0.874
2.298401e-006,-0.874
2.298651e-006,-0.875667
2.298901e-006,-0.875667
2.299151e-006,-0.874
2.299401e-006,-0.874
2.299651e-006,-0.875667
2.299901e-006,-0.875667
2.300151e-006,-0.874
2.300401e-006,-0.874
2.300651e-006,-0.875667
2.300901e-006,-0.875667
2.301151e-006,-0.874
2.301401e-006,-0.874
2.301651e-006,-0.875667
2.301901e-006,-0.875667
2.302151e-006,-0.874
2.302401e-006,-0.874
2.302651e-006,-0.875667
2.302901e-006,-0.875667
2.303151e-006,-0.874
2.303401e-006,-0.874
2.303651e-006,-0.875667
2.303901e-006,-0.875667
2.304151e-006,-0.874
2.304401e-006,-0.874
2.304651e-006,-0.875667
2.304901e-006,-0.875667
2.305151e-006,-0.874
2.305401e-006,-0.874
2.305651e-006,-0.875667
2.305901e-006,-0.875667
2.306151e-006,-0.874
2.306401e-006,-0.874
2.306651e-006,-0.875667
2.306901e-006,-0.875667
2.307151e-006,-0.874
2.307401e-006,-0.874
2.307651e-006,-0.875667
2.307901e-006,-0.875667
2.308151e-006,-0.874
2.308401e-006,-0.874
2.308651e-006,-0.875667
2.308901e-006,-0.875667
2.309151e-006,-0.874
2.309401e-006,-0.874
2.309651e-006,-0.875667
2.309901e-006,-0.875667
2.310151e-006,-0.874
2.310401e-006,-0.874
2.310651e-006,-0.875667
2.310901e-006,-0.875667
2.311151e-006,-0.874
2.311401e-006,-0.874
2.311651e-006,-0.875667
2.311901e-006,-0.875667
2.312151e-006,-0.874
2.312401e-006,-0.874
2.312651e-006,-0.875667
2.312901e-006,-0.875667
2.313151e-006,-0.874
2.313401e-006,-0.874
2.313651e-006,-0.875667
2.313901e-006,-0.875667
2.314151e-006,-0.874
2.314401e-006,-0.874
2.314651e-006,-0.875667
2.314901e-006,-0.875667
2.315151e-006,-0.874
2.315401e-006,-0.874
2.315651e-006,-0.875667
2.315901e-006,-0.875667
2.316151e-006,-0.874
2.316401e-006,-0.874
2.316651e-006,-0.875667
2.316901e-006,-0.875667
2.317151e-006,-0.874
2.317401e-006,-0.874
2.317651e-006,-0.875667
2.317901e-006,-0.875667
2.318151e-006,-0.874
2.318401e-006,-0.874
2.318651e-006,-0.875667
2.318901e-006,-0.875667
2.319151e-006,-0.874
2.319401e-006,-0.874
2.319651e-006,-0.875667
2.319901e-006,-0.875667
2.320151e-006,-0.874
2.320401e-006,-0.874
2.320651e-006,-0.875667
2.320901e-006,-0.875667
2.321151e-006,-0.874
2.321401e-006,-0.874
2.321651e-006,-0.875667
2.321901e-006,-0.875667
2.322151e-006,-0.874
2.322401e-006,-0.874
2.322651e-006,-0.875667
2.322901e-006,-0.875667
2.323151e-006,-0.874
2.323401e-006,-0.874
2.323651e-006,-0.875667
2.323901e-006,-0.875667
2.324151e-006,-0.874
2.324401e-006,-0.874
2.324651e-006,-0.875667
2.324901e-006,-0.875667
2.325151e-006,-0.874
2.325401e-006,-0.874
2.325651e-006,-0.875667
2.325901e-006,-0.875667
2.326151e-006,-0.874
2.326401e-006,-0.874
2.326651e-006,-0.875667
2.326901e-006,-0.875667
2.327151e-006,-0.874
2.327401e-006,-0.874
2.327651e-006,-0.875667
2.327901e-006,-0.875667
2.328151e-006,-0.874
2.328401e-006,-0.874
2.328651e-006,-0.874
2.328901e-006,-0.875667
2.329151e-006,-0.874
2.329401e-006,-0.874
2.329651e-006,-0.874
2.329901e-006,-0.875667
2.330151e-006,-0.874
2.330401e-006,-0.874
2.330651e-006,-0.875667
2.330901e-006,-0.875667
2.331151e-006,-0.874
2.331401e-006,-0.874
2.331651e-006,-0.875667
2.331901e-006,-0.875667
2.332151e-006,-0.874
2.332401e-006,-0.874
2.332651e-006,-0.875667
2.332901e-006,-0.875667
2.333151e-006,-0.874
2.333401e-006,-0.874
2.333651e-006,-0.875667
2.333901e-006,-0.875667
2.334151e-006,-0.874
2.334401e-006,-0.874
2.334651e-006,-0.875667
2.334901e-006,-0.875667
2.335151e-006,-0.874
2.335401e-006,-0.874
2.335651e-006,-0.875667
2.335901e-006,-0.875667
2.336151e-006,-0.874
2.336401e-006,-0.874
2.336651e-006,-0.875667
2.336901e-006,-0.875667
2.337151e-006,-0.874
2.337401e-006,-0.874
2.337651e-006,-0.875667
2.337901e-006,-0.875667
2.338151e-006,-0.874
2.338401e-006,-0.874
2.338651e-006,-0.875667
2.338901e-006,-0.875667
2.339151e-006,-0.874
2.339401e-006,-0.874
2.339651e-006,-0.875667
2.339901e-006,-0.875667
2.340151e-006,-0.874
2.340401e-006,-0.874
2.340651e-006,-0.875667
2.340901e-006,-0.875667
2.341151e-006,-0.874
2.341401e-006,-0.874
2.341651e-006,-0.875667
2.341901e-006,-0.875667
2.342151e-006,-0.875667
2.342401e-006,-0.874
2.342651e-006,-0.875667
2.342901e-006,-0.875667
2.343151e-006,-0.875667
2.343401e-006,-0.874
2.343651e-006,-0.875667
2.343901e-006,-0.875667
2.344151e-006,-0.874
2.344401e-006,-0.874
2.344651e-006,-0.875667
2.344901e-006,-0.875667
2.345151e-006,-0.874
2.345401e-006,-0.874
2.345651e-006,-0.875667
2.345901e-006,-0.875667
2.346151e-006,-0.874
2.346401e-006,-0.874
2.346651e-006,-0.875667
2.346901e-006,-0.875667
2.347151e-006,-0.874
2.347401e-006,-0.874
2.347651e-006,-0.875667
2.347901e-006,-0.875667
2.348151e-006,-0.875667
2.348401e-006,-0.874
2.348651e-006,-0.875667
2.348901e-006,-0.875667
2.349151e-006,-0.875667
2.349401e-006,-0.874
2.349651e-006,-0.875667
2.349901e-006,-0.875667
2.350151e-006,-0.875667
2.350401e-006,-0.874
2.350651e-006,-0.875667
2.350901e-006,-0.875667
2.351151e-006,-0.875667
2.351401e-006,-0.874
2.351651e-006,-0.875667
2.351901e-006,-0.875667
2.352151e-006,-0.875667
2.352401e-006,-0.874
2.352651e-006,-0.875667
2.352901e-006,-0.875667
2.353151e-006,-0.875667
2.353401e-006,-0.874
2.353651e-006,-0.875667
2.353901e-006,-0.875667
2.354151e-006,-0.875667
2.354401e-006,-0.874
2.354651e-006,-0.875667
2.354901e-006,-0.875667
2.355151e-006,-0.875667
2.355401e-006,-0.874
2.355651e-006,-0.875667
2.355901e-006,-0.875667
2.356151e-006,-0.875667
2.356401e-006,-0.874
2.356651e-006,-0.875667
2.356901e-006,-0.875667
2.357151e-006,-0.875667
2.357401e-006,-0.874
2.357651e-006,-0.875667
2.357901e-006,-0.875667
2.358151e-006,-0.875667
2.358401e-006,-0.874
2.358651e-006,-0.875667
2.358901e-006,-0.875667
2.359151e-006,-0.875667
2.359401e-006,-0.874
2.359651e-006,-0.875667
2.359901e-006,-0.875667
2.360151e-006,-0.874
2.360401e-006,-0.874
2.360651e-006,-0.875667
2.360901e-006,-0.875667
2.361151e-006,-0.874
2.361401e-006,-0.874
2.361651e-006,-0.875667
2.361901e-006,-0.875667
2.362151e-006,-0.874
2.362401e-006,-0.874
2.362651e-006,-0.875667
2.362901e-006,-0.875667
2.363151e-006,-0.874
2.363401e-006,-0.874
2.363651e-006,-0.875667
2.363901e-006,-0.875667
2.364151e-006,-0.874
2.364401e-006,-0.874
2.364651e-006,-0.875667
2.364901e-006,-0.875667
2.365151e-006,-0.875667
2.365401e-006,-0.874
2.365651e-006,-0.875667
2.365901e-006,-0.875667
2.366151e-006,-0.875667
2.366401e-006,-0.874
2.366651e-006,-0.875667
2.366901e-006,-0.875667
2.367151e-006,-0.875667
2.367401e-006,-0.874
2.367651e-006,-0.875667
2.367901e-006,-0.875667
2.368151e-006,-0.874
2.368401e-006,-0.874
2.368651e-006,-0.875667
2.368901e-006,-0.875667
2.369151e-006,-0.875667
2.369401e-006,-0.874
2.369651e-006,-0.875667
2.369901e-006,-0.875667
2.370151e-006,-0.875667
2.370401e-006,-0.874
2.370651e-006,-0.875667
2.370901e-006,-0.875667
2.371151e-006,-0.875667
2.371401e-006,-0.874
2.371651e-006,-0.875667
2.371901e-006,-0.875667
2.372151e-006,-0.875667
2.372401e-006,-0.874
2.372651e-006,-0.875667
2.372901e-006,-0.875667
2.373151e-006,-0.875667
2.373401e-006,-0.874
2.373651e-006,-0.875667
2.373901e-006,-0.875667
2.374151e-006,-0.875667
2.374401e-006,-0.874
2.374651e-006,-0.875667
2.374901e-006,-0.875667
2.375151e-006,-0.875667
2.375401e-006,-0.874
2.375651e-006,-0.875667
2.375901e-006,-0.875667
2.376151e-006,-0.875667
2.376401e-006,-0.874
2.376651e-006,-0.875667
2.376901e-006,-0.875667
2.377151e-006,-0.875667
2.377401e-006,-0.874
2.377651e-006,-0.875667
2.377901e-006,-0.875667
2.378151e-006,-0.875667
2.378401e-006,-0.874
2.378651e-006,-0.875667
2.378901e-006,-0.875667
2.379151e-006,-0.875667
2.379401e-006,-0.874
2.379651e-006,-0.875667
2.379901e-006,-0.875667
2.380151e-006,-0.875667
2.380401e-006,-0.874
2.380651e-006,-0.875667
2.380901e-006,-0.875667
2.381151e-006,-0.875667
2.381401e-006,-0.874
2.381651e-006,-0.875667
2.381901e-006,-0.875667
2.382151e-006,-0.875667
2.382401e-006,-0.874
2.382651e-006,-0.875667
2.382901e-006,-0.875667
2.383151e-006,-0.874
2.383401e-006,-0.874
2.383651e-006,-0.875667
2.383901e-006,-0.875667
2.384151e-006,-0.874
2.384401e-006,-0.874
2.384651e-006,-0.875667
2.384901e-006,-0.875667
2.385151e-006,-0.875667
2.385401e-006,-0.874
2.385651e-006,-0.875667
2.385901e-006,-0.875667
2.386151e-006,-0.875667
2.386401e-006,-0.874
2.386651e-006,-0.875667
2.386901e-006,-0.875667
2.387151e-006,-0.875667
2.387401e-006,-0.874
2.387651e-006,-0.875667
2.387901e-006,-0.875667
2.388151e-006,-0.875667
2.388401e-006,-0.874
2.388651e-006,-0.875667
2.388901e-006,-0.875667
2.389151e-006,-0.875667
2.389401e-006,-0.874
2.389651e-006,-0.875667
2.389901e-006,-0.875667
2.390151e-006,-0.875667
2.390401e-006,-0.874
2.390651e-006,-0.875667
2.390901e-006,-0.875667
2.391151e-006,-0.874
2.391401e-006,-0.874
2.391651e-006,-0.875667
2.391901e-006,-0.875667
2.392151e-006,-0.874
2.392401e-006,-0.874
2.392651e-006,-0.875667
2.392901e-006,-0.875667
2.393151e-006,-0.874
2.393401e-006,-0.874
2.393651e-006,-0.875667
2.393901e-006,-0.875667
2.394151e-006,-0.874
2.394401e-006,-0.874
2.394651e-006,-0.875667
2.394901e-006,-0.875667
2.395151e-006,-0.874
2.395401e-006,-0.874
2.395651e-006,-0.875667
2.395901e-006,-0.875667
2.396151e-006,-0.874
2.396401e-006,-0.874
2.396651e-006,-0.875667
2.396901e-006,-0.875667
2.397151e-006,-0.874
2.397401e-006,-0.874
2.397651e-006,-0.875667
2.397901e-006,-0.875667
2.398151e-006,-0.874
2.398401e-006,-0.874
2.398651e-006,-0.875667
2.398901e-006,-0.875667
2.399151e-006,-0.874
2.399401e-006,-0.874
2.399651e-006,-0.875667
2.399901e-006,-0.875667
2.400151e-006,-0.874
2.400401e-006,-0.874
2.400651e-006,-0.874
2.400901e-006,-0.875667
2.401151e-006,-0.874
2.401401e-006,-0.874
2.401651e-006,-0.875667
2.401901e-006,-0.875667
2.402151e-006,-0.874
2.402401e-006,-0.874
2.402651e-006,-0.875667
2.402901e-006,-0.875667
2.403151e-006,-0.874
2.403401e-006,-0.874
2.403651e-006,-0.875667
2.403901e-006,-0.875667
2.404151e-006,-0.874
2.404401e-006,-0.874
2.404651e-006,-0.875667
2.404901e-006,-0.875667
2.405151e-006,-0.874
2.405401e-006,-0.874
2.405651e-006,-0.875667
2.405901e-006,-0.875667
2.406151e-006,-0.874
2.406401e-006,-0.874
2.406651e-006,-0.875667
2.406901e-006,-0.875667
2.407151e-006,-0.874
2.407401e-006,-0.874
2.407651e-006,-0.875667
2.407901e-006,-0.875667
2.408151e-006,-0.874
2.408401e-006,-0.874
2.408651e-006,-0.875667
2.408901e-006,-0.875667
2.409151e-006,-0.874
2.409401e-006,-0.874
2.409651e-006,-0.875667
2.409901e-006,-0.875667
2.410151e-006,-0.874
2.410401e-006,-0.874
2.410651e-006,-0.875667
2.410901e-006,-0.875667
2.411151e-006,-0.874
2.411401e-006,-0.874
2.411651e-006,-0.875667
2.411901e-006,-0.875667
2.412151e-006,-0.874
2.412401e-006,-0.874
2.412651e-006,-0.875667
2.412901e-006,-0.875667
2.413151e-006,-0.874
2.413401e-006,-0.874
2.413651e-006,-0.875667
2.413901e-006,-0.875667
2.414151e-006,-0.874
2.414401e-006,-0.874
2.414651e-006,-0.875667
2.414901e-006,-0.875667
2.415151e-006,-0.874
2.415401e-006,-0.874
2.415651e-006,-0.875667
2.415901e-006,-0.875667
2.416151e-006,-0.874
2.416401e-006,-0.874
2.416651e-006,-0.875667
2.416901e-006,-0.875667
2.417151e-006,-0.874
2.417401e-006,-0.874
2.417651e-006,-0.875667
2.417901e-006,-0.875667
2.418151e-006,-0.874
2.418401e-006,-0.874
2.418651e-006,-0.875667
2.418901e-006,-0.875667
2.419151e-006,-0.874
2.419401e-006,-0.874
2.419651e-006,-0.875667
2.419901e-006,-0.875667
2.420151e-006,-0.874
2.420401e-006,-0.874
2.420651e-006,-0.875667
2.420901e-006,-0.875667
2.421151e-006,-0.874
2.421401e-006,-0.874
2.421651e-006,-0.875667
2.421901e-006,-0.875667
2.422151e-006,-0.874
2.422401e-006,-0.874
2.422651e-006,-0.875667
2.422901e-006,-0.875667
2.423151e-006,-0.874
2.423401e-006,-0.874
2.423651e-006,-0.875667
2.423901e-006,-0.875667
2.424151e-006,-0.874
2.424401e-006,-0.874
2.424651e-006,-0.875667
2.424901e-006,-0.875667
2.425151e-006,-0.874
2.425401e-006,-0.874
2.425651e-006,-0.875667
2.425901e-006,-0.875667
2.426151e-006,-0.874
2.426401e-006,-0.874
2.426651e-006,-0.875667
2.426901e-006,-0.875667
2.427151e-006,-0.874
2.427401e-006,-0.874
2.427651e-006,-0.875667
2.427901e-006,-0.875667
2.428151e-006,-0.874
2.428401e-006,-0.874
2.428651e-006,-0.875667
2.428901e-006,-0.875667
2.429151e-006,-0.874
2.429401e-006,-0.874
2.429651e-006,-0.875667
2.429901e-006,-0.875667
2.430151e-006,-0.874
2.430401e-006,-0.874
2.430651e-006,-0.875667
2.430901e-006,-0.875667
2.431151e-006,-0.874
2.431401e-006,-0.874
2.431651e-006,-0.875667
2.431901e-006,-0.875667
2.432151e-006,-0.874
2.432401e-006,-0.874
2.432651e-006,-0.875667
2.432901e-006,-0.875667
2.433151e-006,-0.874
2.433401e-006,-0.874
2.433651e-006,-0.875667
2.433901e-006,-0.875667
2.434151e-006,-0.874
2.434401e-006,-0.874
2.434651e-006,-0.875667
2.434901e-006,-0.875667
2.435151e-006,-0.874
2.435401e-006,-0.874
2.435651e-006,-0.875667
2.435901e-006,-0.875667
2.436151e-006,-0.874
2.436401e-006,-0.874
2.436651e-006,-0.875667
2.436901e-006,-0.875667
2.437151e-006,-0.874
2.437401e-006,-0.874
2.437651e-006,-0.875667
2.437901e-006,-0.875667
2.438151e-006,-0.874
2.438401e-006,-0.874
2.438651e-006,-0.875667
2.438901e-006,-0.875667
2.439151e-006,-0.874
2.439401e-006,-0.874
2.439651e-006,-0.875667
2.439901e-006,-0.875667
2.440151e-006,-0.874
2.440401e-006,-0.874
2.440651e-006,-0.875667
2.440901e-006,-0.875667
2.441151e-006,-0.874
2.441401e-006,-0.874
2.441651e-006,-0.874
2.441901e-006,-0.875667
2.442151e-006,-0.874
2.442401e-006,-0.874
2.442651e-006,-0.874
2.442901e-006,-0.875667
2.443151e-006,-0.874
2.443401e-006,-0.874
2.443651e-006,-0.875667
2.443901e-006,-0.875667
2.444151e-006,-0.874
2.444401e-006,-0.874
2.444651e-006,-0.875667
2.444901e-006,-0.875667
2.445151e-006,-0.874
2.445401e-006,-0.874
2.445651e-006,-0.875667
2.445901e-006,-0.875667
2.446151e-006,-0.874
2.446401e-006,-0.874
2.446651e-006,-0.875667
2.446901e-006,-0.875667
2.447151e-006,-0.874
2.447401e-006,-0.874
2.447651e-006,-0.875667
2.447901e-006,-0.875667
2.448151e-006,-0.874
2.448401e-006,-0.874
2.448651e-006,-0.875667
2.448901e-006,-0.875667
2.449151e-006,-0.874
2.449401e-006,-0.874
2.449651e-006,-0.875667
2.449901e-006,-0.875667
2.450151e-006,-0.874
2.450401e-006,-0.874
2.450651e-006,-0.875667
2.450901e-006,-0.875667
2.451151e-006,-0.874
2.451401e-006,-0.874
2.451651e-006,-0.875667
2.451901e-006,-0.875667
2.452151e-006,-0.874
2.452401e-006,-0.874
2.452651e-006,-0.875667
2.452901e-006,-0.875667
2.453151e-006,-0.874
2.453401e-006,-0.874
2.453651e-006,-0.875667
2.453901e-006,-0.875667
2.454151e-006,-0.874
2.454401e-006,-0.874
2.454651e-006,-0.875667
2.454901e-006,-0.875667
2.455151e-006,-0.874
2.455401e-006,-0.874
2.455651e-006,-0.874
2.455901e-006,-0.875667
2.456151e-006,-0.874
2.456401e-006,-0.874
2.456651e-006,-0.874
2.456901e-006,-0.875667
2.457151e-006,-0.874
2.457401e-006,-0.874
2.457651e-006,-0.874
2.457901e-006,-0.875667
2.458151e-006,-0.874
2.458401e-006,-0.874
2.458651e-006,-0.874
2.458901e-006,-0.875667
2.459151e-006,-0.874
2.459401e-006,-0.874
2.459651e-006,-0.875667
2.459901e-006,-0.875667
2.460151e-006,-0.874
2.460401e-006,-0.874
2.460651e-006,-0.875667
2.460901e-006,-0.875667
2.461151e-006,-0.874
2.461401e-006,-0.874
2.461651e-006,-0.875667
2.461901e-006,-0.875667
2.462151e-006,-0.874
2.462401e-006,-0.874
2.462651e-006,-0.875667
2.462901e-006,-0.875667
2.463151e-006,-0.874
2.463401e-006,-0.874
2.463651e-006,-0.875667
2.463901e-006,-0.875667
2.464151e-006,-0.874
2.464401e-006,-0.874
2.464651e-006,-0.875667
2.464901e-006,-0.875667
2.465151e-006,-0.874
2.465401e-006,-0.874
2.465651e-006,-0.875667
2.465901e-006,-0.875667
2.466151e-006,-0.874
2.466401e-006,-0.874
2.466651e-006,-0.875667
2.466901e-006,-0.875667
2.467151e-006,-0.874
2.467401e-006,-0.874
2.467651e-006,-0.875667
2.467901e-006,-0.875667
2.468151e-006,-0.874
2.468401e-006,-0.874
2.468651e-006,-0.875667
2.468901e-006,-0.875667
2.469151e-006,-0.874
2.469401e-006,-0.874
2.469651e-006,-0.875667
2.469901e-006,-0.875667
2.470151e-006,-0.874
2.470401e-006,-0.874
2.470651e-006,-0.875667
2.470901e-006,-0.875667
2.471151e-006,-0.874
2.471401e-006,-0.874
2.471651e-006,-0.875667
2.471901e-006,-0.875667
2.472151e-006,-0.874
2.472401e-006,-0.874
2.472651e-006,-0.875667
2.472901e-006,-0.875667
2.473151e-006,-0.874
2.473401e-006,-0.874
2.473651e-006,-0.875667
2.473901e-006,-0.875667
2.474151e-006,-0.874
2.474401e-006,-0.874
2.474651e-006,-0.875667
2.474901e-006,-0.875667
2.475151e-006,-0.874
2.475401e-006,-0.874
2.475651e-006,-0.875667
2.475901e-006,-0.875667
2.476151e-006,-0.875667
2.476401e-006,-0.874
2.476651e-006,-0.875667
2.476901e-006,-0.875667
2.477151e-006,-0.874
2.477401e-006,-0.874
2.477651e-006,-0.875667
2.477901e-006,-0.875667
2.478151e-006,-0.874
2.478401e-006,-0.874
2.478651e-006,-0.875667
2.478901e-006,-0.875667
2.479151e-006,-0.874
2.479401e-006,-0.874
2.479651e-006,-0.875667
2.479901e-006,-0.875667
2.480151e-006,-0.874
2.480401e-006,-0.874
2.480651e-006,-0.875667
2.480901e-006,-0.875667
2.481151e-006,-0.874
2.481401e-006,-0.874
2.481651e-006,-0.875667
2.481901e-006,-0.875667
2.482151e-006,-0.874
2.482401e-006,-0.874
2.482651e-006,-0.875667
2.482901e-006,-0.875667
2.483151e-006,-0.874
2.483401e-006,-0.874
2.483651e-006,-0.875667
2.483901e-006,-0.875667
2.484151e-006,-0.874
2.484401e-006,-0.874
2.484651e-006,-0.875667
2.484901e-006,-0.875667
2.485151e-006,-0.874
2.485401e-006,-0.874
2.485651e-006,-0.875667
2.485901e-006,-0.875667
2.486151e-006,-0.874
2.486401e-006,-0.874
2.486651e-006,-0.875667
2.486901e-006,-0.875667
2.487151e-006,-0.874
2.487401e-006,-0.874
2.487651e-006,-0.874
2.487901e-006,-0.875667
2.488151e-006,-0.874
2.488401e-006,-0.874
2.488651e-006,-0.875667
2.488901e-006,-0.875667
2.489151e-006,-0.874
2.489401e-006,-0.874
2.489651e-006,-0.875667
2.489901e-006,-0.875667
2.490151e-006,-0.874
2.490401e-006,-0.874
2.490651e-006,-0.875667
2.490901e-006,-0.875667
2.491151e-006,-0.874
2.491401e-006,-0.874
2.491651e-006,-0.875667
2.491901e-006,-0.875667
2.492151e-006,-0.874
2.492401e-006,-0.874
2.492651e-006,-0.875667
2.492901e-006,-0.875667
2.493151e-006,-0.874
2.493401e-006,-0.874
2.493651e-006,-0.875667
2.493901e-006,-0.875667
2.494151e-006,-0.874
2.494401e-006,-0.874
2.494651e-006,-0.875667
2.494901e-006,-0.875667
2.495151e-006,-0.874
2.495401e-006,-0.874
2.495651e-006,-0.875667
2.495901e-006,-0.875667
2.496151e-006,-0.874
2.496401e-006,-0.874
2.496651e-006,-0.875667
2.496901e-006,-0.875667
2.497151e-006,-0.874
2.497401e-006,-0.874
2.497651e-006,-0.875667
2.497901e-006,-0.875667
2.498151e-006,-0.874
2.498401e-006,-0.874
2.498651e-006,-0.875667
2.498901e-006,-0.875667
2.499151e-006,-0.875667
2.499401e-006,-0.874
2.499651e-006,-0.875667
2.499901e-006,-0.875667
2.500151e-006,-0.875667
2.500401e-006,-0.874
2.500651e-006,-0.875667
2.500901e-006,-0.875667
2.501151e-006,-0.874
2.501401e-006,-0.874
2.501651e-006,-0.875667
2.501901e-006,-0.875667
2.502151e-006,-0.874
2.502401e-006,-0.874
2.502651e-006,-0.875667
2.502901e-006,-0.875667
2.503151e-006,-0.874
2.503401e-006,-0.874
2.503651e-006,-0.874
2.503901e-006,-0.875667
2.504151e-006,-0.874
2.504401e-006,-0.874
2.504651e-006,-0.874
2.504901e-006,-0.875667
2.505151e-006,-0.874
2.505401e-006,-0.874
2.505651e-006,-0.875667
2.505901e-006,-0.875667
2.506151e-006,-0.875667
2.506401e-006,-0.874
2.506651e-006,-0.875667
2.506901e-006,-0.875667
2.507151e-006,-0.874
2.507401e-006,-0.874
2.507651e-006,-0.875667
2.507901e-006,-0.875667
2.508151e-006,-0.874
2.508401e-006,-0.874
2.508651e-006,-0.875667
2.508901e-006,-0.875667
2.509151e-006,-0.874
2.509401e-006,-0.874
2.509651e-006,-0.875667
2.509901e-006,-0.875667
2.510151e-006,-0.874
2.510401e-006,-0.874
2.510651e-006,-0.875667
2.510901e-006,-0.875667
2.511151e-006,-0.874
2.511401e-006,-0.874
2.511651e-006,-0.875667
2.511901e-006,-0.875667
2.512151e-006,-0.874
2.512401e-006,-0.874
2.512651e-006,-0.875667
2.512901e-006,-0.875667
2.513151e-006,-0.874
2.513401e-006,-0.874
2.513651e-006,-0.875667
2.513901e-006,-0.875667
2.514151e-006,-0.874
2.514401e-006,-0.874
2.514651e-006,-0.875667
2.514901e-006,-0.875667
2.515151e-006,-0.874
2.515401e-006,-0.874
2.515651e-006,-0.875667
2.515901e-006,-0.875667
2.516151e-006,-0.874
2.516401e-006,-0.874
2.516651e-006,-0.875667
2.516901e-006,-0.875667
2.517151e-006,-0.874
2.517401e-006,-0.874
2.517651e-006,-0.875667
2.517901e-006,-0.875667
2.518151e-006,-0.874
2.518401e-006,-0.874
2.518651e-006,-0.875667
2.518901e-006,-0.875667
2.519151e-006,-0.874
2.519401e-006,-0.874
2.519651e-006,-0.875667
2.519901e-006,-0.875667
2.520151e-006,-0.874
2.520401e-006,-0.874
2.520651e-006,-0.875667
2.520901e-006,-0.875667
2.521151e-006,-0.874
2.521401e-006,-0.874
2.521651e-006,-0.875667
2.521901e-006,-0.875667
2.522151e-006,-0.874
2.522401e-006,-0.874
2.522651e-006,-0.875667
2.522901e-006,-0.875667
2.523151e-006,-0.874
2.523401e-006,-0.874
2.523651e-006,-0.875667
2.523901e-006,-0.875667
2.524151e-006,-0.874
2.524401e-006,-0.874
2.524651e-006,-0.875667
2.524901e-006,-0.875667
2.525151e-006,-0.874
2.525401e-006,-0.874
2.525651e-006,-0.875667
2.525901e-006,-0.875667
2.526151e-006,-0.874
2.526401e-006,-0.874
2.526651e-006,-0.875667
2.526901e-006,-0.875667
2.527151e-006,-0.874
2.527401e-006,-0.874
2.527651e-006,-0.875667
2.527901e-006,-0.874
2.528151e-006,-0.874
2.528401e-006,-0.874
2.528651e-006,-0.875667
2.528901e-006,-0.874
2.529151e-006,-0.874
2.529401e-006,-0.874
2.529651e-006,-0.875667
2.529901e-006,-0.875667
2.530151e-006,-0.874
2.530401e-006,-0.874
2.530651e-006,-0.875667
2.530901e-006,-0.875667
2.531151e-006,-0.874
2.531401e-006,-0.874
2.531651e-006,-0.875667
2.531901e-006,-0.875667
2.532151e-006,-0.874
2.532401e-006,-0.874
2.532651e-006,-0.875667
2.532901e-006,-0.875667
2.533151e-006,-0.874
2.533401e-006,-0.874
2.533651e-006,-0.875667
2.533901e-006,-0.875667
2.534151e-006,-0.874
2.534401e-006,-0.874
2.534651e-006,-0.875667
2.534901e-006,-0.875667
2.535151e-006,-0.874
2.535401e-006,-0.874
2.535651e-006,-0.875667
2.535901e-006,-0.875667
2.536151e-006,-0.874
2.536401e-006,-0.874
2.536651e-006,-0.875667
2.536901e-006,-0.875667
2.537151e-006,-0.874
2.537401e-006,-0.874
2.537651e-006,-0.875667
2.537901e-006,-0.875667
2.538151e-006,-0.874
2.538401e-006,-0.874
2.538651e-006,-0.875667
2.538901e-006,-0.875667
2.539151e-006,-0.874
2.539401e-006,-0.874
2.539651e-006,-0.875667
2.539901e-006,-0.875667
2.540151e-006,-0.874
2.540401e-006,-0.874
2.540651e-006,-0.875667
2.540901e-006,-0.875667
2.541151e-006,-0.874
2.541401e-006,-0.874
2.541651e-006,-0.875667
2.541901e-006,-0.875667
2.542151e-006,-0.874
2.542401e-006,-0.874
2.542651e-006,-0.875667
2.542901e-006,-0.875667
2.543151e-006,-0.874
2.543401e-006,-0.874
2.543651e-006,-0.875667
2.543901e-006,-0.875667
2.544151e-006,-0.874
2.544401e-006,-0.874
2.544651e-006,-0.875667
2.544901e-006,-0.875667
2.545151e-006,-0.874
2.545401e-006,-0.874
2.545651e-006,-0.875667
2.545901e-006,-0.875667
2.546151e-006,-0.874
2.546401e-006,-0.874
2.546651e-006,-0.875667
2.546901e-006,-0.875667
2.547151e-006,-0.874
2.547401e-006,-0.874
2.547651e-006,-0.875667
2.547901e-006,-0.875667
2.548151e-006,-0.874
2.548401e-006,-0.874
2.548651e-006,-0.875667
2.548901e-006,-0.875667
2.549151e-006,-0.874
2.549401e-006,-0.874
2.549651e-006,-0.875667
2.549901e-006,-0.875667
2.550151e-006,-0.874
2.550401e-006,-0.874
2.550651e-006,-0.875667
2.550901e-006,-0.875667
2.551151e-006,-0.874
2.551401e-006,-0.874
2.551651e-006,-0.875667
2.551901e-006,-0.875667
2.552151e-006,-0.874
2.552401e-006,-0.874
2.552651e-006,-0.875667
2.552901e-006,-0.875667
2.553151e-006,-0.874
2.553401e-006,-0.874
2.553651e-006,-0.875667
2.553901e-006,-0.875667
2.554151e-006,-0.874
2.554401e-006,-0.874
2.554651e-006,-0.875667
2.554901e-006,-0.875667
2.555151e-006,-0.875667
2.555401e-006,-0.874
2.555651e-006,-0.875667
2.555901e-006,-0.875667
2.556151e-006,-0.875667
2.556401e-006,-0.874
2.556651e-006,-0.875667
2.556901e-006,-0.875667
2.557151e-006,-0.874
2.557401e-006,-0.874
2.557651e-006,-0.875667
2.557901e-006,-0.875667
2.558151e-006,-0.874
2.558401e-006,-0.874
2.558651e-006,-0.875667
2.558901e-006,-0.875667
2.559151e-006,-0.874
2.559401e-006,-0.874
2.559651e-006,-0.875667
2.559901e-006,-0.875667
2.560151e-006,-0.874
2.560401e-006,-0.874
2.560651e-006,-0.875667
2.560901e-006,-0.875667
2.561151e-006,-0.874
2.561401e-006,-0.874
2.561651e-006,-0.875667
2.561901e-006,-0.875667
2.562151e-006,-0.874
2.562401e-006,-0.874
2.562651e-006,-0.875667
2.562901e-006,-0.875667
2.563151e-006,-0.874
2.563401e-006,-0.874
2.563651e-006,-0.875667
2.563901e-006,-0.875667
2.564151e-006,-0.874
2.564401e-006,-0.874
2.564651e-006,-0.875667
2.564901e-006,-0.875667
2.565151e-006,-0.874
2.565401e-006,-0.874
2.565651e-006,-0.875667
2.565901e-006,-0.875667
2.566151e-006,-0.874
2.566401e-006,-0.874
2.566651e-006,-0.875667
2.566901e-006,-0.875667
2.567151e-006,-0.874
2.567401e-006,-0.874
2.567651e-006,-0.875667
2.567901e-006,-0.875667
2.568151e-006,-0.874
2.568401e-006,-0.874
2.568651e-006,-0.875667
2.568901e-006,-0.875667
2.569151e-006,-0.874
2.569401e-006,-0.874
2.569651e-006,-0.875667
2.569901e-006,-0.875667
2.570151e-006,-0.874
2.570401e-006,-0.874
2.570651e-006,-0.875667
2.570901e-006,-0.875667
2.571151e-006,-0.874
2.571401e-006,-0.874
2.571651e-006,-0.875667
2.571901e-006,-0.875667
2.572151e-006,-0.874
2.572401e-006,-0.874
2.572651e-006,-0.875667
2.572901e-006,-0.875667
2.573151e-006,-0.874
2.573401e-006,-0.874
2.573651e-006,-0.875667
2.573901e-006,-0.875667
2.574151e-006,-0.874
2.574401e-006,-0.874
2.574651e-006,-0.875667
2.574901e-006,-0.875667
2.575151e-006,-0.874
2.575401e-006,-0.874
2.575651e-006,-0.875667
2.575901e-006,-0.875667
2.576151e-006,-0.874
2.576401e-006,-0.874
2.576651e-006,-0.875667
2.576901e-006,-0.875667
2.577151e-006,-0.874
2.577401e-006,-0.874
2.577651e-006,-0.874
2.577901e-006,-0.875667
2.578151e-006,-0.874
2.578401e-006,-0.874
2.578651e-006,-0.875667
2.578901e-006,-0.875667
2.579151e-006,-0.874
2.579401e-006,-0.874
2.579651e-006,-0.875667
2.579901e-006,-0.875667
2.580151e-006,-0.874
2.580401e-006,-0.874
2.580651e-006,-0.875667
2.580901e-006,-0.875667
2.581151e-006,-0.874
2.581401e-006,-0.874
2.581651e-006,-0.875667
2.581901e-006,-0.875667
2.582151e-006,-0.874
2.582401e-006,-0.874
2.582651e-006,-0.875667
2.582901e-006,-0.875667
2.583151e-006,-0.874
2.583401e-006,-0.874
2.583651e-006,-0.875667
2.583901e-006,-0.875667
2.584151e-006,-0.874
2.584401e-006,-0.874
2.584651e-006,-0.875667
2.584901e-006,-0.875667
2.585151e-006,-0.874
2.585401e-006,-0.874
2.585651e-006,-0.875667
2.585901e-006,-0.875667
2.586151e-006,-0.874
2.586401e-006,-0.874
2.586651e-006,-0.875667
2.586901e-006,-0.875667
2.587151e-006,-0.874
2.587401e-006,-0.874
2.587651e-006,-0.875667
2.587901e-006,-0.875667
2.588151e-006,-0.874
2.588401e-006,-0.874
2.588651e-006,-0.875667
2.588901e-006,-0.875667
2.589151e-006,-0.874
2.589401e-006,-0.874
2.589651e-006,-0.875667
2.589901e-006,-0.875667
2.590151e-006,-0.874
2.590401e-006,-0.874
2.590651e-006,-0.875667
2.590901e-006,-0.875667
2.591151e-006,-0.874
2.591401e-006,-0.874
2.591651e-006,-0.875667
2.591901e-006,-0.875667
2.592151e-006,-0.874
2.592401e-006,-0.874
2.592651e-006,-0.875667
2.592901e-006,-0.875667
2.593151e-006,-0.874
2.593401e-006,-0.874
2.593651e-006,-0.875667
2.593901e-006,-0.875667
2.594151e-006,-0.874
2.594401e-006,-0.874
2.594651e-006,-0.875667
2.594901e-006,-0.875667
2.595151e-006,-0.874
2.595401e-006,-0.874
2.595651e-006,-0.875667
2.595901e-006,-0.875667
2.596151e-006,-0.874
2.596401e-006,-0.874
2.596651e-006,-0.875667
2.596901e-006,-0.875667
2.597151e-006,-0.874
2.597401e-006,-0.874
2.597651e-006,-0.875667
2.597901e-006,-0.875667
2.598151e-006,-0.874
2.598401e-006,-0.874
2.598651e-006,-0.875667
2.598901e-006,-0.875667
2.599151e-006,-0.874
2.599401e-006,-0.874
2.599651e-006,-0.875667
2.599901e-006,-0.875667
2.600151e-006,-0.874
2.600401e-006,-0.874
2.600651e-006,-0.875667
2.600901e-006,-0.875667
2.601151e-006,-0.874
2.601401e-006,-0.874
2.601651e-006,-0.875667
2.601901e-006,-0.875667
2.602151e-006,-0.875667
2.602401e-006,-0.874
2.602651e-006,-0.875667
2.602901e-006,-0.875667
2.603151e-006,-0.875667
2.603401e-006,-0.874
2.603651e-006,-0.875667
2.603901e-006,-0.875667
2.604151e-006,-0.875667
2.604401e-006,-0.874
2.604651e-006,-0.875667
2.604901e-006,-0.875667
2.605151e-006,-0.875667
2.605401e-006,-0.874
2.605651e-006,-0.875667
2.605901e-006,-0.875667
2.606151e-006,-0.875667
2.606401e-006,-0.874
2.606651e-006,-0.875667
2.606901e-006,-0.875667
2.607151e-006,-0.874
2.607401e-006,-0.874
2.607651e-006,-0.875667
2.607901e-006,-0.875667
2.608151e-006,-0.874
2.608401e-006,-0.874
2.608651e-006,-0.875667
2.608901e-006,-0.875667
2.609151e-006,-0.874
2.609401e-006,-0.874
2.609651e-006,-0.875667
2.609901e-006,-0.875667
2.610151e-006,-0.874
2.610401e-006,-0.874
2.610651e-006,-0.875667
2.610901e-006,-0.875667
2.611151e-006,-0.874
2.611401e-006,-0.874
2.611651e-006,-0.875667
2.611901e-006,-0.875667
2.612151e-006,-0.874
2.612401e-006,-0.874
2.612651e-006,-0.875667
2.612901e-006,-0.875667
2.613151e-006,-0.874
2.613401e-006,-0.874
2.613651e-006,-0.875667
2.613901e-006,-0.875667
2.614151e-006,-0.875667
2.614401e-006,-0.874
2.614651e-006,-0.875667
2.614901e-006,-0.875667
2.615151e-006,-0.875667
2.615401e-006,-0.874
2.615651e-006,-0.875667
2.615901e-006,-0.875667
2.616151e-006,-0.875667
2.616401e-006,-0.874
2.616651e-006,-0.875667
2.616901e-006,-0.875667
2.617151e-006,-0.875667
2.617401e-006,-0.874
2.617651e-006,-0.875667
2.617901e-006,-0.875667
2.618151e-006,-0.875667
2.618401e-006,-0.874
2.618651e-006,-0.875667
2.618901e-006,-0.875667
2.619151e-006,-0.875667
2.619401e-006,-0.874
2.619651e-006,-0.875667
2.619901e-006,-0.875667
2.620151e-006,-0.875667
2.620401e-006,-0.874
2.620651e-006,-0.875667
2.620901e-006,-0.875667
2.621151e-006,-0.875667
2.621401e-006,-0.874
2.621651e-006,-0.875667
2.621901e-006,-0.875667
2.622151e-006,-0.875667
2.622401e-006,-0.874
2.622651e-006,-0.875667
2.622901e-006,-0.875667
2.623151e-006,-0.875667
2.623401e-006,-0.874
2.623651e-006,-0.875667
2.623901e-006,-0.875667
2.624151e-006,-0.874
2.624401e-006,-0.874
2.624651e-006,-0.875667
2.624901e-006,-0.875667
2.625151e-006,-0.874
2.625401e-006,-0.874
2.625651e-006,-0.875667
2.625901e-006,-0.875667
2.626151e-006,-0.874
2.626401e-006,-0.874
2.626651e-006,-0.875667
2.626901e-006,-0.875667
2.627151e-006,-0.874
2.627401e-006,-0.874
2.627651e-006,-0.875667
2.627901e-006,-0.875667
2.628151e-006,-0.874
2.628401e-006,-0.874
2.628651e-006,-0.875667
2.628901e-006,-0.875667
2.629151e-006,-0.874
2.629401e-006,-0.874
2.629651e-006,-0.875667
2.629901e-006,-0.875667
2.630151e-006,-0.874
2.630401e-006,-0.874
2.630651e-006,-0.875667
2.630901e-006,-0.875667
2.631151e-006,-0.874
2.631401e-006,-0.874
2.631651e-006,-0.874
2.631901e-006,-0.875667
2.632151e-006,-0.874
2.632401e-006,-0.874
2.632651e-006,-0.875667
2.632901e-006,-0.875667
2.633151e-006,-0.874
2.633401e-006,-0.874
2.633651e-006,-0.875667
2.633901e-006,-0.875667
2.634151e-006,-0.874
2.634401e-006,-0.874
2.634651e-006,-0.875667
2.634901e-006,-0.875667
2.635151e-006,-0.874
2.635401e-006,-0.874
2.635651e-006,-0.875667
2.635901e-006,-0.875667
2.636151e-006,-0.874
2.636401e-006,-0.874
2.636651e-006,-0.875667
2.636901e-006,-0.875667
2.637151e-006,-0.874
2.637401e-006,-0.874
2.637651e-006,-0.875667
2.637901e-006,-0.875667
2.638151e-006,-0.874
2.638401e-006,-0.874
2.638651e-006,-0.875667
2.638901e-006,-0.875667
2.639151e-006,-0.874
2.639401e-006,-0.874
2.639651e-006,-0.875667
2.639901e-006,-0.875667
2.640151e-006,-0.874
2.640401e-006,-0.874
2.640651e-006,-0.875667
2.640901e-006,-0.875667
2.641151e-006,-0.874
2.641401e-006,-0.874
2.641651e-006,-0.875667
2.641901e-006,-0.875667
2.642151e-006,-0.874
2.642401e-006,-0.874
2.642651e-006,-0.875667
2.642901e-006,-0.875667
2.643151e-006,-0.874
2.643401e-006,-0.874
2.643651e-006,-0.875667
2.643901e-006,-0.875667
2.644151e-006,-0.874
2.644401e-006,-0.874
2.644651e-006,-0.875667
2.644901e-006,-0.875667
2.645151e-006,-0.874
2.645401e-006,-0.874
2.645651e-006,-0.875667
2.645901e-006,-0.875667
2.646151e-006,-0.874
2.646401e-006,-0.874
2.646651e-006,-0.875667
2.646901e-006,-0.875667
2.647151e-006,-0.874
2.647401e-006,-0.874
2.647651e-006,-0.875667
2.647901e-006,-0.875667
2.648151e-006,-0.874
2.648401e-006,-0.874
2.648651e-006,-0.875667
2.648901e-006,-0.875667
2.649151e-006,-0.874
2.649401e-006,-0.874
2.649651e-006,-0.875667
2.649901e-006,-0.875667
2.650151e-006,-0.874
2.650401e-006,-0.874
2.650651e-006,-0.875667
2.650901e-006,-0.875667
2.651151e-006,-0.874
2.651401e-006,-0.874
2.651651e-006,-0.875667
2.651901e-006,-0.875667
2.652151e-006,-0.874
2.652401e-006,-0.874
2.652651e-006,-0.875667
2.652901e-006,-0.875667
2.653151e-006,-0.874
2.653401e-006,-0.874
2.653651e-006,-0.875667
2.653901e-006,-0.875667
2.654151e-006,-0.874
2.654401e-006,-0.874
2.654651e-006,-0.875667
2.654901e-006,-0.875667
2.655151e-006,-0.874
2.655401e-006,-0.874
2.655651e-006,-0.875667
2.655901e-006,-0.875667
2.656151e-006,-0.874
2.656401e-006,-0.874
2.656651e-006,-0.875667
2.656901e-006,-0.875667
2.657151e-006,-0.874
2.657401e-006,-0.874
2.657651e-006,-0.875667
2.657901e-006,-0.875667
2.658151e-006,-0.874
2.658401e-006,-0.874
2.658651e-006,-0.875667
2.658901e-006,-0.875667
2.659151e-006,-0.874
2.659401e-006,-0.874
2.659651e-006,-0.875667
2.659901e-006,-0.875667
2.660151e-006,-0.874
2.660401e-006,-0.874
2.660651e-006,-0.875667
2.660901e-006,-0.875667
2.661151e-006,-0.874
2.661401e-006,-0.874
2.661651e-006,-0.875667
2.661901e-006,-0.875667
2.662151e-006,-0.874
2.662401e-006,-0.874
2.662651e-006,-0.875667
2.662901e-006,-0.875667
2.663151e-006,-0.874
2.663401e-006,-0.874
2.663651e-006,-0.875667
2.663901e-006,-0.875667
2.664151e-006,-0.874
2.664401e-006,-0.874
2.664651e-006,-0.875667
2.664901e-006,-0.875667
2.665151e-006,-0.874
2.665401e-006,-0.874
2.665651e-006,-0.875667
2.665901e-006,-0.875667
2.666151e-006,-0.874
2.666401e-006,-0.874
2.666651e-006,-0.875667
2.666901e-006,-0.875667
2.667151e-006,-0.874
2.667401e-006,-0.874
2.667651e-006,-0.875667
2.667901e-006,-0.875667
2.668151e-006,-0.874
2.668401e-006,-0.874
2.668651e-006,-0.875667
2.668901e-006,-0.875667
2.669151e-006,-0.874
2.669401e-006,-0.874
2.669651e-006,-0.875667
2.669901e-006,-0.875667
2.670151e-006,-0.874
2.670401e-006,-0.874
2.670651e-006,-0.875667
2.670901e-006,-0.875667
2.671151e-006,-0.875667
2.671401e-006,-0.874
2.671651e-006,-0.875667
2.671901e-006,-0.875667
2.672151e-006,-0.874
2.672401e-006,-0.874
2.672651e-006,-0.875667
2.672901e-006,-0.875667
2.673151e-006,-0.874
2.673401e-006,-0.874
2.673651e-006,-0.874
2.673901e-006,-0.875667
2.674151e-006,-0.874
2.674401e-006,-0.874
2.674651e-006,-0.874
2.674901e-006,-0.875667
2.675151e-006,-0.874
2.675401e-006,-0.874
2.675651e-006,-0.875667
2.675901e-006,-0.875667
2.676151e-006,-0.875667
2.676401e-006,-0.874
2.676651e-006,-0.875667
2.676901e-006,-0.875667
2.677151e-006,-0.875667
2.677401e-006,-0.874
2.677651e-006,-0.875667
2.677901e-006,-0.875667
2.678151e-006,-0.875667
2.678401e-006,-0.874
2.678651e-006,-0.875667
2.678901e-006,-0.875667
2.679151e-006,-0.875667
2.679401e-006,-0.874
2.679651e-006,-0.875667
2.679901e-006,-0.875667
2.680151e-006,-0.875667
2.680401e-006,-0.874
2.680651e-006,-0.875667
2.680901e-006,-0.875667
2.681151e-006,-0.875667
2.681401e-006,-0.874
2.681651e-006,-0.875667
2.681901e-006,-0.875667
2.682151e-006,-0.874
2.682401e-006,-0.874
2.682651e-006,-0.875667
2.682901e-006,-0.875667
2.683151e-006,-0.874
2.683401e-006,-0.874
2.683651e-006,-0.875667
2.683901e-006,-0.875667
2.684151e-006,-0.874
2.684401e-006,-0.874
2.684651e-006,-0.875667
2.684901e-006,-0.875667
2.685151e-006,-0.874
2.685401e-006,-0.874
2.685651e-006,-0.875667
2.685901e-006,-0.875667
2.686151e-006,-0.874
2.686401e-006,-0.874
2.686651e-006,-0.875667
2.686901e-006,-0.875667
2.687151e-006,-0.874
2.687401e-006,-0.874
2.687651e-006,-0.875667
2.687901e-006,-0.875667
2.688151e-006,-0.874
2.688401e-006,-0.874
2.688651e-006,-0.875667
2.688901e-006,-0.875667
2.689151e-006,-0.874
2.689401e-006,-0.874
2.689651e-006,-0.875667
2.689901e-006,-0.875667
2.690151e-006,-0.874
2.690401e-006,-0.874
2.690651e-006,-0.875667
2.690901e-006,-0.875667
2.691151e-006,-0.874
2.691401e-006,-0.874
2.691651e-006,-0.875667
2.691901e-006,-0.875667
2.692151e-006,-0.874
2.692401e-006,-0.874
2.692651e-006,-0.875667
2.692901e-006,-0.875667
2.693151e-006,-0.874
2.693401e-006,-0.874
2.693651e-006,-0.875667
2.693901e-006,-0.875667
2.694151e-006,-0.874
2.694401e-006,-0.874
2.694651e-006,-0.875667
2.694901e-006,-0.875667
2.695151e-006,-0.874
2.695401e-006,-0.874
2.695651e-006,-0.875667
2.695901e-006,-0.875667
2.696151e-006,-0.874
2.696401e-006,-0.874
2.696651e-006,-0.875667
2.696901e-006,-0.875667
2.697151e-006,-0.874
2.697401e-006,-0.874
2.697651e-006,-0.875667
2.697901e-006,-0.875667
2.698151e-006,-0.874
2.698401e-006,-0.874
2.698651e-006,-0.875667
2.698901e-006,-0.875667
2.699151e-006,-0.874
2.699401e-006,-0.874
2.699651e-006,-0.875667
2.699901e-006,-0.875667
2.700151e-006,-0.874
2.700401e-006,-0.874
2.700651e-006,-0.875667
2.700901e-006,-0.875667
2.701151e-006,-0.874
2.701401e-006,-0.874
2.701651e-006,-0.875667
2.701901e-006,-0.875667
2.702151e-006,-0.874
2.702401e-006,-0.874
2.702651e-006,-0.875667
2.702901e-006,-0.875667
2.703151e-006,-0.874
2.703401e-006,-0.874
2.703651e-006,-0.875667
2.703901e-006,-0.875667
2.704151e-006,-0.874
2.704401e-006,-0.874
2.704651e-006,-0.874
2.704901e-006,-0.874
2.705151e-006,-0.874
2.705401e-006,-0.874
2.705651e-006,-0.874
2.705901e-006,-0.874
2.706151e-006,-0.874
2.706401e-006,-0.874
2.706651e-006,-0.874
2.706901e-006,-0.874
2.707151e-006,-0.874
2.707401e-006,-0.874
2.707651e-006,-0.875667
2.707901e-006,-0.874
2.708151e-006,-0.874
2.708401e-006,-0.874
2.708651e-006,-0.875667
2.708901e-006,-0.874
2.709151e-006,-0.874
2.709401e-006,-0.874
2.709651e-006,-0.875667
2.709901e-006,-0.875667
2.710151e-006,-0.874
2.710401e-006,-0.874
2.710651e-006,-0.875667
2.710901e-006,-0.875667
2.711151e-006,-0.874
2.711401e-006,-0.874
2.711651e-006,-0.875667
2.711901e-006,-0.875667
2.712151e-006,-0.874
2.712401e-006,-0.874
2.712651e-006,-0.875667
2.712901e-006,-0.875667
2.713151e-006,-0.874
2.713401e-006,-0.874
2.713651e-006,-0.875667
2.713901e-006,-0.875667
2.714151e-006,-0.874
2.714401e-006,-0.874
2.714651e-006,-0.875667
2.714901e-006,-0.875667
2.715151e-006,-0.874
2.715401e-006,-0.874
2.715651e-006,-0.875667
2.715901e-006,-0.875667
2.716151e-006,-0.874
2.716401e-006,-0.874
2.716651e-006,-0.875667
2.716901e-006,-0.875667
2.717151e-006,-0.874
2.717401e-006,-0.874
2.717651e-006,-0.875667
2.717901e-006,-0.875667
2.718151e-006,-0.874
2.718401e-006,-0.874
2.718651e-006,-0.875667
2.718901e-006,-0.875667
2.719151e-006,-0.874
2.719401e-006,-0.874
2.719651e-006,-0.875667
2.719901e-006,-0.875667
2.720151e-006,-0.874
2.720401e-006,-0.874
2.720651e-006,-0.875667
2.720901e-006,-0.875667
2.721151e-006,-0.874
2.721401e-006,-0.874
2.721651e-006,-0.875667
2.721901e-006,-0.875667
2.722151e-006,-0.874
2.722401e-006,-0.874
2.722651e-006,-0.875667
2.722901e-006,-0.875667
2.723151e-006,-0.874
2.723401e-006,-0.874
2.723651e-006,-0.875667
2.723901e-006,-0.875667
2.724151e-006,-0.874
2.724401e-006,-0.874
2.724651e-006,-0.875667
2.724901e-006,-0.875667
2.725151e-006,-0.874
2.725401e-006,-0.874
2.725651e-006,-0.875667
2.725901e-006,-0.875667
2.726151e-006,-0.874
2.726401e-006,-0.874
2.726651e-006,-0.875667
2.726901e-006,-0.875667
2.727151e-006,-0.874
2.727401e-006,-0.874
2.727651e-006,-0.875667
2.727901e-006,-0.875667
2.728151e-006,-0.874
2.728401e-006,-0.874
2.728651e-006,-0.875667
2.728901e-006,-0.875667
2.729151e-006,-0.874
2.729401e-006,-0.874
2.729651e-006,-0.875667
2.729901e-006,-0.875667
2.730151e-006,-0.874
2.730401e-006,-0.874
2.730651e-006,-0.875667
2.730901e-006,-0.875667
2.731151e-006,-0.874
2.731401e-006,-0.874
2.731651e-006,-0.875667
2.731901e-006,-0.875667
2.732151e-006,-0.874
2.732401e-006,-0.874
2.732651e-006,-0.874
2.732901e-006,-0.875667
2.733151e-006,-0.874
2.733401e-006,-0.874
2.733651e-006,-0.874
2.733901e-006,-0.875667
2.734151e-006,-0.874
2.734401e-006,-0.874
2.734651e-006,-0.874
2.734901e-006,-0.875667
2.735151e-006,-0.874
2.735401e-006,-0.874
2.735651e-006,-0.875667
2.735901e-006,-0.875667
2.736151e-006,-0.874
2.736401e-006,-0.874
2.736651e-006,-0.875667
2.736901e-006,-0.875667
2.737151e-006,-0.874
2.737401e-006,-0.874
2.737651e-006,-0.875667
2.737901e-006,-0.875667
2.738151e-006,-0.874
2.738401e-006,-0.874
2.738651e-006,-0.875667
2.738901e-006,-0.875667
2.739151e-006,-0.874
2.739401e-006,-0.874
2.739651e-006,-0.875667
2.739901e-006,-0.875667
2.740151e-006,-0.874
2.740401e-006,-0.874
2.740651e-006,-0.875667
2.740901e-006,-0.875667
2.741151e-006,-0.874
2.741401e-006,-0.874
2.741651e-006,-0.875667
2.741901e-006,-0.875667
2.742151e-006,-0.874
2.742401e-006,-0.874
2.742651e-006,-0.875667
2.742901e-006,-0.875667
2.743151e-006,-0.874
2.743401e-006,-0.874
2.743651e-006,-0.875667
2.743901e-006,-0.875667
2.744151e-006,-0.874
2.744401e-006,-0.874
2.744651e-006,-0.875667
2.744901e-006,-0.875667
2.745151e-006,-0.874
2.745401e-006,-0.874
2.745651e-006,-0.875667
2.745901e-006,-0.875667
2.746151e-006,-0.874
2.746401e-006,-0.874
2.746651e-006,-0.875667
2.746901e-006,-0.875667
2.747151e-006,-0.874
2.747401e-006,-0.874
2.747651e-006,-0.875667
2.747901e-006,-0.875667
2.748151e-006,-0.874
2.748401e-006,-0.874
2.748651e-006,-0.875667
2.748901e-006,-0.875667
2.749151e-006,-0.874
2.749401e-006,-0.874
2.749651e-006,-0.875667
2.749901e-006,-0.875667
2.750151e-006,-0.874
2.750401e-006,-0.874
2.750651e-006,-0.875667
2.750901e-006,-0.875667
2.751151e-006,-0.874
2.751401e-006,-0.874
2.751651e-006,-0.875667
2.751901e-006,-0.875667
2.752151e-006,-0.874
2.752401e-006,-0.874
2.752651e-006,-0.875667
2.752901e-006,-0.875667
2.753151e-006,-0.874
2.753401e-006,-0.874
2.753651e-006,-0.875667
2.753901e-006,-0.875667
2.754151e-006,-0.874
2.754401e-006,-0.874
2.754651e-006,-0.875667
2.754901e-006,-0.875667
2.755151e-006,-0.874
2.755401e-006,-0.874
2.755651e-006,-0.875667
2.755901e-006,-0.875667
2.756151e-006,-0.874
2.756401e-006,-0.874
2.756651e-006,-0.875667
2.756901e-006,-0.875667
2.757151e-006,-0.874
2.757401e-006,-0.874
2.757651e-006,-0.875667
2.757901e-006,-0.875667
2.758151e-006,-0.874
2.758401e-006,-0.874
2.758651e-006,-0.875667
2.758901e-006,-0.875667
2.759151e-006,-0.874
2.759401e-006,-0.874
2.759651e-006,-0.875667
2.759901e-006,-0.875667
2.760151e-006,-0.874
2.760401e-006,-0.874
2.760651e-006,-0.875667
2.760901e-006,-0.875667
2.761151e-006,-0.874
2.761401e-006,-0.874
2.761651e-006,-0.875667
2.761901e-006,-0.875667
2.762151e-006,-0.874
2.762401e-006,-0.874
2.762651e-006,-0.875667
2.762901e-006,-0.875667
2.763151e-006,-0.874
2.763401e-006,-0.874
2.763651e-006,-0.875667
2.763901e-006,-0.875667
2.764151e-006,-0.874
2.764401e-006,-0.874
2.764651e-006,-0.875667
2.764901e-006,-0.875667
2.765151e-006,-0.874
2.765401e-006,-0.874
2.765651e-006,-0.875667
2.765901e-006,-0.875667
2.766151e-006,-0.874
2.766401e-006,-0.874
2.766651e-006,-0.875667
2.766901e-006,-0.875667
2.767151e-006,-0.874
2.767401e-006,-0.874
2.767651e-006,-0.875667
2.767901e-006,-0.875667
2.768151e-006,-0.874
2.768401e-006,-0.874
2.768651e-006,-0.875667
2.768901e-006,-0.875667
2.769151e-006,-0.874
2.769401e-006,-0.874
2.769651e-006,-0.875667
2.769901e-006,-0.875667
2.770151e-006,-0.875667
2.770401e-006,-0.874
2.770651e-006,-0.875667
2.770901e-006,-0.875667
2.771151e-006,-0.874
2.771401e-006,-0.874
2.771651e-006,-0.875667
2.771901e-006,-0.875667
2.772151e-006,-0.874
2.772401e-006,-0.874
2.772651e-006,-0.875667
2.772901e-006,-0.875667
2.773151e-006,-0.874
2.773401e-006,-0.874
2.773651e-006,-0.875667
2.773901e-006,-0.875667
2.774151e-006,-0.874
2.774401e-006,-0.874
2.774651e-006,-0.875667
2.774901e-006,-0.875667
2.775151e-006,-0.874
2.775401e-006,-0.874
2.775651e-006,-0.875667
2.775901e-006,-0.875667
2.776151e-006,-0.874
2.776401e-006,-0.874
2.776651e-006,-0.875667
2.776901e-006,-0.875667
2.777151e-006,-0.874
2.777401e-006,-0.874
2.777651e-006,-0.875667
2.777901e-006,-0.875667
2.778151e-006,-0.874
2.778401e-006,-0.874
2.778651e-006,-0.875667
2.778901e-006,-0.875667
2.779151e-006,-0.874
2.779401e-006,-0.874
2.779651e-006,-0.875667
2.779901e-006,-0.875667
2.780151e-006,-0.874
2.780401e-006,-0.874
2.780651e-006,-0.875667
2.780901e-006,-0.875667
2.781151e-006,-0.874
2.781401e-006,-0.874
2.781651e-006,-0.875667
2.781901e-006,-0.875667
2.782151e-006,-0.874
2.782401e-006,-0.874
2.782651e-006,-0.875667
2.782901e-006,-0.875667
2.783151e-006,-0.874
2.783401e-006,-0.874
2.783651e-006,-0.875667
2.783901e-006,-0.875667
2.784151e-006,-0.874
2.784401e-006,-0.874
2.784651e-006,-0.875667
2.784901e-006,-0.875667
2.785151e-006,-0.874
2.785401e-006,-0.874
2.785651e-006,-0.875667
2.785901e-006,-0.875667
2.786151e-006,-0.874
2.786401e-006,-0.874
2.786651e-006,-0.875667
2.786901e-006,-0.875667
2.787151e-006,-0.874
2.787401e-006,-0.874
2.787651e-006,-0.875667
2.787901e-006,-0.875667
2.788151e-006,-0.874
2.788401e-006,-0.874
2.788651e-006,-0.875667
2.788901e-006,-0.875667
2.789151e-006,-0.874
2.789401e-006,-0.874
2.789651e-006,-0.875667
2.789901e-006,-0.875667
2.790151e-006,-0.874
2.790401e-006,-0.874
2.790651e-006,-0.875667
2.790901e-006,-0.875667
2.791151e-006,-0.874
2.791401e-006,-0.874
2.791651e-006,-0.875667
2.791901e-006,-0.875667
2.792151e-006,-0.874
2.792401e-006,-0.874
2.792651e-006,-0.875667
2.792901e-006,-0.875667
2.793151e-006,-0.874
2.793401e-006,-0.874
2.793651e-006,-0.875667
2.793901e-006,-0.875667
2.794151e-006,-0.874
2.794401e-006,-0.874
2.794651e-006,-0.875667
2.794901e-006,-0.875667
2.795151e-006,-0.874
2.795401e-006,-0.874
2.795651e-006,-0.875667
2.795901e-006,-0.875667
2.796151e-006,-0.874
2.796401e-006,-0.874
2.796651e-006,-0.875667
2.796901e-006,-0.875667
2.797151e-006,-0.874
2.797401e-006,-0.874
2.797651e-006,-0.875667
2.797901e-006,-0.875667
2.798151e-006,-0.874
2.798401e-006,-0.874
2.798651e-006,-0.875667
2.798901e-006,-0.875667
2.799151e-006,-0.874
2.799401e-006,-0.874
2.799651e-006,-0.875667
2.799901e-006,-0.875667
2.800151e-006,-0.874
2.800401e-006,-0.874
2.800651e-006,-0.875667
2.800901e-006,-0.875667
2.801151e-006,-0.874
2.801401e-006,-0.874
2.801651e-006,-0.875667
2.801901e-006,-0.875667
2.802151e-006,-0.874
2.802401e-006,-0.874
2.802651e-006,-0.875667
2.802901e-006,-0.875667
2.803151e-006,-0.874
2.803401e-006,-0.874
2.803651e-006,-0.875667
2.803901e-006,-0.875667
2.804151e-006,-0.874
2.804401e-006,-0.874
2.804651e-006,-0.875667
2.804901e-006,-0.875667
2.805151e-006,-0.874
2.805401e-006,-0.874
2.805651e-006,-0.875667
2.805901e-006,-0.875667
2.806151e-006,-0.874
2.806401e-006,-0.874
2.806651e-006,-0.875667
2.806901e-006,-0.875667
2.807151e-006,-0.874
2.807401e-006,-0.874
2.807651e-006,-0.875667
2.807901e-006,-0.875667
2.808151e-006,-0.874
2.808401e-006,-0.874
2.808651e-006,-0.875667
2.808901e-006,-0.875667
2.809151e-006,-0.874
2.809401e-006,-0.874
2.809651e-006,-0.875667
2.809901e-006,-0.875667
2.810151e-006,-0.874
2.810401e-006,-0.874
2.810651e-006,-0.875667
2.810901e-006,-0.875667
2.811151e-006,-0.874
2.811401e-006,-0.874
2.811651e-006,-0.875667
2.811901e-006,-0.875667
2.812151e-006,-0.874
2.812401e-006,-0.874
2.812651e-006,-0.875667
2.812901e-006,-0.875667
2.813151e-006,-0.874
2.813401e-006,-0.874
2.813651e-006,-0.875667
2.813901e-006,-0.875667
2.814151e-006,-0.874
2.814401e-006,-0.874
2.814651e-006,-0.875667
2.814901e-006,-0.875667
2.815151e-006,-0.874
2.815401e-006,-0.874
2.815651e-006,-0.875667
2.815901e-006,-0.875667
2.816151e-006,-0.874
2.816401e-006,-0.874
2.816651e-006,-0.875667
2.816901e-006,-0.875667
2.817151e-006,-0.874
2.817401e-006,-0.874
2.817651e-006,-0.875667
2.817901e-006,-0.875667
2.818151e-006,-0.874
2.818401e-006,-0.874
2.818651e-006,-0.875667
2.818901e-006,-0.875667
2.819151e-006,-0.874
2.819401e-006,-0.874
2.819651e-006,-0.875667
2.819901e-006,-0.875667
2.820151e-006,-0.874
2.820401e-006,-0.874
2.820651e-006,-0.875667
2.820901e-006,-0.875667
2.821151e-006,-0.874
2.821401e-006,-0.874
2.821651e-006,-0.875667
2.821901e-006,-0.875667
2.822151e-006,-0.874
2.822401e-006,-0.874
2.822651e-006,-0.875667
2.822901e-006,-0.875667
2.823151e-006,-0.874
2.823401e-006,-0.874
2.823651e-006,-0.874
2.823901e-006,-0.875667
2.824151e-006,-0.874
2.824401e-006,-0.874
2.824651e-006,-0.875667
2.824901e-006,-0.875667
2.825151e-006,-0.874
2.825401e-006,-0.874
2.825651e-006,-0.875667
2.825901e-006,-0.875667
2.826151e-006,-0.874
2.826401e-006,-0.874
2.826651e-006,-0.875667
2.826901e-006,-0.875667
2.827151e-006,-0.874
2.827401e-006,-0.874
2.827651e-006,-0.875667
2.827901e-006,-0.875667
2.828151e-006,-0.874
2.828401e-006,-0.874
2.828651e-006,-0.875667
2.828901e-006,-0.875667
2.829151e-006,-0.874
2.829401e-006,-0.874
2.829651e-006,-0.874
2.829901e-006,-0.874
2.830151e-006,-0.874
2.830401e-006,-0.874
2.830651e-006,-0.874
2.830901e-006,-0.874
2.831151e-006,-0.874
2.831401e-006,-0.874
2.831651e-006,-0.875667
2.831901e-006,-0.874
2.832151e-006,-0.874
2.832401e-006,-0.874
2.832651e-006,-0.875667
2.832901e-006,-0.875667
2.833151e-006,-0.874
2.833401e-006,-0.874
2.833651e-006,-0.875667
2.833901e-006,-0.875667
2.834151e-006,-0.874
2.834401e-006,-0.874
2.834651e-006,-0.875667
2.834901e-006,-0.875667
2.835151e-006,-0.874
2.835401e-006,-0.874
2.835651e-006,-0.875667
2.835901e-006,-0.875667
2.836151e-006,-0.874
2.836401e-006,-0.874
2.836651e-006,-0.875667
2.836901e-006,-0.875667
2.837151e-006,-0.874
2.837401e-006,-0.874
2.837651e-006,-0.875667
2.837901e-006,-0.875667
2.838151e-006,-0.875667
2.838401e-006,-0.874
2.838651e-006,-0.875667
2.838901e-006,-0.875667
2.839151e-006,-0.875667
2.839401e-006,-0.874
2.839651e-006,-0.875667
2.839901e-006,-0.875667
2.840151e-006,-0.875667
2.840401e-006,-0.874
2.840651e-006,-0.875667
2.840901e-006,-0.875667
2.841151e-006,-0.875667
2.841401e-006,-0.874
2.841651e-006,-0.875667
2.841901e-006,-0.875667
2.842151e-006,-0.874
2.842401e-006,-0.874
2.842651e-006,-0.875667
2.842901e-006,-0.875667
2.843151e-006,-0.874
2.843401e-006,-0.874
2.843651e-006,-0.875667
2.843901e-006,-0.875667
2.844151e-006,-0.874
2.844401e-006,-0.874
2.844651e-006,-0.875667
2.844901e-006,-0.875667
2.845151e-006,-0.874
2.845401e-006,-0.874
2.845651e-006,-0.875667
2.845901e-006,-0.875667
2.846151e-006,-0.874
2.846401e-006,-0.874
2.846651e-006,-0.875667
2.846901e-006,-0.875667
2.847151e-006,-0.874
2.847401e-006,-0.874
2.847651e-006,-0.875667
2.847901e-006,-0.875667
2.848151e-006,-0.874
2.848401e-006,-0.874
2.848651e-006,-0.875667
2.848901e-006,-0.875667
2.849151e-006,-0.874
2.849401e-006,-0.874
2.849651e-006,-0.875667
2.849901e-006,-0.875667
2.850151e-006,-0.874
2.850401e-006,-0.874
2.850651e-006,-0.875667
2.850901e-006,-0.875667
2.851151e-006,-0.874
2.851401e-006,-0.874
2.851651e-006,-0.875667
2.851901e-006,-0.875667
2.852151e-006,-0.874
2.852401e-006,-0.874
2.852651e-006,-0.875667
2.852901e-006,-0.875667
2.853151e-006,-0.874
2.853401e-006,-0.874
2.853651e-006,-0.875667
2.853901e-006,-0.875667
2.854151e-006,-0.874
2.854401e-006,-0.874
2.854651e-006,-0.875667
2.854901e-006,-0.875667
2.855151e-006,-0.874
2.855401e-006,-0.874
2.855651e-006,-0.875667
2.855901e-006,-0.875667
2.856151e-006,-0.874
2.856401e-006,-0.874
2.856651e-006,-0.875667
2.856901e-006,-0.875667
2.857151e-006,-0.875667
2.857401e-006,-0.874
2.857651e-006,-0.875667
2.857901e-006,-0.875667
2.858151e-006,-0.874
2.858401e-006,-0.874
2.858651e-006,-0.875667
2.858901e-006,-0.875667
2.859151e-006,-0.874
2.859401e-006,-0.874
2.859651e-006,-0.875667
2.859901e-006,-0.875667
2.860151e-006,-0.874
2.860401e-006,-0.874
2.860651e-006,-0.875667
2.860901e-006,-0.875667
2.861151e-006,-0.874
2.861401e-006,-0.874
2.861651e-006,-0.875667
2.861901e-006,-0.875667
2.862151e-006,-0.874
2.862401e-006,-0.874
2.862651e-006,-0.875667
2.862901e-006,-0.875667
2.863151e-006,-0.874
2.863401e-006,-0.874
2.863651e-006,-0.875667
2.863901e-006,-0.875667
2.864151e-006,-0.874
2.864401e-006,-0.874
2.864651e-006,-0.875667
2.864901e-006,-0.875667
2.865151e-006,-0.874
2.865401e-006,-0.874
2.865651e-006,-0.875667
2.865901e-006,-0.875667
2.866151e-006,-0.874
2.866401e-006,-0.874
2.866651e-006,-0.875667
2.866901e-006,-0.875667
2.867151e-006,-0.874
2.867401e-006,-0.874
2.867651e-006,-0.875667
2.867901e-006,-0.875667
2.868151e-006,-0.874
2.868401e-006,-0.874
2.868651e-006,-0.875667
2.868901e-006,-0.875667
2.869151e-006,-0.874
2.869401e-006,-0.874
2.869651e-006,-0.875667
2.869901e-006,-0.875667
2.870151e-006,-0.874
2.870401e-006,-0.874
2.870651e-006,-0.875667
2.870901e-006,-0.875667
2.871151e-006,-0.874
2.871401e-006,-0.874
2.871651e-006,-0.875667
2.871901e-006,-0.875667
2.872151e-006,-0.874
2.872401e-006,-0.874
2.872651e-006,-0.875667
2.872901e-006,-0.875667
2.873151e-006,-0.874
2.873401e-006,-0.874
2.873651e-006,-0.875667
2.873901e-006,-0.875667
2.874151e-006,-0.874
2.874401e-006,-0.874
2.874651e-006,-0.875667
2.874901e-006,-0.875667
2.875151e-006,-0.874
2.875401e-006,-0.874
2.875651e-006,-0.875667
2.875901e-006,-0.875667
2.876151e-006,-0.874
2.876401e-006,-0.874
2.876651e-006,-0.875667
2.876901e-006,-0.875667
2.877151e-006,-0.874
2.877401e-006,-0.874
2.877651e-006,-0.875667
2.877901e-006,-0.875667
2.878151e-006,-0.874
2.878401e-006,-0.874
2.878651e-006,-0.875667
2.878901e-006,-0.875667
2.879151e-006,-0.874
2.879401e-006,-0.874
2.879651e-006,-0.875667
2.879901e-006,-0.875667
2.880151e-006,-0.874
2.880401e-006,-0.874
2.880651e-006,-0.875667
2.880901e-006,-0.875667
2.881151e-006,-0.874
2.881401e-006,-0.874
2.881651e-006,-0.875667
2.881901e-006,-0.875667
2.882151e-006,-0.874
2.882401e-006,-0.874
2.882651e-006,-0.875667
2.882901e-006,-0.875667
2.883151e-006,-0.874
2.883401e-006,-0.874
2.883651e-006,-0.875667
2.883901e-006,-0.875667
2.884151e-006,-0.874
2.884401e-006,-0.874
2.884651e-006,-0.875667
2.884901e-006,-0.875667
2.885151e-006,-0.874
2.885401e-006,-0.874
2.885651e-006,-0.875667
2.885901e-006,-0.875667
2.886151e-006,-0.874
2.886401e-006,-0.874
2.886651e-006,-0.875667
2.886901e-006,-0.875667
2.887151e-006,-0.874
2.887401e-006,-0.874
2.887651e-006,-0.875667
2.887901e-006,-0.875667
2.888151e-006,-0.874
2.888401e-006,-0.874
2.888651e-006,-0.875667
2.888901e-006,-0.875667
2.889151e-006,-0.874
2.889401e-006,-0.874
2.889651e-006,-0.875667
2.889901e-006,-0.875667
2.890151e-006,-0.874
2.890401e-006,-0.874
2.890651e-006,-0.875667
2.890901e-006,-0.875667
2.891151e-006,-0.874
2.891401e-006,-0.874
2.891651e-006,-0.875667
2.891901e-006,-0.875667
2.892151e-006,-0.874
2.892401e-006,-0.874
2.892651e-006,-0.875667
2.892901e-006,-0.875667
2.893151e-006,-0.874
2.893401e-006,-0.874
2.893651e-006,-0.875667
2.893901e-006,-0.875667
2.894151e-006,-0.874
2.894401e-006,-0.874
2.894651e-006,-0.875667
2.894901e-006,-0.875667
2.895151e-006,-0.874
2.895401e-006,-0.874
2.895651e-006,-0.875667
2.895901e-006,-0.875667
2.896151e-006,-0.874
2.896401e-006,-0.874
2.896651e-006,-0.875667
2.896901e-006,-0.875667
2.897151e-006,-0.874
2.897401e-006,-0.874
2.897651e-006,-0.875667
2.897901e-006,-0.875667
2.898151e-006,-0.874
2.898401e-006,-0.874
2.898651e-006,-0.875667
2.898901e-006,-0.875667
2.899151e-006,-0.874
2.899401e-006,-0.874
2.899651e-006,-0.875667
2.899901e-006,-0.875667
2.900151e-006,-0.874
2.900401e-006,-0.874
2.900651e-006,-0.875667
2.900901e-006,-0.875667
2.901151e-006,-0.874
2.901401e-006,-0.874
2.901651e-006,-0.875667
2.901901e-006,-0.875667
2.902151e-006,-0.874
2.902401e-006,-0.874
2.902651e-006,-0.875667
2.902901e-006,-0.875667
2.903151e-006,-0.874
2.903401e-006,-0.874
2.903651e-006,-0.875667
2.903901e-006,-0.875667
2.904151e-006,-0.874
2.904401e-006,-0.874
2.904651e-006,-0.875667
2.904901e-006,-0.875667
2.905151e-006,-0.874
2.905401e-006,-0.874
2.905651e-006,-0.875667
2.905901e-006,-0.875667
2.906151e-006,-0.874
2.906401e-006,-0.874
2.906651e-006,-0.875667
2.906901e-006,-0.875667
2.907151e-006,-0.874
2.907401e-006,-0.874
2.907651e-006,-0.875667
2.907901e-006,-0.875667
2.908151e-006,-0.874
2.908401e-006,-0.874
2.908651e-006,-0.875667
2.908901e-006,-0.875667
2.909151e-006,-0.874
2.909401e-006,-0.874
2.909651e-006,-0.875667
2.909901e-006,-0.875667
2.910151e-006,-0.874
2.910401e-006,-0.874
2.910651e-006,-0.875667
2.910901e-006,-0.875667
2.911151e-006,-0.874
2.911401e-006,-0.874
2.911651e-006,-0.875667
2.911901e-006,-0.875667
2.912151e-006,-0.874
2.912401e-006,-0.874
2.912651e-006,-0.875667
2.912901e-006,-0.875667
2.913151e-006,-0.874
2.913401e-006,-0.874
2.913651e-006,-0.875667
2.913901e-006,-0.875667
2.914151e-006,-0.874
2.914401e-006,-0.874
2.914651e-006,-0.875667
2.914901e-006,-0.875667
2.915151e-006,-0.874
2.915401e-006,-0.874
2.915651e-006,-0.875667
2.915901e-006,-0.875667
2.916151e-006,-0.874
2.916401e-006,-0.874
2.916651e-006,-0.875667
2.916901e-006,-0.875667
2.917151e-006,-0.874
2.917401e-006,-0.874
2.917651e-006,-0.875667
2.917901e-006,-0.875667
2.918151e-006,-0.874
2.918401e-006,-0.874
2.918651e-006,-0.875667
2.918901e-006,-0.875667
2.919151e-006,-0.874
2.919401e-006,-0.874
2.919651e-006,-0.875667
2.919901e-006,-0.875667
2.920151e-006,-0.874
2.920401e-006,-0.874
2.920651e-006,-0.875667
2.920901e-006,-0.875667
2.921151e-006,-0.874
2.921401e-006,-0.874
2.921651e-006,-0.875667
2.921901e-006,-0.875667
2.922151e-006,-0.874
2.922401e-006,-0.874
2.922651e-006,-0.875667
2.922901e-006,-0.875667
2.923151e-006,-0.874
2.923401e-006,-0.874
2.923651e-006,-0.875667
2.923901e-006,-0.875667
2.924151e-006,-0.874
2.924401e-006,-0.874
2.924651e-006,-0.875667
2.924901e-006,-0.875667
2.925151e-006,-0.874
2.925401e-006,-0.874
2.925651e-006,-0.875667
2.925901e-006,-0.875667
2.926151e-006,-0.874
2.926401e-006,-0.874
2.926651e-006,-0.875667
2.926901e-006,-0.875667
2.927151e-006,-0.874
2.927401e-006,-0.874
2.927651e-006,-0.875667
2.927901e-006,-0.875667
2.928151e-006,-0.874
2.928401e-006,-0.874
2.928651e-006,-0.875667
2.928901e-006,-0.875667
2.929151e-006,-0.875667
2.929401e-006,-0.874
2.929651e-006,-0.875667
2.929901e-006,-0.875667
2.930151e-006,-0.875667
2.930401e-006,-0.874
2.930651e-006,-0.875667
2.930901e-006,-0.875667
2.931151e-006,-0.874
2.931401e-006,-0.874
2.931651e-006,-0.875667
2.931901e-006,-0.875667
2.932151e-006,-0.874
2.932401e-006,-0.874
2.932651e-006,-0.875667
2.932901e-006,-0.875667
2.933151e-006,-0.874
2.933401e-006,-0.874
2.933651e-006,-0.875667
2.933901e-006,-0.875667
2.934151e-006,-0.874
2.934401e-006,-0.874
2.934651e-006,-0.875667
2.934901e-006,-0.875667
2.935151e-006,-0.874
2.935401e-006,-0.874
2.935651e-006,-0.875667
2.935901e-006,-0.875667
2.936151e-006,-0.874
2.936401e-006,-0.874
2.936651e-006,-0.875667
2.936901e-006,-0.875667
2.937151e-006,-0.874
2.937401e-006,-0.874
2.937651e-006,-0.875667
2.937901e-006,-0.875667
2.938151e-006,-0.874
2.938401e-006,-0.874
2.938651e-006,-0.874
2.938901e-006,-0.875667
2.939151e-006,-0.874
2.939401e-006,-0.874
2.939651e-006,-0.874
2.939901e-006,-0.875667
2.940151e-006,-0.874
2.940401e-006,-0.874
2.940651e-006,-0.875667
2.940901e-006,-0.875667
2.941151e-006,-0.874
2.941401e-006,-0.874
2.941651e-006,-0.875667
2.941901e-006,-0.875667
2.942151e-006,-0.874
2.942401e-006,-0.874
2.942651e-006,-0.874
2.942901e-006,-0.875667
2.943151e-006,-0.874
2.943401e-006,-0.874
2.943651e-006,-0.875667
2.943901e-006,-0.875667
2.944151e-006,-0.874
2.944401e-006,-0.874
2.944651e-006,-0.875667
2.944901e-006,-0.875667
2.945151e-006,-0.874
2.945401e-006,-0.874
2.945651e-006,-0.875667
2.945901e-006,-0.875667
2.946151e-006,-0.874
2.946401e-006,-0.874
2.946651e-006,-0.875667
2.946901e-006,-0.875667
2.947151e-006,-0.874
2.947401e-006,-0.874
2.947651e-006,-0.875667
2.947901e-006,-0.875667
2.948151e-006,-0.874
2.948401e-006,-0.874
2.948651e-006,-0.875667
2.948901e-006,-0.875667
2.949151e-006,-0.874
2.949401e-006,-0.874
2.949651e-006,-0.875667
2.949901e-006,-0.875667
2.950151e-006,-0.874
2.950401e-006,-0.874
2.950651e-006,-0.875667
2.950901e-006,-0.875667
2.951151e-006,-0.874
2.951401e-006,-0.874
2.951651e-006,-0.875667
2.951901e-006,-0.875667
2.952151e-006,-0.874
2.952401e-006,-0.874
2.952651e-006,-0.875667
2.952901e-006,-0.875667
2.953151e-006,-0.874
2.953401e-006,-0.874
2.953651e-006,-0.875667
2.953901e-006,-0.875667
2.954151e-006,-0.874
2.954401e-006,-0.874
2.954651e-006,-0.875667
2.954901e-006,-0.875667
2.955151e-006,-0.874
2.955401e-006,-0.874
2.955651e-006,-0.875667
2.955901e-006,-0.875667
2.956151e-006,-0.874
2.956401e-006,-0.874
2.956651e-006,-0.875667
2.956901e-006,-0.875667
2.957151e-006,-0.874
2.957401e-006,-0.874
2.957651e-006,-0.875667
2.957901e-006,-0.875667
2.958151e-006,-0.874
2.958401e-006,-0.874
2.958651e-006,-0.875667
2.958901e-006,-0.875667
2.959151e-006,-0.874
2.959401e-006,-0.874
2.959651e-006,-0.875667
2.959901e-006,-0.875667
2.960151e-006,-0.874
2.960401e-006,-0.874
2.960651e-006,-0.875667
2.960901e-006,-0.875667
2.961151e-006,-0.874
2.961401e-006,-0.874
2.961651e-006,-0.875667
2.961901e-006,-0.875667
2.962151e-006,-0.874
2.962401e-006,-0.874
2.962651e-006,-0.875667
2.962901e-006,-0.875667
2.963151e-006,-0.874
2.963401e-006,-0.874
2.963651e-006,-0.875667
2.963901e-006,-0.875667
2.964151e-006,-0.874
2.964401e-006,-0.874
2.964651e-006,-0.875667
2.964901e-006,-0.875667
2.965151e-006,-0.874
2.965401e-006,-0.874
2.965651e-006,-0.875667
2.965901e-006,-0.875667
2.966151e-006,-0.874
2.966401e-006,-0.874
2.966651e-006,-0.875667
2.966901e-006,-0.875667
2.967151e-006,-0.874
2.967401e-006,-0.874
2.967651e-006,-0.875667
2.967901e-006,-0.875667
2.968151e-006,-0.874
2.968401e-006,-0.874
2.968651e-006,-0.875667
2.968901e-006,-0.875667
2.969151e-006,-0.874
2.969401e-006,-0.874
2.969651e-006,-0.875667
2.969901e-006,-0.875667
2.970151e-006,-0.874
2.970401e-006,-0.874
2.970651e-006,-0.875667
2.970901e-006,-0.875667
2.971151e-006,-0.874
2.971401e-006,-0.874
2.971651e-006,-0.875667
2.971901e-006,-0.875667
2.972151e-006,-0.874
2.972401e-006,-0.874
2.972651e-006,-0.875667
2.972901e-006,-0.875667
2.973151e-006,-0.874
2.973401e-006,-0.874
2.973651e-006,-0.875667
2.973901e-006,-0.875667
2.974151e-006,-0.874
2.974401e-006,-0.874
2.974651e-006,-0.875667
2.974901e-006,-0.875667
2.975151e-006,-0.874
2.975401e-006,-0.874
2.975651e-006,-0.875667
2.975901e-006,-0.875667
2.976151e-006,-0.874
2.976401e-006,-0.874
2.976651e-006,-0.875667
2.976901e-006,-0.875667
2.977151e-006,-0.874
2.977401e-006,-0.874
2.977651e-006,-0.875667
2.977901e-006,-0.875667
2.978151e-006,-0.874
2.978401e-006,-0.874
2.978651e-006,-0.875667
2.978901e-006,-0.875667
2.979151e-006,-0.874
2.979401e-006,-0.874
2.979651e-006,-0.875667
2.979901e-006,-0.875667
2.980151e-006,-0.874
2.980401e-006,-0.874
2.980651e-006,-0.875667
2.980901e-006,-0.875667
2.981151e-006,-0.874
2.981401e-006,-0.874
2.981651e-006,-0.875667
2.981901e-006,-0.875667
2.982151e-006,-0.874
2.982401e-006,-0.874
2.982651e-006,-0.875667
2.982901e-006,-0.875667
2.983151e-006,-0.874
2.983401e-006,-0.874
2.983651e-006,-0.875667
2.983901e-006,-0.875667
2.984151e-006,-0.874
2.984401e-006,-0.874
2.984651e-006,-0.875667
2.984901e-006,-0.875667
2.985151e-006,-0.874
2.985401e-006,-0.874
2.985651e-006,-0.874
2.985901e-006,-0.875667
2.986151e-006,-0.874
2.986401e-006,-0.874
2.986651e-006,-0.875667
2.986901e-006,-0.875667
2.987151e-006,-0.874
2.987401e-006,-0.874
2.987651e-006,-0.875667
2.987901e-006,-0.875667
2.988151e-006,-0.874
2.988401e-006,-0.874
2.988651e-006,-0.875667
2.988901e-006,-0.875667
2.989151e-006,-0.874
2.989401e-006,-0.874
2.989651e-006,-0.875667
2.989901e-006,-0.875667
2.990151e-006,-0.874
2.990401e-006,-0.874
2.990651e-006,-0.875667
2.990901e-006,-0.875667
2.991151e-006,-0.874
2.991401e-006,-0.874
2.991651e-006,-0.875667
2.991901e-006,-0.875667
2.992151e-006,-0.874
2.992401e-006,-0.874
2.992651e-006,-0.875667
2.992901e-006,-0.875667
2.993151e-006,-0.874
2.993401e-006,-0.874
2.993651e-006,-0.875667
2.993901e-006,-0.875667
2.994151e-006,-0.874
2.994401e-006,-0.874
2.994651e-006,-0.875667
2.994901e-006,-0.875667
2.995151e-006,-0.874
2.995401e-006,-0.874
2.995651e-006,-0.875667
2.995901e-006,-0.875667
2.996151e-006,-0.874
2.996401e-006,-0.874
2.996651e-006,-0.875667
2.996901e-006,-0.875667
2.997151e-006,-0.874
2.997401e-006,-0.874
2.997651e-006,-0.875667
2.997901e-006,-0.875667
2.998151e-006,-0.874
2.998401e-006,-0.874
2.998651e-006,-0.875667
2.998901e-006,-0.875667
2.999151e-006,-0.874
2.999401e-006,-0.874
2.999651e-006,-0.875667
2.999901e-006,-0.875667
3.000151e-006,-0.874
3.000401e-006,-0.874
3.000651e-006,-0.875667
3.000901e-006,-0.875667
3.001151e-006,-0.874
3.001401e-006,-0.874
3.001651e-006,-0.875667
3.001901e-006,-0.875667
3.002151e-006,-0.874
3.002401e-006,-0.874
3.002651e-006,-0.875667
3.002901e-006,-0.875667
3.003151e-006,-0.875667
3.003401e-006,-0.874
3.003651e-006,-0.875667
3.003901e-006,-0.875667
3.004151e-006,-0.875667
3.004401e-006,-0.874
3.004651e-006,-0.875667
3.004901e-006,-0.875667
3.005151e-006,-0.875667
3.005401e-006,-0.874
3.005651e-006,-0.875667
3.005901e-006,-0.875667
3.006151e-006,-0.874
3.006401e-006,-0.874
3.006651e-006,-0.875667
3.006901e-006,-0.875667
3.007151e-006,-0.874
3.007401e-006,-0.874
3.007651e-006,-0.875667
3.007901e-006,-0.875667
3.008151e-006,-0.874
3.008401e-006,-0.874
3.008651e-006,-0.874
3.008901e-006,-0.875667
3.009151e-006,-0.874
3.009401e-006,-0.874
3.009651e-006,-0.875667
3.009901e-006,-0.875667
3.010151e-006,-0.874
3.010401e-006,-0.874
3.010651e-006,-0.875667
3.010901e-006,-0.875667
3.011151e-006,-0.874
3.011401e-006,-0.874
3.011651e-006,-0.875667
3.011901e-006,-0.875667
3.012151e-006,-0.874
3.012401e-006,-0.874
3.012651e-006,-0.875667
3.012901e-006,-0.875667
3.013151e-006,-0.875667
3.013401e-006,-0.874
3.013651e-006,-0.875667
3.013901e-006,-0.875667
3.014151e-006,-0.875667
3.014401e-006,-0.874
3.014651e-006,-0.875667
3.014901e-006,-0.875667
3.015151e-006,-0.875667
3.015401e-006,-0.874
3.015651e-006,-0.875667
3.015901e-006,-0.875667
3.016151e-006,-0.874
3.016401e-006,-0.874
3.016651e-006,-0.875667
3.016901e-006,-0.875667
3.017151e-006,-0.874
3.017401e-006,-0.874
3.017651e-006,-0.875667
3.017901e-006,-0.875667
3.018151e-006,-0.874
3.018401e-006,-0.874
3.018651e-006,-0.875667
3.018901e-006,-0.875667
3.019151e-006,-0.874
3.019401e-006,-0.874
3.019651e-006,-0.875667
3.019901e-006,-0.875667
3.020151e-006,-0.874
3.020401e-006,-0.874
3.020651e-006,-0.875667
3.020901e-006,-0.875667
3.021151e-006,-0.875667
3.021401e-006,-0.874
3.021651e-006,-0.875667
3.021901e-006,-0.875667
3.022151e-006,-0.875667
3.022401e-006,-0.874
3.022651e-006,-0.875667
3.022901e-006,-0.875667
3.023151e-006,-0.875667
3.023401e-006,-0.874
3.023651e-006,-0.875667
3.023901e-006,-0.875667
3.024151e-006,-0.875667
3.024401e-006,-0.874
3.024651e-006,-0.875667
3.024901e-006,-0.875667
3.025151e-006,-0.874
3.025401e-006,-0.874
3.025651e-006,-0.875667
3.025901e-006,-0.875667
3.026151e-006,-0.874
3.026401e-006,-0.874
3.026651e-006,-0.875667
3.026901e-006,-0.875667
3.027151e-006,-0.874
3.027401e-006,-0.874
3.027651e-006,-0.875667
3.027901e-006,-0.875667
3.028151e-006,-0.875667
3.028401e-006,-0.874
3.028651e-006,-0.875667
3.028901e-006,-0.875667
3.029151e-006,-0.875667
3.029401e-006,-0.874
3.029651e-006,-0.875667
3.029901e-006,-0.875667
3.030151e-006,-0.874
3.030401e-006,-0.874
3.030651e-006,-0.875667
3.030901e-006,-0.875667
3.031151e-006,-0.874
3.031401e-006,-0.874
3.031651e-006,-0.875667
3.031901e-006,-0.875667
3.032151e-006,-0.874
3.032401e-006,-0.874
3.032651e-006,-0.875667
3.032901e-006,-0.875667
3.033151e-006,-0.874
3.033401e-006,-0.874
3.033651e-006,-0.875667
3.033901e-006,-0.875667
3.034151e-006,-0.874
3.034401e-006,-0.874
3.034651e-006,-0.875667
3.034901e-006,-0.875667
3.035151e-006,-0.874
3.035401e-006,-0.874
3.035651e-006,-0.875667
3.035901e-006,-0.875667
3.036151e-006,-0.874
3.036401e-006,-0.874
3.036651e-006,-0.874
3.036901e-006,-0.875667
3.037151e-006,-0.874
3.037401e-006,-0.874
3.037651e-006,-0.874
3.037901e-006,-0.875667
3.038151e-006,-0.874
3.038401e-006,-0.874
3.038651e-006,-0.875667
3.038901e-006,-0.875667
3.039151e-006,-0.874
3.039401e-006,-0.874
3.039651e-006,-0.875667
3.039901e-006,-0.875667
3.040151e-006,-0.874
3.040401e-006,-0.874
3.040651e-006,-0.875667
3.040901e-006,-0.875667
3.041151e-006,-0.874
3.041401e-006,-0.874
3.041651e-006,-0.875667
3.041901e-006,-0.875667
3.042151e-006,-0.874
3.042401e-006,-0.874
3.042651e-006,-0.875667
3.042901e-006,-0.875667
3.043151e-006,-0.874
3.043401e-006,-0.874
3.043651e-006,-0.875667
3.043901e-006,-0.875667
3.044151e-006,-0.874
3.044401e-006,-0.874
3.044651e-006,-0.875667
3.044901e-006,-0.875667
3.045151e-006,-0.874
3.045401e-006,-0.874
3.045651e-006,-0.875667
3.045901e-006,-0.875667
3.046151e-006,-0.874
3.046401e-006,-0.874
3.046651e-006,-0.875667
3.046901e-006,-0.875667
3.047151e-006,-0.874
3.047401e-006,-0.874
3.047651e-006,-0.875667
3.047901e-006,-0.875667
3.048151e-006,-0.874
3.048401e-006,-0.874
3.048651e-006,-0.875667
3.048901e-006,-0.875667
3.049151e-006,-0.874
3.049401e-006,-0.874
3.049651e-006,-0.875667
3.049901e-006,-0.875667
3.050151e-006,-0.874
3.050401e-006,-0.874
3.050651e-006,-0.875667
3.050901e-006,-0.875667
3.051151e-006,-0.874
3.051401e-006,-0.874
3.051651e-006,-0.875667
3.051901e-006,-0.875667
3.052151e-006,-0.874
3.052401e-006,-0.874
3.052651e-006,-0.875667
3.052901e-006,-0.875667
3.053151e-006,-0.874
3.053401e-006,-0.874
3.053651e-006,-0.875667
3.053901e-006,-0.875667
3.054151e-006,-0.874
3.054401e-006,-0.874
3.054651e-006,-0.875667
3.054901e-006,-0.875667
3.055151e-006,-0.874
3.055401e-006,-0.874
3.055651e-006,-0.875667
3.055901e-006,-0.875667
3.056151e-006,-0.874
3.056401e-006,-0.874
3.056651e-006,-0.875667
3.056901e-006,-0.875667
3.057151e-006,-0.874
3.057401e-006,-0.874
3.057651e-006,-0.874
3.057901e-006,-0.875667
3.058151e-006,-0.874
3.058401e-006,-0.874
3.058651e-006,-0.875667
3.058901e-006,-0.875667
3.059151e-006,-0.874
3.059401e-006,-0.874
3.059651e-006,-0.875667
3.059901e-006,-0.875667
3.060151e-006,-0.874
3.060401e-006,-0.874
3.060651e-006,-0.875667
3.060901e-006,-0.875667
3.061151e-006,-0.874
3.061401e-006,-0.874
3.061651e-006,-0.875667
3.061901e-006,-0.875667
3.062151e-006,-0.874
3.062401e-006,-0.874
3.062651e-006,-0.875667
3.062901e-006,-0.875667
3.063151e-006,-0.874
3.063401e-006,-0.874
3.063651e-006,-0.875667
3.063901e-006,-0.875667
3.064151e-006,-0.874
3.064401e-006,-0.874
3.064651e-006,-0.875667
3.064901e-006,-0.875667
3.065151e-006,-0.874
3.065401e-006,-0.874
3.065651e-006,-0.875667
3.065901e-006,-0.875667
3.066151e-006,-0.874
3.066401e-006,-0.874
3.066651e-006,-0.875667
3.066901e-006,-0.875667
3.067151e-006,-0.874
3.067401e-006,-0.874
3.067651e-006,-0.875667
3.067901e-006,-0.875667
3.068151e-006,-0.874
3.068401e-006,-0.874
3.068651e-006,-0.875667
3.068901e-006,-0.875667
3.069151e-006,-0.874
3.069401e-006,-0.874
3.069651e-006,-0.875667
3.069901e-006,-0.875667
3.070151e-006,-0.874
3.070401e-006,-0.874
3.070651e-006,-0.875667
3.070901e-006,-0.875667
3.071151e-006,-0.874
3.071401e-006,-0.874
3.071651e-006,-0.875667
3.071901e-006,-0.875667
3.072151e-006,-0.874
3.072401e-006,-0.874
3.072651e-006,-0.875667
3.072901e-006,-0.875667
3.073151e-006,-0.874
3.073401e-006,-0.874
3.073651e-006,-0.875667
3.073901e-006,-0.875667
3.074151e-006,-0.874
3.074401e-006,-0.874
3.074651e-006,-0.875667
3.074901e-006,-0.874
3.075151e-006,-0.874
3.075401e-006,-0.874
3.075651e-006,-0.875667
3.075901e-006,-0.875667
3.076151e-006,-0.874
3.076401e-006,-0.874
3.076651e-006,-0.875667
3.076901e-006,-0.875667
3.077151e-006,-0.875667
3.077401e-006,-0.874
3.077651e-006,-0.875667
3.077901e-006,-0.875667
3.078151e-006,-0.875667
3.078401e-006,-0.874
3.078651e-006,-0.875667
3.078901e-006,-0.875667
3.079151e-006,-0.875667
3.079401e-006,-0.874
3.079651e-006,-0.875667
3.079901e-006,-0.875667
3.080151e-006,-0.875667
3.080401e-006,-0.874
3.080651e-006,-0.875667
3.080901e-006,-0.875667
3.081151e-006,-0.875667
3.081401e-006,-0.874
3.081651e-006,-0.875667
3.081901e-006,-0.875667
3.082151e-006,-0.874
3.082401e-006,-0.874
3.082651e-006,-0.875667
3.082901e-006,-0.875667
3.083151e-006,-0.874
3.083401e-006,-0.874
3.083651e-006,-0.875667
3.083901e-006,-0.875667
3.084151e-006,-0.874
3.084401e-006,-0.874
3.084651e-006,-0.875667
3.084901e-006,-0.875667
3.085151e-006,-0.874
3.085401e-006,-0.874
3.085651e-006,-0.875667
3.085901e-006,-0.875667
3.086151e-006,-0.874
3.086401e-006,-0.874
3.086651e-006,-0.875667
3.086901e-006,-0.875667
3.087151e-006,-0.874
3.087401e-006,-0.874
3.087651e-006,-0.875667
3.087901e-006,-0.875667
3.088151e-006,-0.874
3.088401e-006,-0.874
3.088651e-006,-0.875667
3.088901e-006,-0.875667
3.089151e-006,-0.874
3.089401e-006,-0.874
3.089651e-006,-0.875667
3.089901e-006,-0.875667
3.090151e-006,-0.874
3.090401e-006,-0.874
3.090651e-006,-0.875667
3.090901e-006,-0.874
3.091151e-006,-0.874
3.091401e-006,-0.874
3.091651e-006,-0.875667
3.091901e-006,-0.874
3.092151e-006,-0.874
3.092401e-006,-0.874
3.092651e-006,-0.875667
3.092901e-006,-0.874
3.093151e-006,-0.874
3.093401e-006,-0.874
3.093651e-006,-0.875667
3.093901e-006,-0.875667
3.094151e-006,-0.874
3.094401e-006,-0.874
3.094651e-006,-0.875667
3.094901e-006,-0.875667
3.095151e-006,-0.874
3.095401e-006,-0.874
3.095651e-006,-0.875667
3.095901e-006,-0.875667
3.096151e-006,-0.874
3.096401e-006,-0.874
3.096651e-006,-0.875667
3.096901e-006,-0.875667
3.097151e-006,-0.874
3.097401e-006,-0.874
3.097651e-006,-0.875667
3.097901e-006,-0.875667
3.098151e-006,-0.874
3.098401e-006,-0.874
3.098651e-006,-0.875667
3.098901e-006,-0.875667
3.099151e-006,-0.874
3.099401e-006,-0.874
3.099651e-006,-0.875667
3.099901e-006,-0.875667
3.100151e-006,-0.874
3.100401e-006,-0.874
3.100651e-006,-0.875667
3.100901e-006,-0.875667
3.101151e-006,-0.874
3.101401e-006,-0.874
3.101651e-006,-0.875667
3.101901e-006,-0.875667
3.102151e-006,-0.874
3.102401e-006,-0.874
3.102651e-006,-0.875667
3.102901e-006,-0.875667
3.103151e-006,-0.874
3.103401e-006,-0.874
3.103651e-006,-0.875667
3.103901e-006,-0.875667
3.104151e-006,-0.874
3.104401e-006,-0.874
3.104651e-006,-0.875667
3.104901e-006,-0.875667
3.105151e-006,-0.874
3.105401e-006,-0.874
3.105651e-006,-0.875667
3.105901e-006,-0.875667
3.106151e-006,-0.874
3.106401e-006,-0.874
3.106651e-006,-0.875667
3.106901e-006,-0.875667
3.107151e-006,-0.874
3.107401e-006,-0.874
3.107651e-006,-0.875667
3.107901e-006,-0.875667
3.108151e-006,-0.874
3.108401e-006,-0.874
3.108651e-006,-0.875667
3.108901e-006,-0.875667
3.109151e-006,-0.874
3.109401e-006,-0.874
3.109651e-006,-0.875667
3.109901e-006,-0.875667
3.110151e-006,-0.874
3.110401e-006,-0.874
3.110651e-006,-0.875667
3.110901e-006,-0.875667
3.111151e-006,-0.874
3.111401e-006,-0.874
3.111651e-006,-0.875667
3.111901e-006,-0.875667
3.112151e-006,-0.874
3.112401e-006,-0.874
3.112651e-006,-0.875667
3.112901e-006,-0.875667
3.113151e-006,-0.874
3.113401e-006,-0.874
3.113651e-006,-0.875667
3.113901e-006,-0.875667
3.114151e-006,-0.874
3.114401e-006,-0.874
3.114651e-006,-0.875667
3.114901e-006,-0.875667
3.115151e-006,-0.874
3.115401e-006,-0.874
3.115651e-006,-0.875667
3.115901e-006,-0.875667
3.116151e-006,-0.874
3.116401e-006,-0.874
3.116651e-006,-0.875667
3.116901e-006,-0.875667
3.117151e-006,-0.874
3.117401e-006,-0.874
3.117651e-006,-0.875667
3.117901e-006,-0.875667
3.118151e-006,-0.874
3.118401e-006,-0.874
3.118651e-006,-0.875667
3.118901e-006,-0.875667
3.119151e-006,-0.874
3.119401e-006,-0.874
3.119651e-006,-0.875667
3.119901e-006,-0.875667
3.120151e-006,-0.874
3.120401e-006,-0.874
3.120651e-006,-0.875667
3.120901e-006,-0.875667
3.121151e-006,-0.874
3.121401e-006,-0.874
3.121651e-006,-0.875667
3.121901e-006,-0.875667
3.122151e-006,-0.874
3.122401e-006,-0.874
3.122651e-006,-0.875667
3.122901e-006,-0.875667
3.123151e-006,-0.874
3.123401e-006,-0.874
3.123651e-006,-0.875667
3.123901e-006,-0.875667
3.124151e-006,-0.874
3.124401e-006,-0.874
3.124651e-006,-0.875667
3.124901e-006,-0.875667
3.125151e-006,-0.874
3.125401e-006,-0.874
3.125651e-006,-0.875667
3.125901e-006,-0.875667
3.126151e-006,-0.874
3.126401e-006,-0.874
3.126651e-006,-0.875667
3.126901e-006,-0.875667
3.127151e-006,-0.874
3.127401e-006,-0.874
3.127651e-006,-0.875667
3.127901e-006,-0.875667
3.128151e-006,-0.874
3.128401e-006,-0.874
3.128651e-006,-0.875667
3.128901e-006,-0.875667
3.129151e-006,-0.874
3.129401e-006,-0.874
3.129651e-006,-0.875667
3.129901e-006,-0.875667
3.130151e-006,-0.874
3.130401e-006,-0.874
3.130651e-006,-0.875667
3.130901e-006,-0.875667
3.131151e-006,-0.874
3.131401e-006,-0.874
3.131651e-006,-0.875667
3.131901e-006,-0.875667
3.132151e-006,-0.874
3.132401e-006,-0.874
3.132651e-006,-0.875667
3.132901e-006,-0.875667
3.133151e-006,-0.874
3.133401e-006,-0.874
3.133651e-006,-0.875667
3.133901e-006,-0.875667
3.134151e-006,-0.874
3.134401e-006,-0.874
3.134651e-006,-0.875667
3.134901e-006,-0.875667
3.135151e-006,-0.874
3.135401e-006,-0.874
3.135651e-006,-0.874
3.135901e-006,-0.875667
3.136151e-006,-0.874
3.136401e-006,-0.874
3.136651e-006,-0.874
3.136901e-006,-0.875667
3.137151e-006,-0.874
3.137401e-006,-0.874
3.137651e-006,-0.875667
3.137901e-006,-0.875667
3.138151e-006,-0.874
3.138401e-006,-0.874
3.138651e-006,-0.875667
3.138901e-006,-0.875667
3.139151e-006,-0.874
3.139401e-006,-0.874
3.139651e-006,-0.875667
3.139901e-006,-0.875667
3.140151e-006,-0.874
3.140401e-006,-0.874
3.140651e-006,-0.875667
3.140901e-006,-0.875667
3.141151e-006,-0.874
3.141401e-006,-0.874
3.141651e-006,-0.875667
3.141901e-006,-0.875667
3.142151e-006,-0.874
3.142401e-006,-0.874
3.142651e-006,-0.875667
3.142901e-006,-0.875667
3.143151e-006,-0.874
3.143401e-006,-0.874
3.143651e-006,-0.875667
3.143901e-006,-0.875667
3.144151e-006,-0.874
3.144401e-006,-0.874
3.144651e-006,-0.875667
3.144901e-006,-0.875667
3.145151e-006,-0.874
3.145401e-006,-0.874
3.145651e-006,-0.875667
3.145901e-006,-0.875667
3.146151e-006,-0.875667
3.146401e-006,-0.874
3.146651e-006,-0.875667
3.146901e-006,-0.875667
3.147151e-006,-0.875667
3.147401e-006,-0.874
3.147651e-006,-0.875667
3.147901e-006,-0.875667
3.148151e-006,-0.874
3.148401e-006,-0.874
3.148651e-006,-0.874
3.148901e-006,-0.875667
3.149151e-006,-0.874
3.149401e-006,-0.874
3.149651e-006,-0.874
3.149901e-006,-0.875667
3.150151e-006,-0.874
3.150401e-006,-0.874
3.150651e-006,-0.874
3.150901e-006,-0.875667
3.151151e-006,-0.874
3.151401e-006,-0.874
3.151651e-006,-0.874
3.151901e-006,-0.875667
3.152151e-006,-0.874
3.152401e-006,-0.874
3.152651e-006,-0.875667
3.152901e-006,-0.875667
3.153151e-006,-0.874
3.153401e-006,-0.874
3.153651e-006,-0.875667
3.153901e-006,-0.875667
3.154151e-006,-0.874
3.154401e-006,-0.874
3.154651e-006,-0.875667
3.154901e-006,-0.875667
3.155151e-006,-0.874
3.155401e-006,-0.874
3.155651e-006,-0.875667
3.155901e-006,-0.875667
3.156151e-006,-0.874
3.156401e-006,-0.874
3.156651e-006,-0.875667
3.156901e-006,-0.875667
3.157151e-006,-0.874
3.157401e-006,-0.874
3.157651e-006,-0.875667
3.157901e-006,-0.875667
3.158151e-006,-0.874
3.158401e-006,-0.874
3.158651e-006,-0.875667
3.158901e-006,-0.875667
3.159151e-006,-0.874
3.159401e-006,-0.874
3.159651e-006,-0.875667
3.159901e-006,-0.875667
3.160151e-006,-0.874
3.160401e-006,-0.874
3.160651e-006,-0.875667
3.160901e-006,-0.875667
3.161151e-006,-0.874
3.161401e-006,-0.874
3.161651e-006,-0.875667
3.161901e-006,-0.875667
3.162151e-006,-0.874
3.162401e-006,-0.874
3.162651e-006,-0.875667
3.162901e-006,-0.875667
3.163151e-006,-0.874
3.163401e-006,-0.874
3.163651e-006,-0.875667
3.163901e-006,-0.875667
3.164151e-006,-0.874
3.164401e-006,-0.874
3.164651e-006,-0.875667
3.164901e-006,-0.875667
3.165151e-006,-0.874
3.165401e-006,-0.874
3.165651e-006,-0.875667
3.165901e-006,-0.875667
3.166151e-006,-0.874
3.166401e-006,-0.874
3.166651e-006,-0.875667
3.166901e-006,-0.875667
3.167151e-006,-0.874
3.167401e-006,-0.874
3.167651e-006,-0.875667
3.167901e-006,-0.875667
3.168151e-006,-0.874
3.168401e-006,-0.874
3.168651e-006,-0.875667
3.168901e-006,-0.875667
3.169151e-006,-0.874
3.169401e-006,-0.874
3.169651e-006,-0.875667
3.169901e-006,-0.875667
3.170151e-006,-0.874
3.170401e-006,-0.874
3.170651e-006,-0.875667
3.170901e-006,-0.875667
3.171151e-006,-0.874
3.171401e-006,-0.874
3.171651e-006,-0.874
3.171901e-006,-0.875667
3.172151e-006,-0.874
3.172401e-006,-0.874
3.172651e-006,-0.875667
3.172901e-006,-0.875667
3.173151e-006,-0.874
3.173401e-006,-0.874
3.173651e-006,-0.875667
3.173901e-006,-0.875667
3.174151e-006,-0.874
3.174401e-006,-0.874
3.174651e-006,-0.875667
3.174901e-006,-0.875667
3.175151e-006,-0.874
3.175401e-006,-0.874
3.175651e-006,-0.875667
3.175901e-006,-0.875667
3.176151e-006,-0.874
3.176401e-006,-0.874
3.176651e-006,-0.875667
3.176901e-006,-0.875667
3.177151e-006,-0.874
3.177401e-006,-0.874
3.177651e-006,-0.875667
3.177901e-006,-0.875667
3.178151e-006,-0.874
3.178401e-006,-0.874
3.178651e-006,-0.875667
3.178901e-006,-0.875667
3.179151e-006,-0.874
3.179401e-006,-0.874
3.179651e-006,-0.875667
3.179901e-006,-0.875667
3.180151e-006,-0.874
3.180401e-006,-0.874
3.180651e-006,-0.875667
3.180901e-006,-0.875667
3.181151e-006,-0.874
3.181401e-006,-0.874
3.181651e-006,-0.875667
3.181901e-006,-0.875667
3.182151e-006,-0.874
3.182401e-006,-0.874
3.182651e-006,-0.875667
3.182901e-006,-0.875667
3.183151e-006,-0.874
3.183401e-006,-0.874
3.183651e-006,-0.875667
3.183901e-006,-0.875667
3.184151e-006,-0.874
3.184401e-006,-0.874
3.184651e-006,-0.874
3.184901e-006,-0.875667
3.185151e-006,-0.874
3.185401e-006,-0.874
3.185651e-006,-0.875667
3.185901e-006,-0.875667
3.186151e-006,-0.874
3.186401e-006,-0.874
3.186651e-006,-0.875667
3.186901e-006,-0.875667
3.187151e-006,-0.874
3.187401e-006,-0.874
3.187651e-006,-0.875667
3.187901e-006,-0.875667
3.188151e-006,-0.874
3.188401e-006,-0.874
3.188651e-006,-0.875667
3.188901e-006,-0.875667
3.189151e-006,-0.874
3.189401e-006,-0.874
3.189651e-006,-0.875667
3.189901e-006,-0.875667
3.190151e-006,-0.874
3.190401e-006,-0.874
3.190651e-006,-0.875667
3.190901e-006,-0.875667
3.191151e-006,-0.874
3.191401e-006,-0.874
3.191651e-006,-0.875667
3.191901e-006,-0.875667
3.192151e-006,-0.874
3.192401e-006,-0.874
3.192651e-006,-0.875667
3.192901e-006,-0.875667
3.193151e-006,-0.874
3.193401e-006,-0.874
3.193651e-006,-0.875667
3.193901e-006,-0.875667
3.194151e-006,-0.874
3.194401e-006,-0.874
3.194651e-006,-0.875667
3.194901e-006,-0.875667
3.195151e-006,-0.874
3.195401e-006,-0.874
3.195651e-006,-0.875667
3.195901e-006,-0.875667
3.196151e-006,-0.874
3.196401e-006,-0.874
3.196651e-006,-0.875667
3.196901e-006,-0.875667
3.197151e-006,-0.874
3.197401e-006,-0.874
3.197651e-006,-0.875667
3.197901e-006,-0.875667
3.198151e-006,-0.874
3.198401e-006,-0.874
3.198651e-006,-0.875667
3.198901e-006,-0.875667
3.199151e-006,-0.874
3.199401e-006,-0.874
3.199651e-006,-0.875667
3.199901e-006,-0.875667
3.200151e-006,-0.874
3.200401e-006,-0.874
3.200651e-006,-0.874
3.200901e-006,-0.875667
3.201151e-006,-0.874
3.201401e-006,-0.874
3.201651e-006,-0.874
3.201901e-006,-0.875667
3.202151e-006,-0.874
3.202401e-006,-0.874
3.202651e-006,-0.875667
3.202901e-006,-0.875667
3.203151e-006,-0.874
3.203401e-006,-0.874
3.203651e-006,-0.875667
3.203901e-006,-0.875667
3.204151e-006,-0.874
3.204401e-006,-0.874
3.204651e-006,-0.874
3.204901e-006,-0.875667
3.205151e-006,-0.874
3.205401e-006,-0.874
3.205651e-006,-0.874
3.205901e-006,-0.875667
3.206151e-006,-0.874
3.206401e-006,-0.874
3.206651e-006,-0.874
3.206901e-006,-0.875667
3.207151e-006,-0.874
3.207401e-006,-0.874
3.207651e-006,-0.874
3.207901e-006,-0.875667
3.208151e-006,-0.875667
3.208401e-006,-0.874
3.208651e-006,-0.875667
3.208901e-006,-0.875667
3.209151e-006,-0.875667
3.209401e-006,-0.874
3.209651e-006,-0.875667
3.209901e-006,-0.874
3.210151e-006,-0.875667
3.210401e-006,-0.874
3.210651e-006,-0.875667
3.210901e-006,-0.874
3.211151e-006,-0.875667
3.211401e-006,-0.874
3.211651e-006,-0.875667
3.211901e-006,-0.875667
3.212151e-006,-0.874
3.212401e-006,-0.874
3.212651e-006,-0.874
3.212901e-006,-0.875667
3.213151e-006,-0.874
3.213401e-006,-0.874
3.213651e-006,-0.875667
3.213901e-006,-0.875667
3.214151e-006,-0.874
3.214401e-006,-0.874
3.214651e-006,-0.875667
3.214901e-006,-0.875667
3.215151e-006,-0.874
3.215401e-006,-0.874
3.215651e-006,-0.875667
3.215901e-006,-0.875667
3.216151e-006,-0.874
3.216401e-006,-0.874
3.216651e-006,-0.875667
3.216901e-006,-0.875667
3.217151e-006,-0.874
3.217401e-006,-0.874
3.217651e-006,-0.875667
3.217901e-006,-0.875667
3.218151e-006,-0.874
3.218401e-006,-0.874
3.218651e-006,-0.874
3.218901e-006,-0.875667
3.219151e-006,-0.874
3.219401e-006,-0.874
3.219651e-006,-0.874
3.219901e-006,-0.875667
3.220151e-006,-0.874
3.220401e-006,-0.874
3.220651e-006,-0.874
3.220901e-006,-0.875667
3.221151e-006,-0.874
3.221401e-006,-0.874
3.221651e-006,-0.874
3.221901e-006,-0.875667
3.222151e-006,-0.875667
3.222401e-006,-0.874
3.222651e-006,-0.874
3.222901e-006,-0.875667
3.223151e-006,-0.875667
3.223401e-006,-0.874
3.223651e-006,-0.874
3.223901e-006,-0.875667
3.224151e-006,-0.875667
3.224401e-006,-0.874
3.224651e-006,-0.874
3.224901e-006,-0.875667
3.225151e-006,-0.875667
3.225401e-006,-0.874
3.225651e-006,-0.875667
3.225901e-006,-0.875667
3.226151e-006,-0.875667
3.226401e-006,-0.874
3.226651e-006,-0.875667
3.226901e-006,-0.875667
3.227151e-006,-0.875667
3.227401e-006,-0.874
3.227651e-006,-0.875667
3.227901e-006,-0.875667
3.228151e-006,-0.875667
3.228401e-006,-0.874
3.228651e-006,-0.875667
3.228901e-006,-0.875667
3.229151e-006,-0.875667
3.229401e-006,-0.874
3.229651e-006,-0.875667
3.229901e-006,-0.875667
3.230151e-006,-0.874
3.230401e-006,-0.874
3.230651e-006,-0.875667
3.230901e-006,-0.875667
3.231151e-006,-0.874
3.231401e-006,-0.874
3.231651e-006,-0.875667
3.231901e-006,-0.875667
3.232151e-006,-0.874
3.232401e-006,-0.874
3.232651e-006,-0.875667
3.232901e-006,-0.875667
3.233151e-006,-0.874
3.233401e-006,-0.874
3.233651e-006,-0.875667
3.233901e-006,-0.875667
3.234151e-006,-0.875667
3.234401e-006,-0.874
3.234651e-006,-0.875667
3.234901e-006,-0.875667
3.235151e-006,-0.875667
3.235401e-006,-0.874
3.235651e-006,-0.875667
3.235901e-006,-0.875667
3.236151e-006,-0.875667
3.236401e-006,-0.874
3.236651e-006,-0.875667
3.236901e-006,-0.875667
3.237151e-006,-0.874
3.237401e-006,-0.874
3.237651e-006,-0.875667
3.237901e-006,-0.875667
3.238151e-006,-0.874
3.238401e-006,-0.874
3.238651e-006,-0.875667
3.238901e-006,-0.875667
3.239151e-006,-0.874
3.239401e-006,-0.874
3.239651e-006,-0.875667
3.239901e-006,-0.875667
3.240151e-006,-0.874
3.240401e-006,-0.874
3.240651e-006,-0.875667
3.240901e-006,-0.875667
3.241151e-006,-0.874
3.241401e-006,-0.874
3.241651e-006,-0.875667
3.241901e-006,-0.875667
3.242151e-006,-0.874
3.242401e-006,-0.874
3.242651e-006,-0.874
3.242901e-006,-0.875667
3.243151e-006,-0.874
3.243401e-006,-0.874
3.243651e-006,-0.875667
3.243901e-006,-0.875667
3.244151e-006,-0.874
3.244401e-006,-0.874
3.244651e-006,-0.875667
3.244901e-006,-0.875667
3.245151e-006,-0.874
3.245401e-006,-0.874
3.245651e-006,-0.875667
3.245901e-006,-0.875667
3.246151e-006,-0.874
3.246401e-006,-0.874
3.246651e-006,-0.875667
3.246901e-006,-0.875667
3.247151e-006,-0.874
3.247401e-006,-0.874
3.247651e-006,-0.875667
3.247901e-006,-0.875667
3.248151e-006,-0.874
3.248401e-006,-0.874
3.248651e-006,-0.875667
3.248901e-006,-0.875667
3.249151e-006,-0.874
3.249401e-006,-0.874
3.249651e-006,-0.874
3.249901e-006,-0.875667
3.250151e-006,-0.874
3.250401e-006,-0.874
3.250651e-006,-0.874
3.250901e-006,-0.875667
3.251151e-006,-0.874
3.251401e-006,-0.874
3.251651e-006,-0.874
3.251901e-006,-0.875667
3.252151e-006,-0.874
3.252401e-006,-0.874
3.252651e-006,-0.874
3.252901e-006,-0.875667
3.253151e-006,-0.874
3.253401e-006,-0.874
3.253651e-006,-0.874
3.253901e-006,-0.875667
3.254151e-006,-0.874
3.254401e-006,-0.874
3.254651e-006,-0.874
3.254901e-006,-0.875667
3.255151e-006,-0.874
3.255401e-006,-0.874
3.255651e-006,-0.874
3.255901e-006,-0.875667
3.256151e-006,-0.874
3.256401e-006,-0.874
3.256651e-006,-0.874
3.256901e-006,-0.875667
3.257151e-006,-0.874
3.257401e-006,-0.874
3.257651e-006,-0.874
3.257901e-006,-0.875667
3.258151e-006,-0.874
3.258401e-006,-0.874
3.258651e-006,-0.874
3.258901e-006,-0.875667
3.259151e-006,-0.874
3.259401e-006,-0.874
3.259651e-006,-0.874
3.259901e-006,-0.875667
3.260151e-006,-0.874
3.260401e-006,-0.874
3.260651e-006,-0.874
3.260901e-006,-0.875667
3.261151e-006,-0.874
3.261401e-006,-0.874
3.261651e-006,-0.874
3.261901e-006,-0.875667
3.262151e-006,-0.874
3.262401e-006,-0.874
3.262651e-006,-0.874
3.262901e-006,-0.875667
3.263151e-006,-0.874
3.263401e-006,-0.874
3.263651e-006,-0.875667
3.263901e-006,-0.875667
3.264151e-006,-0.874
3.264401e-006,-0.874
3.264651e-006,-0.875667
3.264901e-006,-0.875667
3.265151e-006,-0.874
3.265401e-006,-0.874
3.265651e-006,-0.875667
3.265901e-006,-0.875667
3.266151e-006,-0.874
3.266401e-006,-0.874
3.266651e-006,-0.875667
3.266901e-006,-0.875667
3.267151e-006,-0.874
3.267401e-006,-0.874
3.267651e-006,-0.875667
3.267901e-006,-0.875667
3.268151e-006,-0.874
3.268401e-006,-0.874
3.268651e-006,-0.875667
3.268901e-006,-0.875667
3.269151e-006,-0.874
3.269401e-006,-0.874
3.269651e-006,-0.874
3.269901e-006,-0.875667
3.270151e-006,-0.874
3.270401e-006,-0.874
3.270651e-006,-0.874
3.270901e-006,-0.875667
3.271151e-006,-0.874
3.271401e-006,-0.874
3.271651e-006,-0.874
3.271901e-006,-0.875667
3.272151e-006,-0.874
3.272401e-006,-0.874
3.272651e-006,-0.874
3.272901e-006,-0.875667
3.273151e-006,-0.874
3.273401e-006,-0.874
3.273651e-006,-0.874
3.273901e-006,-0.875667
3.274151e-006,-0.874
3.274401e-006,-0.874
3.274651e-006,-0.874
3.274901e-006,-0.875667
3.275151e-006,-0.874
3.275401e-006,-0.874
3.275651e-006,-0.874
3.275901e-006,-0.874
3.276151e-006,-0.874
3.276401e-006,-0.874
3.276651e-006,-0.874
3.276901e-006,-0.874
3.277151e-006,-0.874
3.277401e-006,-0.874
3.277651e-006,-0.874
3.277901e-006,-0.874
3.278151e-006,-0.874
3.278401e-006,-0.874
3.278651e-006,-0.874
3.278901e-006,-0.875667
3.279151e-006,-0.874
3.279401e-006,-0.874
3.279651e-006,-0.874
3.279901e-006,-0.875667
3.280151e-006,-0.874
3.280401e-006,-0.874
3.280651e-006,-0.875667
3.280901e-006,-0.875667
3.281151e-006,-0.874
3.281401e-006,-0.874
3.281651e-006,-0.875667
3.281901e-006,-0.875667
3.282151e-006,-0.874
3.282401e-006,-0.874
3.282651e-006,-0.875667
3.282901e-006,-0.875667
3.283151e-006,-0.874
3.283401e-006,-0.874
3.283651e-006,-0.875667
3.283901e-006,-0.875667
3.284151e-006,-0.874
3.284401e-006,-0.874
3.284651e-006,-0.875667
3.284901e-006,-0.875667
3.285151e-006,-0.874
3.285401e-006,-0.874
3.285651e-006,-0.875667
3.285901e-006,-0.875667
3.286151e-006,-0.874
3.286401e-006,-0.874
3.286651e-006,-0.875667
3.286901e-006,-0.875667
3.287151e-006,-0.874
3.287401e-006,-0.874
3.287651e-006,-0.875667
3.287901e-006,-0.875667
3.288151e-006,-0.874
3.288401e-006,-0.874
3.288651e-006,-0.875667
3.288901e-006,-0.875667
3.289151e-006,-0.874
3.289401e-006,-0.874
3.289651e-006,-0.875667
3.289901e-006,-0.875667
3.290151e-006,-0.874
3.290401e-006,-0.874
3.290651e-006,-0.875667
3.290901e-006,-0.875667
3.291151e-006,-0.874
3.291401e-006,-0.874
3.291651e-006,-0.875667
3.291901e-006,-0.875667
3.292151e-006,-0.874
3.292401e-006,-0.874
3.292651e-006,-0.875667
3.292901e-006,-0.875667
3.293151e-006,-0.874
3.293401e-006,-0.874
3.293651e-006,-0.875667
3.293901e-006,-0.875667
3.294151e-006,-0.874
3.294401e-006,-0.874
3.294651e-006,-0.875667
3.294901e-006,-0.875667
3.295151e-006,-0.875667
3.295401e-006,-0.874
3.295651e-006,-0.875667
3.295901e-006,-0.875667
3.296151e-006,-0.875667
3.296401e-006,-0.874
3.296651e-006,-0.875667
3.296901e-006,-0.875667
3.297151e-006,-0.874
3.297401e-006,-0.874
3.297651e-006,-0.875667
3.297901e-006,-0.875667
3.298151e-006,-0.874
3.298401e-006,-0.874
3.298651e-006,-0.875667
3.298901e-006,-0.875667
3.299151e-006,-0.875667
3.299401e-006,-0.874
3.299651e-006,-0.875667
3.299901e-006,-0.875667
3.300151e-006,-0.874
3.300401e-006,-0.874
3.300651e-006,-0.875667
3.300901e-006,-0.875667
3.301151e-006,-0.874
3.301401e-006,-0.874
3.301651e-006,-0.875667
3.301901e-006,-0.875667
3.302151e-006,-0.874
3.302401e-006,-0.874
3.302651e-006,-0.875667
3.302901e-006,-0.875667
3.303151e-006,-0.874
3.303401e-006,-0.874
3.303651e-006,-0.875667
3.303901e-006,-0.875667
3.304151e-006,-0.874
3.304401e-006,-0.874
3.304651e-006,-0.875667
3.304901e-006,-0.875667
3.305151e-006,-0.875667
3.305401e-006,-0.874
3.305651e-006,-0.875667
3.305901e-006,-0.875667
3.306151e-006,-0.875667
3.306401e-006,-0.874
3.306651e-006,-0.875667
3.306901e-006,-0.875667
3.307151e-006,-0.875667
3.307401e-006,-0.874
3.307651e-006,-0.875667
3.307901e-006,-0.875667
3.308151e-006,-0.874
3.308401e-006,-0.874
3.308651e-006,-0.875667
3.308901e-006,-0.875667
3.309151e-006,-0.874
3.309401e-006,-0.874
3.309651e-006,-0.875667
3.309901e-006,-0.875667
3.310151e-006,-0.874
3.310401e-006,-0.874
3.310651e-006,-0.875667
3.310901e-006,-0.875667
3.311151e-006,-0.875667
3.311401e-006,-0.874
3.311651e-006,-0.875667
3.311901e-006,-0.875667
3.312151e-006,-0.875667
3.312401e-006,-0.874
3.312651e-006,-0.875667
3.312901e-006,-0.875667
3.313151e-006,-0.875667
3.313401e-006,-0.874
3.313651e-006,-0.875667
3.313901e-006,-0.875667
3.314151e-006,-0.875667
3.314401e-006,-0.874
3.314651e-006,-0.875667
3.314901e-006,-0.875667
3.315151e-006,-0.875667
3.315401e-006,-0.874
3.315651e-006,-0.875667
3.315901e-006,-0.875667
3.316151e-006,-0.875667
3.316401e-006,-0.874
3.316651e-006,-0.875667
3.316901e-006,-0.875667
3.317151e-006,-0.874
3.317401e-006,-0.874
3.317651e-006,-0.875667
3.317901e-006,-0.875667
3.318151e-006,-0.874
3.318401e-006,-0.874
3.318651e-006,-0.874
3.318901e-006,-0.875667
3.319151e-006,-0.874
3.319401e-006,-0.874
3.319651e-006,-0.875667
3.319901e-006,-0.875667
3.320151e-006,-0.874
3.320401e-006,-0.874
3.320651e-006,-0.875667
3.320901e-006,-0.875667
3.321151e-006,-0.874
3.321401e-006,-0.874
3.321651e-006,-0.874
3.321901e-006,-0.875667
3.322151e-006,-0.874
3.322401e-006,-0.874
3.322651e-006,-0.874
3.322901e-006,-0.875667
3.323151e-006,-0.874
3.323401e-006,-0.874
3.323651e-006,-0.874
3.323901e-006,-0.875667
3.324151e-006,-0.874
3.324401e-006,-0.874
3.324651e-006,-0.875667
3.324901e-006,-0.875667
3.325151e-006,-0.874
3.325401e-006,-0.874
3.325651e-006,-0.875667
3.325901e-006,-0.875667
3.326151e-006,-0.874
3.326401e-006,-0.874
3.326651e-006,-0.875667
3.326901e-006,-0.875667
3.327151e-006,-0.874
3.327401e-006,-0.874
3.327651e-006,-0.875667
3.327901e-006,-0.875667
3.328151e-006,-0.874
3.328401e-006,-0.874
3.328651e-006,-0.875667
3.328901e-006,-0.875667
3.329151e-006,-0.874
3.329401e-006,-0.874
3.329651e-006,-0.875667
3.329901e-006,-0.875667
3.330151e-006,-0.874
3.330401e-006,-0.874
3.330651e-006,-0.875667
3.330901e-006,-0.875667
3.331151e-006,-0.874
3.331401e-006,-0.874
3.331651e-006,-0.875667
3.331901e-006,-0.875667
3.332151e-006,-0.874
3.332401e-006,-0.874
3.332651e-006,-0.875667
3.332901e-006,-0.875667
3.333151e-006,-0.874
3.333401e-006,-0.874
3.333651e-006,-0.875667
3.333901e-006,-0.875667
3.334151e-006,-0.874
3.334401e-006,-0.874
3.334651e-006,-0.875667
3.334901e-006,-0.874
3.335151e-006,-0.874
3.335401e-006,-0.874
3.335651e-006,-0.874
3.335901e-006,-0.875667
3.336151e-006,-0.875667
3.336401e-006,-0.874
3.336651e-006,-0.875667
3.336901e-006,-0.875667
3.337151e-006,-0.875667
3.337401e-006,-0.874
3.337651e-006,-0.875667
3.337901e-006,-0.875667
3.338151e-006,-0.875667
3.338401e-006,-0.874
3.338651e-006,-0.875667
3.338901e-006,-0.875667
3.339151e-006,-0.875667
3.339401e-006,-0.874
3.339651e-006,-0.875667
3.339901e-006,-0.875667
3.340151e-006,-0.875667
3.340401e-006,-0.874
3.340651e-006,-0.875667
3.340901e-006,-0.874
3.341151e-006,-0.874
3.341401e-006,-0.874
3.341651e-006,-0.875667
3.341901e-006,-0.874
3.342151e-006,-0.874
3.342401e-006,-0.874
3.342651e-006,-0.875667
3.342901e-006,-0.875667
3.343151e-006,-0.874
3.343401e-006,-0.874
3.343651e-006,-0.875667
3.343901e-006,-0.875667
3.344151e-006,-0.874
3.344401e-006,-0.874
3.344651e-006,-0.875667
3.344901e-006,-0.874
3.345151e-006,-0.874
3.345401e-006,-0.874
3.345651e-006,-0.874
3.345901e-006,-0.874
3.346151e-006,-0.874
3.346401e-006,-0.874
3.346651e-006,-0.874
3.346901e-006,-0.874
3.347151e-006,-0.874
3.347401e-006,-0.874
3.347651e-006,-0.875667
3.347901e-006,-0.875667
3.348151e-006,-0.874
3.348401e-006,-0.874
3.348651e-006,-0.875667
3.348901e-006,-0.875667
3.349151e-006,-0.874
3.349401e-006,-0.874
3.349651e-006,-0.874
3.349901e-006,-0.875667
3.350151e-006,-0.874
3.350401e-006,-0.874
3.350651e-006,-0.874
3.350901e-006,-0.875667
3.351151e-006,-0.874
3.351401e-006,-0.874
3.351651e-006,-0.874
3.351901e-006,-0.875667
3.352151e-006,-0.874
3.352401e-006,-0.874
3.352651e-006,-0.875667
3.352901e-006,-0.875667
3.353151e-006,-0.874
3.353401e-006,-0.874
3.353651e-006,-0.875667
3.353901e-006,-0.875667
3.354151e-006,-0.874
3.354401e-006,-0.874
3.354651e-006,-0.875667
3.354901e-006,-0.875667
3.355151e-006,-0.874
3.355401e-006,-0.874
3.355651e-006,-0.875667
3.355901e-006,-0.875667
3.356151e-006,-0.874
3.356401e-006,-0.874
3.356651e-006,-0.875667
3.356901e-006,-0.875667
3.357151e-006,-0.874
3.357401e-006,-0.874
3.357651e-006,-0.875667
3.357901e-006,-0.875667
3.358151e-006,-0.874
3.358401e-006,-0.874
3.358651e-006,-0.875667
3.358901e-006,-0.875667
3.359151e-006,-0.874
3.359401e-006,-0.874
3.359651e-006,-0.875667
3.359901e-006,-0.875667
3.360151e-006,-0.875667
3.360401e-006,-0.874
3.360651e-006,-0.875667
3.360901e-006,-0.875667
3.361151e-006,-0.875667
3.361401e-006,-0.874
3.361651e-006,-0.875667
3.361901e-006,-0.875667
3.362151e-006,-0.874
3.362401e-006,-0.874
3.362651e-006,-0.875667
3.362901e-006,-0.875667
3.363151e-006,-0.875667
3.363401e-006,-0.874
3.363651e-006,-0.875667
3.363901e-006,-0.875667
3.364151e-006,-0.875667
3.364401e-006,-0.874
3.364651e-006,-0.875667
3.364901e-006,-0.875667
3.365151e-006,-0.874
3.365401e-006,-0.874
3.365651e-006,-0.875667
3.365901e-006,-0.874
3.366151e-006,-0.874
3.366401e-006,-0.874
3.366651e-006,-0.875667
3.366901e-006,-0.874
3.367151e-006,-0.874
3.367401e-006,-0.874
3.367651e-006,-0.875667
3.367901e-006,-0.875667
3.368151e-006,-0.874
3.368401e-006,-0.874
3.368651e-006,-0.875667
3.368901e-006,-0.875667
3.369151e-006,-0.874
3.369401e-006,-0.874
3.369651e-006,-0.875667
3.369901e-006,-0.875667
3.370151e-006,-0.874
3.370401e-006,-0.874
3.370651e-006,-0.875667
3.370901e-006,-0.875667
3.371151e-006,-0.875667
3.371401e-006,-0.874
3.371651e-006,-0.875667
3.371901e-006,-0.875667
3.372151e-006,-0.874
3.372401e-006,-0.874
3.372651e-006,-0.875667
3.372901e-006,-0.875667
3.373151e-006,-0.874
3.373401e-006,-0.874
3.373651e-006,-0.875667
3.373901e-006,-0.875667
3.374151e-006,-0.874
3.374401e-006,-0.874
3.374651e-006,-0.874
3.374901e-006,-0.875667
3.375151e-006,-0.874
3.375401e-006,-0.874
3.375651e-006,-0.874
3.375901e-006,-0.875667
3.376151e-006,-0.874
3.376401e-006,-0.874
3.376651e-006,-0.874
3.376901e-006,-0.875667
3.377151e-006,-0.874
3.377401e-006,-0.874
3.377651e-006,-0.875667
3.377901e-006,-0.875667
3.378151e-006,-0.874
3.378401e-006,-0.874
3.378651e-006,-0.875667
3.378901e-006,-0.875667
3.379151e-006,-0.874
3.379401e-006,-0.874
3.379651e-006,-0.875667
3.379901e-006,-0.875667
3.380151e-006,-0.875667
3.380401e-006,-0.874
3.380651e-006,-0.875667
3.380901e-006,-0.875667
3.381151e-006,-0.874
3.381401e-006,-0.874
3.381651e-006,-0.875667
3.381901e-006,-0.875667
3.382151e-006,-0.874
3.382401e-006,-0.874
3.382651e-006,-0.875667
3.382901e-006,-0.875667
3.383151e-006,-0.874
3.383401e-006,-0.874
3.383651e-006,-0.875667
3.383901e-006,-0.875667
3.384151e-006,-0.874
3.384401e-006,-0.874
3.384651e-006,-0.875667
3.384901e-006,-0.874
3.385151e-006,-0.874
3.385401e-006,-0.874
3.385651e-006,-0.875667
3.385901e-006,-0.875667
3.386151e-006,-0.874
3.386401e-006,-0.874
3.386651e-006,-0.875667
3.386901e-006,-0.875667
3.387151e-006,-0.874
3.387401e-006,-0.874
3.387651e-006,-0.875667
3.387901e-006,-0.875667
3.388151e-006,-0.874
3.388401e-006,-0.874
3.388651e-006,-0.875667
3.388901e-006,-0.875667
3.389151e-006,-0.874
3.389401e-006,-0.874
3.389651e-006,-0.875667
3.389901e-006,-0.875667
3.390151e-006,-0.874
3.390401e-006,-0.874
3.390651e-006,-0.875667
3.390901e-006,-0.875667
3.391151e-006,-0.874
3.391401e-006,-0.874
3.391651e-006,-0.875667
3.391901e-006,-0.875667
3.392151e-006,-0.875667
3.392401e-006,-0.874
3.392651e-006,-0.875667
3.392901e-006,-0.875667
3.393151e-006,-0.875667
3.393401e-006,-0.874
3.393651e-006,-0.875667
3.393901e-006,-0.875667
3.394151e-006,-0.875667
3.394401e-006,-0.874
3.394651e-006,-0.875667
3.394901e-006,-0.875667
3.395151e-006,-0.875667
3.395401e-006,-0.874
3.395651e-006,-0.875667
3.395901e-006,-0.875667
3.396151e-006,-0.875667
3.396401e-006,-0.874
3.396651e-006,-0.875667
3.396901e-006,-0.875667
3.397151e-006,-0.875667
3.397401e-006,-0.874
3.397651e-006,-0.875667
3.397901e-006,-0.875667
3.398151e-006,-0.875667
3.398401e-006,-0.874
3.398651e-006,-0.875667
3.398901e-006,-0.875667
3.399151e-006,-0.875667
3.399401e-006,-0.874
3.399651e-006,-0.875667
3.399901e-006,-0.875667
3.400151e-006,-0.875667
3.400401e-006,-0.874
3.400651e-006,-0.875667
3.400901e-006,-0.875667
3.401151e-006,-0.875667
3.401401e-006,-0.874
3.401651e-006,-0.875667
3.401901e-006,-0.875667
3.402151e-006,-0.875667
3.402401e-006,-0.874
3.402651e-006,-0.875667
3.402901e-006,-0.875667
3.403151e-006,-0.875667
3.403401e-006,-0.874
3.403651e-006,-0.875667
3.403901e-006,-0.875667
3.404151e-006,-0.874
3.404401e-006,-0.874
3.404651e-006,-0.875667
3.404901e-006,-0.875667
3.405151e-006,-0.874
3.405401e-006,-0.874
3.405651e-006,-0.875667
3.405901e-006,-0.875667
3.406151e-006,-0.874
3.406401e-006,-0.874
3.406651e-006,-0.875667
3.406901e-006,-0.875667
3.407151e-006,-0.874
3.407401e-006,-0.874
3.407651e-006,-0.875667
3.407901e-006,-0.875667
3.408151e-006,-0.874
3.408401e-006,-0.874
3.408651e-006,-0.875667
3.408901e-006,-0.875667
3.409151e-006,-0.874
3.409401e-006,-0.874
3.409651e-006,-0.875667
3.409901e-006,-0.875667
3.410151e-006,-0.874
3.410401e-006,-0.874
3.410651e-006,-0.875667
3.410901e-006,-0.875667
3.411151e-006,-0.874
3.411401e-006,-0.874
3.411651e-006,-0.875667
3.411901e-006,-0.875667
3.412151e-006,-0.874
3.412401e-006,-0.874
3.412651e-006,-0.875667
3.412901e-006,-0.875667
3.413151e-006,-0.874
3.413401e-006,-0.874
3.413651e-006,-0.875667
3.413901e-006,-0.875667
3.414151e-006,-0.874
3.414401e-006,-0.874
3.414651e-006,-0.875667
3.414901e-006,-0.875667
3.415151e-006,-0.874
3.415401e-006,-0.874
3.415651e-006,-0.875667
3.415901e-006,-0.875667
3.416151e-006,-0.874
3.416401e-006,-0.874
3.416651e-006,-0.875667
3.416901e-006,-0.875667
3.417151e-006,-0.874
3.417401e-006,-0.874
3.417651e-006,-0.875667
3.417901e-006,-0.875667
3.418151e-006,-0.874
3.418401e-006,-0.874
3.418651e-006,-0.875667
3.418901e-006,-0.875667
3.419151e-006,-0.874
3.419401e-006,-0.874
3.419651e-006,-0.875667
3.419901e-006,-0.875667
3.420151e-006,-0.874
3.420401e-006,-0.874
3.420651e-006,-0.875667
3.420901e-006,-0.875667
3.421151e-006,-0.874
3.421401e-006,-0.874
3.421651e-006,-0.875667
3.421901e-006,-0.875667
3.422151e-006,-0.874
3.422401e-006,-0.874
3.422651e-006,-0.875667
3.422901e-006,-0.875667
3.423151e-006,-0.874
3.423401e-006,-0.874
3.423651e-006,-0.875667
3.423901e-006,-0.875667
3.424151e-006,-0.874
3.424401e-006,-0.874
3.424651e-006,-0.875667
3.424901e-006,-0.875667
3.425151e-006,-0.874
3.425401e-006,-0.874
3.425651e-006,-0.874
3.425901e-006,-0.874
3.426151e-006,-0.874
3.426401e-006,-0.874
3.426651e-006,-0.874
3.426901e-006,-0.875667
3.427151e-006,-0.874
3.427401e-006,-0.874
3.427651e-006,-0.874
3.427901e-006,-0.875667
3.428151e-006,-0.874
3.428401e-006,-0.874
3.428651e-006,-0.874
3.428901e-006,-0.875667
3.429151e-006,-0.874
3.429401e-006,-0.874
3.429651e-006,-0.875667
3.429901e-006,-0.875667
3.430151e-006,-0.874
3.430401e-006,-0.874
3.430651e-006,-0.875667
3.430901e-006,-0.875667
3.431151e-006,-0.874
3.431401e-006,-0.874
3.431651e-006,-0.875667
3.431901e-006,-0.875667
3.432151e-006,-0.874
3.432401e-006,-0.874
3.432651e-006,-0.875667
3.432901e-006,-0.875667
3.433151e-006,-0.874
3.433401e-006,-0.874
3.433651e-006,-0.875667
3.433901e-006,-0.875667
3.434151e-006,-0.874
3.434401e-006,-0.874
3.434651e-006,-0.875667
3.434901e-006,-0.875667
3.435151e-006,-0.874
3.435401e-006,-0.874
3.435651e-006,-0.875667
3.435901e-006,-0.875667
3.436151e-006,-0.874
3.436401e-006,-0.874
3.436651e-006,-0.875667
3.436901e-006,-0.875667
3.437151e-006,-0.874
3.437401e-006,-0.874
3.437651e-006,-0.875667
3.437901e-006,-0.875667
3.438151e-006,-0.874
3.438401e-006,-0.874
3.438651e-006,-0.875667
3.438901e-006,-0.875667
3.439151e-006,-0.874
3.439401e-006,-0.874
3.439651e-006,-0.875667
3.439901e-006,-0.875667
3.440151e-006,-0.874
3.440401e-006,-0.874
3.440651e-006,-0.875667
3.440901e-006,-0.875667
3.441151e-006,-0.874
3.441401e-006,-0.874
3.441651e-006,-0.875667
3.441901e-006,-0.875667
3.442151e-006,-0.874
3.442401e-006,-0.874
3.442651e-006,-0.875667
3.442901e-006,-0.875667
3.443151e-006,-0.874
3.443401e-006,-0.874
3.443651e-006,-0.875667
3.443901e-006,-0.875667
3.444151e-006,-0.874
3.444401e-006,-0.874
3.444651e-006,-0.875667
3.444901e-006,-0.874
3.445151e-006,-0.874
3.445401e-006,-0.874
3.445651e-006,-0.875667
3.445901e-006,-0.874
3.446151e-006,-0.874
3.446401e-006,-0.874
3.446651e-006,-0.875667
3.446901e-006,-0.874
3.447151e-006,-0.874
3.447401e-006,-0.874
3.447651e-006,-0.875667
3.447901e-006,-0.874
3.448151e-006,-0.874
3.448401e-006,-0.874
3.448651e-006,-0.875667
3.448901e-006,-0.874
3.449151e-006,-0.874
3.449401e-006,-0.874
3.449651e-006,-0.875667
3.449901e-006,-0.875667
3.450151e-006,-0.874
3.450401e-006,-0.874
3.450651e-006,-0.875667
3.450901e-006,-0.875667
3.451151e-006,-0.874
3.451401e-006,-0.874
3.451651e-006,-0.874
3.451901e-006,-0.875667
3.452151e-006,-0.874
3.452401e-006,-0.874
3.452651e-006,-0.874
3.452901e-006,-0.875667
3.453151e-006,-0.874
3.453401e-006,-0.874
3.453651e-006,-0.875667
3.453901e-006,-0.875667
3.454151e-006,-0.874
3.454401e-006,-0.874
3.454651e-006,-0.875667
3.454901e-006,-0.875667
3.455151e-006,-0.874
3.455401e-006,-0.874
3.455651e-006,-0.875667
3.455901e-006,-0.875667
3.456151e-006,-0.874
3.456401e-006,-0.874
3.456651e-006,-0.875667
3.456901e-006,-0.875667
3.457151e-006,-0.874
3.457401e-006,-0.874
3.457651e-006,-0.875667
3.457901e-006,-0.875667
3.458151e-006,-0.874
3.458401e-006,-0.874
3.458651e-006,-0.875667
3.458901e-006,-0.875667
3.459151e-006,-0.874
3.459401e-006,-0.874
3.459651e-006,-0.875667
3.459901e-006,-0.875667
3.460151e-006,-0.874
3.460401e-006,-0.874
3.460651e-006,-0.875667
3.460901e-006,-0.875667
3.461151e-006,-0.874
3.461401e-006,-0.874
3.461651e-006,-0.875667
3.461901e-006,-0.875667
3.462151e-006,-0.874
3.462401e-006,-0.874
3.462651e-006,-0.875667
3.462901e-006,-0.875667
3.463151e-006,-0.874
3.463401e-006,-0.874
3.463651e-006,-0.875667
3.463901e-006,-0.875667
3.464151e-006,-0.874
3.464401e-006,-0.874
3.464651e-006,-0.875667
3.464901e-006,-0.875667
3.465151e-006,-0.874
3.465401e-006,-0.874
3.465651e-006,-0.875667
3.465901e-006,-0.875667
3.466151e-006,-0.874
3.466401e-006,-0.874
3.466651e-006,-0.875667
3.466901e-006,-0.875667
3.467151e-006,-0.874
3.467401e-006,-0.874
3.467651e-006,-0.875667
3.467901e-006,-0.875667
3.468151e-006,-0.874
3.468401e-006,-0.874
3.468651e-006,-0.875667
3.468901e-006,-0.875667
3.469151e-006,-0.874
3.469401e-006,-0.874
3.469651e-006,-0.875667
3.469901e-006,-0.875667
3.470151e-006,-0.874
3.470401e-006,-0.874
3.470651e-006,-0.875667
3.470901e-006,-0.875667
3.471151e-006,-0.874
3.471401e-006,-0.874
3.471651e-006,-0.875667
3.471901e-006,-0.875667
3.472151e-006,-0.874
3.472401e-006,-0.874
3.472651e-006,-0.875667
3.472901e-006,-0.875667
3.473151e-006,-0.874
3.473401e-006,-0.874
3.473651e-006,-0.875667
3.473901e-006,-0.875667
3.474151e-006,-0.874
3.474401e-006,-0.874
3.474651e-006,-0.875667
3.474901e-006,-0.875667
3.475151e-006,-0.874
3.475401e-006,-0.874
3.475651e-006,-0.875667
3.475901e-006,-0.875667
3.476151e-006,-0.874
3.476401e-006,-0.874
3.476651e-006,-0.875667
3.476901e-006,-0.875667
3.477151e-006,-0.874
3.477401e-006,-0.874
3.477651e-006,-0.875667
3.477901e-006,-0.874
3.478151e-006,-0.874
3.478401e-006,-0.874
3.478651e-006,-0.875667
3.478901e-006,-0.875667
3.479151e-006,-0.874
3.479401e-006,-0.874
3.479651e-006,-0.875667
3.479901e-006,-0.875667
3.480151e-006,-0.874
3.480401e-006,-0.874
3.480651e-006,-0.875667
3.480901e-006,-0.875667
3.481151e-006,-0.874
3.481401e-006,-0.874
3.481651e-006,-0.875667
3.481901e-006,-0.875667
3.482151e-006,-0.874
3.482401e-006,-0.874
3.482651e-006,-0.875667
3.482901e-006,-0.875667
3.483151e-006,-0.874
3.483401e-006,-0.874
3.483651e-006,-0.875667
3.483901e-006,-0.875667
3.484151e-006,-0.874
3.484401e-006,-0.874
3.484651e-006,-0.875667
3.484901e-006,-0.875667
3.485151e-006,-0.874
3.485401e-006,-0.874
3.485651e-006,-0.875667
3.485901e-006,-0.875667
3.486151e-006,-0.874
3.486401e-006,-0.874
3.486651e-006,-0.875667
3.486901e-006,-0.875667
3.487151e-006,-0.874
3.487401e-006,-0.874
3.487651e-006,-0.875667
3.487901e-006,-0.875667
3.488151e-006,-0.874
3.488401e-006,-0.874
3.488651e-006,-0.875667
3.488901e-006,-0.875667
3.489151e-006,-0.874
3.489401e-006,-0.874
3.489651e-006,-0.875667
3.489901e-006,-0.875667
3.490151e-006,-0.874
3.490401e-006,-0.874
3.490651e-006,-0.875667
3.490901e-006,-0.875667
3.491151e-006,-0.874
3.491401e-006,-0.874
3.491651e-006,-0.875667
3.491901e-006,-0.875667
3.492151e-006,-0.874
3.492401e-006,-0.874
3.492651e-006,-0.875667
3.492901e-006,-0.875667
3.493151e-006,-0.874
3.493401e-006,-0.874
3.493651e-006,-0.875667
3.493901e-006,-0.875667
3.494151e-006,-0.874
3.494401e-006,-0.874
3.494651e-006,-0.874
3.494901e-006,-0.875667
3.495151e-006,-0.874
3.495401e-006,-0.874
3.495651e-006,-0.874
3.495901e-006,-0.875667
3.496151e-006,-0.874
3.496401e-006,-0.874
3.496651e-006,-0.875667
3.496901e-006,-0.875667
3.497151e-006,-0.874
3.497401e-006,-0.874
3.497651e-006,-0.875667
3.497901e-006,-0.875667
3.498151e-006,-0.874
3.498401e-006,-0.874
3.498651e-006,-0.875667
3.498901e-006,-0.875667
3.499151e-006,-0.874
3.499401e-006,-0.874
3.499651e-006,-0.875667
3.499901e-006,-0.875667
3.500151e-006,-0.874
3.500401e-006,-0.874
3.500651e-006,-0.875667
3.500901e-006,-0.875667
3.501151e-006,-0.874
3.501401e-006,-0.874
3.501651e-006,-0.875667
3.501901e-006,-0.875667
3.502151e-006,-0.874
3.502401e-006,-0.874
3.502651e-006,-0.875667
3.502901e-006,-0.875667
3.503151e-006,-0.875667
3.503401e-006,-0.874
3.503651e-006,-0.875667
3.503901e-006,-0.875667
3.504151e-006,-0.875667
3.504401e-006,-0.874
3.504651e-006,-0.875667
3.504901e-006,-0.875667
3.505151e-006,-0.875667
3.505401e-006,-0.874
3.505651e-006,-0.875667
3.505901e-006,-0.875667
3.506151e-006,-0.875667
3.506401e-006,-0.874
3.506651e-006,-0.875667
3.506901e-006,-0.875667
3.507151e-006,-0.875667
3.507401e-006,-0.874
3.507651e-006,-0.875667
3.507901e-006,-0.875667
3.508151e-006,-0.875667
3.508401e-006,-0.874
3.508651e-006,-0.875667
3.508901e-006,-0.875667
3.509151e-006,-0.875667
3.509401e-006,-0.874
3.509651e-006,-0.875667
3.509901e-006,-0.875667
3.510151e-006,-0.875667
3.510401e-006,-0.874
3.510651e-006,-0.875667
3.510901e-006,-0.875667
3.511151e-006,-0.875667
3.511401e-006,-0.874
3.511651e-006,-0.875667
3.511901e-006,-0.875667
3.512151e-006,-0.875667
3.512401e-006,-0.874
3.512651e-006,-0.875667
3.512901e-006,-0.875667
3.513151e-006,-0.875667
3.513401e-006,-0.874
3.513651e-006,-0.874
3.513901e-006,-0.875667
3.514151e-006,-0.874
3.514401e-006,-0.874
3.514651e-006,-0.875667
3.514901e-006,-0.875667
3.515151e-006,-0.874
3.515401e-006,-0.874
3.515651e-006,-0.875667
3.515901e-006,-0.875667
3.516151e-006,-0.874
3.516401e-006,-0.874
3.516651e-006,-0.875667
3.516901e-006,-0.875667
3.517151e-006,-0.874
3.517401e-006,-0.874
3.517651e-006,-0.875667
3.517901e-006,-0.875667
3.518151e-006,-0.874
3.518401e-006,-0.874
3.518651e-006,-0.875667
3.518901e-006,-0.875667
3.519151e-006,-0.874
3.519401e-006,-0.874
3.519651e-006,-0.874
3.519901e-006,-0.875667
3.520151e-006,-0.874
3.520401e-006,-0.874
3.520651e-006,-0.874
3.520901e-006,-0.875667
3.521151e-006,-0.874
3.521401e-006,-0.874
3.521651e-006,-0.874
3.521901e-006,-0.875667
3.522151e-006,-0.874
3.522401e-006,-0.874
3.522651e-006,-0.874
3.522901e-006,-0.875667
3.523151e-006,-0.874
3.523401e-006,-0.874
3.523651e-006,-0.875667
3.523901e-006,-0.875667
3.524151e-006,-0.875667
3.524401e-006,-0.874
3.524651e-006,-0.875667
3.524901e-006,-0.875667
3.525151e-006,-0.875667
3.525401e-006,-0.874
3.525651e-006,-0.875667
3.525901e-006,-0.875667
3.526151e-006,-0.875667
3.526401e-006,-0.874
3.526651e-006,-0.875667
3.526901e-006,-0.875667
3.527151e-006,-0.875667
3.527401e-006,-0.874
3.527651e-006,-0.875667
3.527901e-006,-0.875667
3.528151e-006,-0.875667
3.528401e-006,-0.874
3.528651e-006,-0.875667
3.528901e-006,-0.875667
3.529151e-006,-0.874
3.529401e-006,-0.874
3.529651e-006,-0.875667
3.529901e-006,-0.875667
3.530151e-006,-0.874
3.530401e-006,-0.874
3.530651e-006,-0.875667
3.530901e-006,-0.875667
3.531151e-006,-0.874
3.531401e-006,-0.874
3.531651e-006,-0.875667
3.531901e-006,-0.875667
3.532151e-006,-0.874
3.532401e-006,-0.874
3.532651e-006,-0.875667
3.532901e-006,-0.875667
3.533151e-006,-0.874
3.533401e-006,-0.874
3.533651e-006,-0.875667
3.533901e-006,-0.875667
3.534151e-006,-0.874
3.534401e-006,-0.874
3.534651e-006,-0.875667
3.534901e-006,-0.875667
3.535151e-006,-0.874
3.535401e-006,-0.874
3.535651e-006,-0.875667
3.535901e-006,-0.875667
3.536151e-006,-0.874
3.536401e-006,-0.874
3.536651e-006,-0.875667
3.536901e-006,-0.875667
3.537151e-006,-0.874
3.537401e-006,-0.874
3.537651e-006,-0.875667
3.537901e-006,-0.875667
3.538151e-006,-0.874
3.538401e-006,-0.874
3.538651e-006,-0.875667
3.538901e-006,-0.875667
3.539151e-006,-0.874
3.539401e-006,-0.874
3.539651e-006,-0.875667
3.539901e-006,-0.875667
3.540151e-006,-0.874
3.540401e-006,-0.874
3.540651e-006,-0.875667
3.540901e-006,-0.875667
3.541151e-006,-0.875667
3.541401e-006,-0.874
3.541651e-006,-0.875667
3.541901e-006,-0.875667
3.542151e-006,-0.875667
3.542401e-006,-0.874
3.542651e-006,-0.875667
3.542901e-006,-0.875667
3.543151e-006,-0.874
3.543401e-006,-0.874
3.543651e-006,-0.875667
3.543901e-006,-0.875667
3.544151e-006,-0.875667
3.544401e-006,-0.874
3.544651e-006,-0.875667
3.544901e-006,-0.875667
3.545151e-006,-0.875667
3.545401e-006,-0.874
3.545651e-006,-0.875667
3.545901e-006,-0.875667
3.546151e-006,-0.875667
3.546401e-006,-0.874
3.546651e-006,-0.875667
3.546901e-006,-0.875667
3.547151e-006,-0.875667
3.547401e-006,-0.874
3.547651e-006,-0.875667
3.547901e-006,-0.875667
3.548151e-006,-0.874
3.548401e-006,-0.874
3.548651e-006,-0.875667
3.548901e-006,-0.875667
3.549151e-006,-0.874
3.549401e-006,-0.874
3.549651e-006,-0.875667
3.549901e-006,-0.875667
3.550151e-006,-0.874
3.550401e-006,-0.874
3.550651e-006,-0.875667
3.550901e-006,-0.875667
3.551151e-006,-0.874
3.551401e-006,-0.874
3.551651e-006,-0.875667
3.551901e-006,-0.875667
3.552151e-006,-0.874
3.552401e-006,-0.874
3.552651e-006,-0.875667
3.552901e-006,-0.875667
3.553151e-006,-0.874
3.553401e-006,-0.874
3.553651e-006,-0.875667
3.553901e-006,-0.875667
3.554151e-006,-0.875667
3.554401e-006,-0.874
3.554651e-006,-0.875667
3.554901e-006,-0.875667
3.555151e-006,-0.875667
3.555401e-006,-0.874
3.555651e-006,-0.875667
3.555901e-006,-0.875667
3.556151e-006,-0.874
3.556401e-006,-0.874
3.556651e-006,-0.875667
3.556901e-006,-0.875667
3.557151e-006,-0.874
3.557401e-006,-0.874
3.557651e-006,-0.875667
3.557901e-006,-0.875667
3.558151e-006,-0.874
3.558401e-006,-0.874
3.558651e-006,-0.875667
3.558901e-006,-0.875667
3.559151e-006,-0.874
3.559401e-006,-0.874
3.559651e-006,-0.875667
3.559901e-006,-0.875667
3.560151e-006,-0.874
3.560401e-006,-0.874
3.560651e-006,-0.875667
3.560901e-006,-0.875667
3.561151e-006,-0.875667
3.561401e-006,-0.874
3.561651e-006,-0.875667
3.561901e-006,-0.875667
3.562151e-006,-0.875667
3.562401e-006,-0.874
3.562651e-006,-0.875667
3.562901e-006,-0.875667
3.563151e-006,-0.875667
3.563401e-006,-0.874
3.563651e-006,-0.875667
3.563901e-006,-0.875667
3.564151e-006,-0.875667
3.564401e-006,-0.874
3.564651e-006,-0.874
3.564901e-006,-0.875667
3.565151e-006,-0.875667
3.565401e-006,-0.874
3.565651e-006,-0.875667
3.565901e-006,-0.875667
3.566151e-006,-0.875667
3.566401e-006,-0.874
3.566651e-006,-0.875667
3.566901e-006,-0.875667
3.567151e-006,-0.875667
3.567401e-006,-0.874
3.567651e-006,-0.874
3.567901e-006,-0.874
3.568151e-006,-0.875667
3.568401e-006,-0.874
3.568651e-006,-0.874
3.568901e-006,-0.874
3.569151e-006,-0.874
3.569401e-006,-0.874
3.569651e-006,-0.874
3.569901e-006,-0.875667
3.570151e-006,-0.874
3.570401e-006,-0.874
3.570651e-006,-0.874
3.570901e-006,-0.875667
3.571151e-006,-0.874
3.571401e-006,-0.874
3.571651e-006,-0.874
3.571901e-006,-0.875667
3.572151e-006,-0.874
3.572401e-006,-0.874
3.572651e-006,-0.874
3.572901e-006,-0.874
3.573151e-006,-0.874
3.573401e-006,-0.874
3.573651e-006,-0.875667
3.573901e-006,-0.874
3.574151e-006,-0.874
3.574401e-006,-0.874
3.574651e-006,-0.875667
3.574901e-006,-0.875667
3.575151e-006,-0.874
3.575401e-006,-0.874
3.575651e-006,-0.875667
3.575901e-006,-0.875667
3.576151e-006,-0.874
3.576401e-006,-0.874
3.576651e-006,-0.875667
3.576901e-006,-0.875667
3.577151e-006,-0.874
3.577401e-006,-0.874
3.577651e-006,-0.875667
3.577901e-006,-0.875667
3.578151e-006,-0.874
3.578401e-006,-0.874
3.578651e-006,-0.875667
3.578901e-006,-0.875667
3.579151e-006,-0.874
3.579401e-006,-0.874
3.579651e-006,-0.875667
3.579901e-006,-0.875667
3.580151e-006,-0.874
3.580401e-006,-0.874
3.580651e-006,-0.875667
3.580901e-006,-0.875667
3.581151e-006,-0.874
3.581401e-006,-0.874
3.581651e-006,-0.875667
3.581901e-006,-0.875667
3.582151e-006,-0.874
3.582401e-006,-0.874
3.582651e-006,-0.875667
3.582901e-006,-0.875667
3.583151e-006,-0.874
3.583401e-006,-0.874
3.583651e-006,-0.875667
3.583901e-006,-0.875667
3.584151e-006,-0.875667
3.584401e-006,-0.874
3.584651e-006,-0.875667
3.584901e-006,-0.875667
3.585151e-006,-0.875667
3.585401e-006,-0.874
3.585651e-006,-0.875667
3.585901e-006,-0.875667
3.586151e-006,-0.875667
3.586401e-006,-0.874
3.586651e-006,-0.875667
3.586901e-006,-0.875667
3.587151e-006,-0.875667
3.587401e-006,-0.874
3.587651e-006,-0.875667
3.587901e-006,-0.875667
3.588151e-006,-0.874
3.588401e-006,-0.874
3.588651e-006,-0.874
3.588901e-006,-0.875667
3.589151e-006,-0.874
3.589401e-006,-0.874
3.589651e-006,-0.874
3.589901e-006,-0.875667
3.590151e-006,-0.874
3.590401e-006,-0.874
3.590651e-006,-0.875667
3.590901e-006,-0.875667
3.591151e-006,-0.874
3.591401e-006,-0.874
3.591651e-006,-0.875667
3.591901e-006,-0.875667
3.592151e-006,-0.874
3.592401e-006,-0.874
3.592651e-006,-0.875667
3.592901e-006,-0.875667
3.593151e-006,-0.874
3.593401e-006,-0.874
3.593651e-006,-0.875667
3.593901e-006,-0.875667
3.594151e-006,-0.874
3.594401e-006,-0.874
3.594651e-006,-0.875667
3.594901e-006,-0.875667
3.595151e-006,-0.874
3.595401e-006,-0.874
3.595651e-006,-0.875667
3.595901e-006,-0.875667
3.596151e-006,-0.874
3.596401e-006,-0.874
3.596651e-006,-0.875667
3.596901e-006,-0.875667
3.597151e-006,-0.874
3.597401e-006,-0.874
3.597651e-006,-0.875667
3.597901e-006,-0.875667
3.598151e-006,-0.874
3.598401e-006,-0.874
3.598651e-006,-0.875667
3.598901e-006,-0.875667
3.599151e-006,-0.875667
3.599401e-006,-0.874
3.599651e-006,-0.875667
3.599901e-006,-0.875667
3.600151e-006,-0.875667
3.600401e-006,-0.874
3.600651e-006,-0.875667
3.600901e-006,-0.875667
3.601151e-006,-0.875667
3.601401e-006,-0.874
3.601651e-006,-0.875667
3.601901e-006,-0.875667
3.602151e-006,-0.874
3.602401e-006,-0.874
3.602651e-006,-0.875667
3.602901e-006,-0.875667
3.603151e-006,-0.874
3.603401e-006,-0.874
3.603651e-006,-0.875667
3.603901e-006,-0.875667
3.604151e-006,-0.874
3.604401e-006,-0.874
3.604651e-006,-0.875667
3.604901e-006,-0.875667
3.605151e-006,-0.874
3.605401e-006,-0.874
3.605651e-006,-0.875667
3.605901e-006,-0.875667
3.606151e-006,-0.874
3.606401e-006,-0.874
3.606651e-006,-0.875667
3.606901e-006,-0.875667
3.607151e-006,-0.875667
3.607401e-006,-0.874
3.607651e-006,-0.875667
3.607901e-006,-0.875667
3.608151e-006,-0.875667
3.608401e-006,-0.874
3.608651e-006,-0.875667
3.608901e-006,-0.875667
3.609151e-006,-0.875667
3.609401e-006,-0.874
3.609651e-006,-0.875667
3.609901e-006,-0.875667
3.610151e-006,-0.874
3.610401e-006,-0.874
3.610651e-006,-0.875667
3.610901e-006,-0.875667
3.611151e-006,-0.874
3.611401e-006,-0.874
3.611651e-006,-0.875667
3.611901e-006,-0.875667
3.612151e-006,-0.874
3.612401e-006,-0.874
3.612651e-006,-0.875667
3.612901e-006,-0.875667
3.613151e-006,-0.874
3.613401e-006,-0.874
3.613651e-006,-0.875667
3.613901e-006,-0.875667
3.614151e-006,-0.874
3.614401e-006,-0.874
3.614651e-006,-0.875667
3.614901e-006,-0.875667
3.615151e-006,-0.874
3.615401e-006,-0.874
3.615651e-006,-0.875667
3.615901e-006,-0.875667
3.616151e-006,-0.874
3.616401e-006,-0.874
3.616651e-006,-0.875667
3.616901e-006,-0.875667
3.617151e-006,-0.874
3.617401e-006,-0.874
3.617651e-006,-0.875667
3.617901e-006,-0.875667
3.618151e-006,-0.874
3.618401e-006,-0.874
3.618651e-006,-0.875667
3.618901e-006,-0.875667
3.619151e-006,-0.874
3.619401e-006,-0.874
3.619651e-006,-0.875667
3.619901e-006,-0.875667
3.620151e-006,-0.874
3.620401e-006,-0.874
3.620651e-006,-0.875667
3.620901e-006,-0.875667
3.621151e-006,-0.874
3.621401e-006,-0.874
3.621651e-006,-0.875667
3.621901e-006,-0.875667
3.622151e-006,-0.874
3.622401e-006,-0.874
3.622651e-006,-0.875667
3.622901e-006,-0.875667
3.623151e-006,-0.874
3.623401e-006,-0.874
3.623651e-006,-0.875667
3.623901e-006,-0.875667
3.624151e-006,-0.874
3.624401e-006,-0.874
3.624651e-006,-0.875667
3.624901e-006,-0.875667
3.625151e-006,-0.874
3.625401e-006,-0.874
3.625651e-006,-0.875667
3.625901e-006,-0.875667
3.626151e-006,-0.874
3.626401e-006,-0.874
3.626651e-006,-0.875667
3.626901e-006,-0.875667
3.627151e-006,-0.874
3.627401e-006,-0.874
3.627651e-006,-0.875667
3.627901e-006,-0.875667
3.628151e-006,-0.874
3.628401e-006,-0.874
3.628651e-006,-0.875667
3.628901e-006,-0.875667
3.629151e-006,-0.874
3.629401e-006,-0.874
3.629651e-006,-0.875667
3.629901e-006,-0.875667
3.630151e-006,-0.874
3.630401e-006,-0.874
3.630651e-006,-0.875667
3.630901e-006,-0.875667
3.631151e-006,-0.874
3.631401e-006,-0.874
3.631651e-006,-0.875667
3.631901e-006,-0.875667
3.632151e-006,-0.874
3.632401e-006,-0.874
3.632651e-006,-0.875667
3.632901e-006,-0.875667
3.633151e-006,-0.874
3.633401e-006,-0.874
3.633651e-006,-0.874
3.633901e-006,-0.875667
3.634151e-006,-0.874
3.634401e-006,-0.874
3.634651e-006,-0.874
3.634901e-006,-0.874
3.635151e-006,-0.874
3.635401e-006,-0.874
3.635651e-006,-0.874
3.635901e-006,-0.874
3.636151e-006,-0.874
3.636401e-006,-0.874
3.636651e-006,-0.874
3.636901e-006,-0.875667
3.637151e-006,-0.874
3.637401e-006,-0.874
3.637651e-006,-0.874
3.637901e-006,-0.875667
3.638151e-006,-0.874
3.638401e-006,-0.874
3.638651e-006,-0.874
3.638901e-006,-0.875667
3.639151e-006,-0.874
3.639401e-006,-0.874
3.639651e-006,-0.874
3.639901e-006,-0.875667
3.640151e-006,-0.874
3.640401e-006,-0.874
3.640651e-006,-0.875667
3.640901e-006,-0.875667
3.641151e-006,-0.874
3.641401e-006,-0.874
3.641651e-006,-0.875667
3.641901e-006,-0.875667
3.642151e-006,-0.874
3.642401e-006,-0.874
3.642651e-006,-0.874
3.642901e-006,-0.875667
3.643151e-006,-0.874
3.643401e-006,-0.874
3.643651e-006,-0.874
3.643901e-006,-0.875667
3.644151e-006,-0.874
3.644401e-006,-0.874
3.644651e-006,-0.875667
3.644901e-006,-0.875667
3.645151e-006,-0.874
3.645401e-006,-0.874
3.645651e-006,-0.875667
3.645901e-006,-0.875667
3.646151e-006,-0.874
3.646401e-006,-0.874
3.646651e-006,-0.875667
3.646901e-006,-0.875667
3.647151e-006,-0.874
3.647401e-006,-0.874
3.647651e-006,-0.875667
3.647901e-006,-0.875667
3.648151e-006,-0.874
3.648401e-006,-0.874
3.648651e-006,-0.875667
3.648901e-006,-0.875667
3.649151e-006,-0.874
3.649401e-006,-0.874
3.649651e-006,-0.875667
3.649901e-006,-0.875667
3.650151e-006,-0.874
3.650401e-006,-0.874
3.650651e-006,-0.875667
3.650901e-006,-0.875667
3.651151e-006,-0.874
3.651401e-006,-0.874
3.651651e-006,-0.875667
3.651901e-006,-0.875667
3.652151e-006,-0.874
3.652401e-006,-0.874
3.652651e-006,-0.875667
3.652901e-006,-0.875667
3.653151e-006,-0.875667
3.653401e-006,-0.874
3.653651e-006,-0.875667
3.653901e-006,-0.875667
3.654151e-006,-0.875667
3.654401e-006,-0.874
3.654651e-006,-0.875667
3.654901e-006,-0.875667
3.655151e-006,-0.874
3.655401e-006,-0.874
3.655651e-006,-0.875667
3.655901e-006,-0.875667
3.656151e-006,-0.874
3.656401e-006,-0.874
3.656651e-006,-0.875667
3.656901e-006,-0.875667
3.657151e-006,-0.874
3.657401e-006,-0.874
3.657651e-006,-0.875667
3.657901e-006,-0.875667
3.658151e-006,-0.874
3.658401e-006,-0.874
3.658651e-006,-0.875667
3.658901e-006,-0.875667
3.659151e-006,-0.874
3.659401e-006,-0.874
3.659651e-006,-0.875667
3.659901e-006,-0.875667
3.660151e-006,-0.874
3.660401e-006,-0.874
3.660651e-006,-0.875667
3.660901e-006,-0.875667
3.661151e-006,-0.874
3.661401e-006,-0.874
3.661651e-006,-0.875667
3.661901e-006,-0.875667
3.662151e-006,-0.874
3.662401e-006,-0.874
3.662651e-006,-0.875667
3.662901e-006,-0.875667
3.663151e-006,-0.874
3.663401e-006,-0.874
3.663651e-006,-0.875667
3.663901e-006,-0.875667
3.664151e-006,-0.874
3.664401e-006,-0.874
3.664651e-006,-0.875667
3.664901e-006,-0.875667
3.665151e-006,-0.874
3.665401e-006,-0.874
3.665651e-006,-0.875667
3.665901e-006,-0.875667
3.666151e-006,-0.874
3.666401e-006,-0.874
3.666651e-006,-0.874
3.666901e-006,-0.875667
3.667151e-006,-0.874
3.667401e-006,-0.874
3.667651e-006,-0.874
3.667901e-006,-0.875667
3.668151e-006,-0.874
3.668401e-006,-0.874
3.668651e-006,-0.874
3.668901e-006,-0.875667
3.669151e-006,-0.874
3.669401e-006,-0.874
3.669651e-006,-0.875667
3.669901e-006,-0.875667
3.670151e-006,-0.874
3.670401e-006,-0.874
3.670651e-006,-0.875667
3.670901e-006,-0.875667
3.671151e-006,-0.874
3.671401e-006,-0.874
3.671651e-006,-0.875667
3.671901e-006,-0.875667
3.672151e-006,-0.874
3.672401e-006,-0.874
3.672651e-006,-0.875667
3.672901e-006,-0.875667
3.673151e-006,-0.874
3.673401e-006,-0.874
3.673651e-006,-0.875667
3.673901e-006,-0.875667
3.674151e-006,-0.874
3.674401e-006,-0.874
3.674651e-006,-0.875667
3.674901e-006,-0.875667
3.675151e-006,-0.874
3.675401e-006,-0.874
3.675651e-006,-0.875667
3.675901e-006,-0.875667
3.676151e-006,-0.874
3.676401e-006,-0.874
3.676651e-006,-0.875667
3.676901e-006,-0.875667
3.677151e-006,-0.874
3.677401e-006,-0.874
3.677651e-006,-0.875667
3.677901e-006,-0.875667
3.678151e-006,-0.874
3.678401e-006,-0.874
3.678651e-006,-0.875667
3.678901e-006,-0.874
3.679151e-006,-0.874
3.679401e-006,-0.874
3.679651e-006,-0.875667
3.679901e-006,-0.874
3.680151e-006,-0.874
3.680401e-006,-0.874
3.680651e-006,-0.874
3.680901e-006,-0.874
3.681151e-006,-0.874
3.681401e-006,-0.874
3.681651e-006,-0.874
3.681901e-006,-0.874
3.682151e-006,-0.874
3.682401e-006,-0.874
3.682651e-006,-0.874
3.682901e-006,-0.875667
3.683151e-006,-0.874
3.683401e-006,-0.874
3.683651e-006,-0.874
3.683901e-006,-0.875667
3.684151e-006,-0.874
3.684401e-006,-0.874
3.684651e-006,-0.875667
3.684901e-006,-0.875667
3.685151e-006,-0.874
3.685401e-006,-0.874
3.685651e-006,-0.875667
3.685901e-006,-0.875667
3.686151e-006,-0.874
3.686401e-006,-0.874
3.686651e-006,-0.875667
3.686901e-006,-0.875667
3.687151e-006,-0.875667
3.687401e-006,-0.874
3.687651e-006,-0.875667
3.687901e-006,-0.875667
3.688151e-006,-0.874
3.688401e-006,-0.874
3.688651e-006,-0.875667
3.688901e-006,-0.875667
3.689151e-006,-0.874
3.689401e-006,-0.874
3.689651e-006,-0.875667
3.689901e-006,-0.875667
3.690151e-006,-0.874
3.690401e-006,-0.874
3.690651e-006,-0.875667
3.690901e-006,-0.875667
3.691151e-006,-0.874
3.691401e-006,-0.874
3.691651e-006,-0.875667
3.691901e-006,-0.875667
3.692151e-006,-0.874
3.692401e-006,-0.874
3.692651e-006,-0.875667
3.692901e-006,-0.875667
3.693151e-006,-0.874
3.693401e-006,-0.874
3.693651e-006,-0.875667
3.693901e-006,-0.875667
3.694151e-006,-0.874
3.694401e-006,-0.874
3.694651e-006,-0.875667
3.694901e-006,-0.875667
3.695151e-006,-0.874
3.695401e-006,-0.874
3.695651e-006,-0.875667
3.695901e-006,-0.875667
3.696151e-006,-0.874
3.696401e-006,-0.874
3.696651e-006,-0.875667
3.696901e-006,-0.874
3.697151e-006,-0.874
3.697401e-006,-0.874
3.697651e-006,-0.875667
3.697901e-006,-0.874
3.698151e-006,-0.874
3.698401e-006,-0.874
3.698651e-006,-0.875667
3.698901e-006,-0.874
3.699151e-006,-0.874
3.699401e-006,-0.874
3.699651e-006,-0.875667
3.699901e-006,-0.875667
3.700151e-006,-0.874
3.700401e-006,-0.874
3.700651e-006,-0.875667
3.700901e-006,-0.875667
3.701151e-006,-0.874
3.701401e-006,-0.874
3.701651e-006,-0.875667
3.701901e-006,-0.875667
3.702151e-006,-0.874
3.702401e-006,-0.874
3.702651e-006,-0.875667
3.702901e-006,-0.875667
3.703151e-006,-0.874
3.703401e-006,-0.874
3.703651e-006,-0.875667
3.703901e-006,-0.875667
3.704151e-006,-0.874
3.704401e-006,-0.874
3.704651e-006,-0.875667
3.704901e-006,-0.875667
3.705151e-006,-0.874
3.705401e-006,-0.874
3.705651e-006,-0.875667
3.705901e-006,-0.875667
3.706151e-006,-0.874
3.706401e-006,-0.874
3.706651e-006,-0.875667
3.706901e-006,-0.875667
3.707151e-006,-0.874
3.707401e-006,-0.874
3.707651e-006,-0.875667
3.707901e-006,-0.875667
3.708151e-006,-0.874
3.708401e-006,-0.874
3.708651e-006,-0.875667
3.708901e-006,-0.875667
3.709151e-006,-0.874
3.709401e-006,-0.874
3.709651e-006,-0.875667
3.709901e-006,-0.875667
3.710151e-006,-0.874
3.710401e-006,-0.874
3.710651e-006,-0.875667
3.710901e-006,-0.875667
3.711151e-006,-0.874
3.711401e-006,-0.874
3.711651e-006,-0.875667
3.711901e-006,-0.875667
3.712151e-006,-0.874
3.712401e-006,-0.874
3.712651e-006,-0.875667
3.712901e-006,-0.875667
3.713151e-006,-0.874
3.713401e-006,-0.874
3.713651e-006,-0.875667
3.713901e-006,-0.875667
3.714151e-006,-0.874
3.714401e-006,-0.874
3.714651e-006,-0.875667
3.714901e-006,-0.875667
3.715151e-006,-0.875667
3.715401e-006,-0.874
3.715651e-006,-0.875667
3.715901e-006,-0.875667
3.716151e-006,-0.875667
3.716401e-006,-0.874
3.716651e-006,-0.875667
3.716901e-006,-0.875667
3.717151e-006,-0.874
3.717401e-006,-0.874
3.717651e-006,-0.875667
3.717901e-006,-0.875667
3.718151e-006,-0.874
3.718401e-006,-0.874
3.718651e-006,-0.875667
3.718901e-006,-0.875667
3.719151e-006,-0.875667
3.719401e-006,-0.874
3.719651e-006,-0.875667
3.719901e-006,-0.875667
3.720151e-006,-0.875667
3.720401e-006,-0.874
3.720651e-006,-0.875667
3.720901e-006,-0.875667
3.721151e-006,-0.874
3.721401e-006,-0.874
3.721651e-006,-0.875667
3.721901e-006,-0.875667
3.722151e-006,-0.874
3.722401e-006,-0.874
3.722651e-006,-0.875667
3.722901e-006,-0.875667
3.723151e-006,-0.874
3.723401e-006,-0.874
3.723651e-006,-0.875667
3.723901e-006,-0.875667
3.724151e-006,-0.874
3.724401e-006,-0.874
3.724651e-006,-0.875667
3.724901e-006,-0.875667
3.725151e-006,-0.874
3.725401e-006,-0.874
3.725651e-006,-0.875667
3.725901e-006,-0.875667
3.726151e-006,-0.874
3.726401e-006,-0.874
3.726651e-006,-0.875667
3.726901e-006,-0.875667
3.727151e-006,-0.874
3.727401e-006,-0.874
3.727651e-006,-0.875667
3.727901e-006,-0.875667
3.728151e-006,-0.874
3.728401e-006,-0.874
3.728651e-006,-0.875667
3.728901e-006,-0.875667
3.729151e-006,-0.874
3.729401e-006,-0.874
3.729651e-006,-0.875667
3.729901e-006,-0.874
3.730151e-006,-0.874
3.730401e-006,-0.874
3.730651e-006,-0.875667
3.730901e-006,-0.874
3.731151e-006,-0.874
3.731401e-006,-0.874
3.731651e-006,-0.875667
3.731901e-006,-0.875667
3.732151e-006,-0.874
3.732401e-006,-0.874
3.732651e-006,-0.875667
3.732901e-006,-0.875667
3.733151e-006,-0.874
3.733401e-006,-0.874
3.733651e-006,-0.875667
3.733901e-006,-0.875667
3.734151e-006,-0.874
3.734401e-006,-0.874
3.734651e-006,-0.875667
3.734901e-006,-0.875667
3.735151e-006,-0.874
3.735401e-006,-0.874
3.735651e-006,-0.875667
3.735901e-006,-0.875667
3.736151e-006,-0.874
3.736401e-006,-0.874
3.736651e-006,-0.875667
3.736901e-006,-0.875667
3.737151e-006,-0.874
3.737401e-006,-0.874
3.737651e-006,-0.875667
3.737901e-006,-0.875667
3.738151e-006,-0.874
3.738401e-006,-0.874
3.738651e-006,-0.875667
3.738901e-006,-0.875667
3.739151e-006,-0.874
3.739401e-006,-0.874
3.739651e-006,-0.875667
3.739901e-006,-0.875667
3.740151e-006,-0.874
3.740401e-006,-0.874
3.740651e-006,-0.875667
3.740901e-006,-0.875667
3.741151e-006,-0.874
3.741401e-006,-0.874
3.741651e-006,-0.875667
3.741901e-006,-0.875667
3.742151e-006,-0.874
3.742401e-006,-0.874
3.742651e-006,-0.875667
3.742901e-006,-0.875667
3.743151e-006,-0.874
3.743401e-006,-0.874
3.743651e-006,-0.875667
3.743901e-006,-0.875667
3.744151e-006,-0.874
3.744401e-006,-0.874
3.744651e-006,-0.875667
3.744901e-006,-0.875667
3.745151e-006,-0.874
3.745401e-006,-0.874
3.745651e-006,-0.875667
3.745901e-006,-0.875667
3.746151e-006,-0.874
3.746401e-006,-0.874
3.746651e-006,-0.875667
3.746901e-006,-0.875667
3.747151e-006,-0.874
3.747401e-006,-0.874
3.747651e-006,-0.875667
3.747901e-006,-0.875667
3.748151e-006,-0.874
3.748401e-006,-0.874
3.748651e-006,-0.875667
3.748901e-006,-0.875667
3.749151e-006,-0.874
3.749401e-006,-0.874
3.749651e-006,-0.875667
3.749901e-006,-0.875667
3.750151e-006,-0.874
3.750401e-006,-0.874
3.750651e-006,-0.875667
3.750901e-006,-0.875667
3.751151e-006,-0.874
3.751401e-006,-0.874
3.751651e-006,-0.875667
3.751901e-006,-0.874
3.752151e-006,-0.874
3.752401e-006,-0.874
3.752651e-006,-0.875667
3.752901e-006,-0.874
3.753151e-006,-0.874
3.753401e-006,-0.874
3.753651e-006,-0.875667
3.753901e-006,-0.875667
3.754151e-006,-0.874
3.754401e-006,-0.874
3.754651e-006,-0.875667
3.754901e-006,-0.875667
3.755151e-006,-0.874
3.755401e-006,-0.874
3.755651e-006,-0.875667
3.755901e-006,-0.875667
3.756151e-006,-0.874
3.756401e-006,-0.874
3.756651e-006,-0.875667
3.756901e-006,-0.875667
3.757151e-006,-0.874
3.757401e-006,-0.874
3.757651e-006,-0.875667
3.757901e-006,-0.875667
3.758151e-006,-0.874
3.758401e-006,-0.874
3.758651e-006,-0.875667
3.758901e-006,-0.875667
3.759151e-006,-0.874
3.759401e-006,-0.874
3.759651e-006,-0.875667
3.759901e-006,-0.875667
3.760151e-006,-0.874
3.760401e-006,-0.874
3.760651e-006,-0.875667
3.760901e-006,-0.875667
3.761151e-006,-0.874
3.761401e-006,-0.874
3.761651e-006,-0.875667
3.761901e-006,-0.875667
3.762151e-006,-0.874
3.762401e-006,-0.874
3.762651e-006,-0.875667
3.762901e-006,-0.875667
3.763151e-006,-0.874
3.763401e-006,-0.874
3.763651e-006,-0.875667
3.763901e-006,-0.875667
3.764151e-006,-0.874
3.764401e-006,-0.874
3.764651e-006,-0.875667
3.764901e-006,-0.875667
3.765151e-006,-0.874
3.765401e-006,-0.874
3.765651e-006,-0.875667
3.765901e-006,-0.875667
3.766151e-006,-0.874
3.766401e-006,-0.874
3.766651e-006,-0.875667
3.766901e-006,-0.875667
3.767151e-006,-0.874
3.767401e-006,-0.874
3.767651e-006,-0.875667
3.767901e-006,-0.875667
3.768151e-006,-0.874
3.768401e-006,-0.874
3.768651e-006,-0.875667
3.768901e-006,-0.875667
3.769151e-006,-0.874
3.769401e-006,-0.874
3.769651e-006,-0.875667
3.769901e-006,-0.875667
3.770151e-006,-0.874
3.770401e-006,-0.874
3.770651e-006,-0.875667
3.770901e-006,-0.875667
3.771151e-006,-0.874
3.771401e-006,-0.874
3.771651e-006,-0.875667
3.771901e-006,-0.875667
3.772151e-006,-0.874
3.772401e-006,-0.874
3.772651e-006,-0.875667
3.772901e-006,-0.875667
3.773151e-006,-0.874
3.773401e-006,-0.874
3.773651e-006,-0.875667
3.773901e-006,-0.874
3.774151e-006,-0.874
3.774401e-006,-0.874
3.774651e-006,-0.875667
3.774901e-006,-0.874
3.775151e-006,-0.874
3.775401e-006,-0.874
3.775651e-006,-0.875667
3.775901e-006,-0.875667
3.776151e-006,-0.874
3.776401e-006,-0.874
3.776651e-006,-0.875667
3.776901e-006,-0.875667
3.777151e-006,-0.874
3.777401e-006,-0.874
3.777651e-006,-0.875667
3.777901e-006,-0.875667
3.778151e-006,-0.874
3.778401e-006,-0.874
3.778651e-006,-0.875667
3.778901e-006,-0.875667
3.779151e-006,-0.874
3.779401e-006,-0.874
3.779651e-006,-0.875667
3.779901e-006,-0.875667
3.780151e-006,-0.874
3.780401e-006,-0.874
3.780651e-006,-0.875667
3.780901e-006,-0.875667
3.781151e-006,-0.874
3.781401e-006,-0.874
3.781651e-006,-0.875667
3.781901e-006,-0.875667
3.782151e-006,-0.874
3.782401e-006,-0.874
3.782651e-006,-0.875667
3.782901e-006,-0.875667
3.783151e-006,-0.874
3.783401e-006,-0.874
3.783651e-006,-0.875667
3.783901e-006,-0.875667
3.784151e-006,-0.874
3.784401e-006,-0.874
3.784651e-006,-0.875667
3.784901e-006,-0.875667
3.785151e-006,-0.874
3.785401e-006,-0.874
3.785651e-006,-0.875667
3.785901e-006,-0.875667
3.786151e-006,-0.874
3.786401e-006,-0.874
3.786651e-006,-0.875667
3.786901e-006,-0.875667
3.787151e-006,-0.874
3.787401e-006,-0.874
3.787651e-006,-0.875667
3.787901e-006,-0.875667
3.788151e-006,-0.874
3.788401e-006,-0.874
3.788651e-006,-0.875667
3.788901e-006,-0.874
3.789151e-006,-0.874
3.789401e-006,-0.874
3.789651e-006,-0.875667
3.789901e-006,-0.874
3.790151e-006,-0.874
3.790401e-006,-0.874
3.790651e-006,-0.875667
3.790901e-006,-0.875667
3.791151e-006,-0.874
3.791401e-006,-0.874
3.791651e-006,-0.875667
3.791901e-006,-0.875667
3.792151e-006,-0.874
3.792401e-006,-0.874
3.792651e-006,-0.875667
3.792901e-006,-0.875667
3.793151e-006,-0.874
3.793401e-006,-0.874
3.793651e-006,-0.875667
3.793901e-006,-0.875667
3.794151e-006,-0.875667
3.794401e-006,-0.874
3.794651e-006,-0.875667
3.794901e-006,-0.875667
3.795151e-006,-0.875667
3.795401e-006,-0.874
3.795651e-006,-0.875667
3.795901e-006,-0.875667
3.796151e-006,-0.875667
3.796401e-006,-0.874
3.796651e-006,-0.874
3.796901e-006,-0.875667
3.797151e-006,-0.875667
3.797401e-006,-0.874
3.797651e-006,-0.874
3.797901e-006,-0.875667
3.798151e-006,-0.875667
3.798401e-006,-0.874
3.798651e-006,-0.874
3.798901e-006,-0.875667
3.799151e-006,-0.875667
3.799401e-006,-0.874
3.799651e-006,-0.875667
3.799901e-006,-0.875667
3.800151e-006,-0.875667
3.800401e-006,-0.874
3.800651e-006,-0.875667
3.800901e-006,-0.875667
3.801151e-006,-0.875667
3.801401e-006,-0.874
3.801651e-006,-0.875667
3.801901e-006,-0.875667
3.802151e-006,-0.875667
3.802401e-006,-0.874
3.802651e-006,-0.875667
3.802901e-006,-0.875667
3.803151e-006,-0.875667
3.803401e-006,-0.874
3.803651e-006,-0.875667
3.803901e-006,-0.875667
3.804151e-006,-0.875667
3.804401e-006,-0.874
3.804651e-006,-0.875667
3.804901e-006,-0.875667
3.805151e-006,-0.875667
3.805401e-006,-0.874
3.805651e-006,-0.875667
3.805901e-006,-0.875667
3.806151e-006,-0.874
3.806401e-006,-0.874
3.806651e-006,-0.875667
3.806901e-006,-0.875667
3.807151e-006,-0.874
3.807401e-006,-0.874
3.807651e-006,-0.875667
3.807901e-006,-0.875667
3.808151e-006,-0.874
3.808401e-006,-0.874
3.808651e-006,-0.875667
3.808901e-006,-0.875667
3.809151e-006,-0.874
3.809401e-006,-0.874
3.809651e-006,-0.875667
3.809901e-006,-0.875667
3.810151e-006,-0.874
3.810401e-006,-0.874
3.810651e-006,-0.875667
3.810901e-006,-0.875667
3.811151e-006,-0.874
3.811401e-006,-0.874
3.811651e-006,-0.875667
3.811901e-006,-0.875667
3.812151e-006,-0.875667
3.812401e-006,-0.874
3.812651e-006,-0.875667
3.812901e-006,-0.875667
3.813151e-006,-0.875667
3.813401e-006,-0.874
3.813651e-006,-0.875667
3.813901e-006,-0.875667
3.814151e-006,-0.875667
3.814401e-006,-0.874
3.814651e-006,-0.875667
3.814901e-006,-0.875667
3.815151e-006,-0.875667
3.815401e-006,-0.874
3.815651e-006,-0.875667
3.815901e-006,-0.875667
3.816151e-006,-0.874
3.816401e-006,-0.874
3.816651e-006,-0.875667
3.816901e-006,-0.875667
3.817151e-006,-0.874
3.817401e-006,-0.874
3.817651e-006,-0.875667
3.817901e-006,-0.875667
3.818151e-006,-0.874
3.818401e-006,-0.874
3.818651e-006,-0.875667
3.818901e-006,-0.875667
3.819151e-006,-0.874
3.819401e-006,-0.874
3.819651e-006,-0.875667
3.819901e-006,-0.875667
3.820151e-006,-0.874
3.820401e-006,-0.874
3.820651e-006,-0.875667
3.820901e-006,-0.875667
3.821151e-006,-0.874
3.821401e-006,-0.874
3.821651e-006,-0.875667
3.821901e-006,-0.875667
3.822151e-006,-0.874
3.822401e-006,-0.874
3.822651e-006,-0.875667
3.822901e-006,-0.875667
3.823151e-006,-0.874
3.823401e-006,-0.874
3.823651e-006,-0.874
3.823901e-006,-0.875667
3.824151e-006,-0.874
3.824401e-006,-0.874
3.824651e-006,-0.874
3.824901e-006,-0.875667
3.825151e-006,-0.874
3.825401e-006,-0.874
3.825651e-006,-0.874
3.825901e-006,-0.875667
3.826151e-006,-0.874
3.826401e-006,-0.874
3.826651e-006,-0.874
3.826901e-006,-0.875667
3.827151e-006,-0.874
3.827401e-006,-0.874
3.827651e-006,-0.874
3.827901e-006,-0.875667
3.828151e-006,-0.874
3.828401e-006,-0.874
3.828651e-006,-0.874
3.828901e-006,-0.875667
3.829151e-006,-0.874
3.829401e-006,-0.874
3.829651e-006,-0.874
3.829901e-006,-0.875667
3.830151e-006,-0.874
3.830401e-006,-0.874
3.830651e-006,-0.874
3.830901e-006,-0.875667
3.831151e-006,-0.874
3.831401e-006,-0.874
3.831651e-006,-0.874
3.831901e-006,-0.875667
3.832151e-006,-0.874
3.832401e-006,-0.874
3.832651e-006,-0.875667
3.832901e-006,-0.875667
3.833151e-006,-0.874
3.833401e-006,-0.874
3.833651e-006,-0.875667
3.833901e-006,-0.875667
3.834151e-006,-0.874
3.834401e-006,-0.874
3.834651e-006,-0.874
3.834901e-006,-0.875667
3.835151e-006,-0.874
3.835401e-006,-0.874
3.835651e-006,-0.874
3.835901e-006,-0.875667
3.836151e-006,-0.874
3.836401e-006,-0.874
3.836651e-006,-0.874
3.836901e-006,-0.874
3.837151e-006,-0.874
3.837401e-006,-0.874
3.837651e-006,-0.875667
3.837901e-006,-0.875667
3.838151e-006,-0.874
3.838401e-006,-0.874
3.838651e-006,-0.875667
3.838901e-006,-0.875667
3.839151e-006,-0.874
3.839401e-006,-0.874
3.839651e-006,-0.875667
3.839901e-006,-0.875667
3.840151e-006,-0.874
3.840401e-006,-0.874
3.840651e-006,-0.875667
3.840901e-006,-0.875667
3.841151e-006,-0.875667
3.841401e-006,-0.874
3.841651e-006,-0.875667
3.841901e-006,-0.875667
3.842151e-006,-0.875667
3.842401e-006,-0.874
3.842651e-006,-0.875667
3.842901e-006,-0.875667
3.843151e-006,-0.874
3.843401e-006,-0.874
3.843651e-006,-0.875667
3.843901e-006,-0.875667
3.844151e-006,-0.874
3.844401e-006,-0.874
3.844651e-006,-0.875667
3.844901e-006,-0.875667
3.845151e-006,-0.874
3.845401e-006,-0.874
3.845651e-006,-0.875667
3.845901e-006,-0.875667
3.846151e-006,-0.874
3.846401e-006,-0.874
3.846651e-006,-0.875667
3.846901e-006,-0.875667
3.847151e-006,-0.874
3.847401e-006,-0.874
3.847651e-006,-0.875667
3.847901e-006,-0.875667
3.848151e-006,-0.874
3.848401e-006,-0.874
3.848651e-006,-0.875667
3.848901e-006,-0.875667
3.849151e-006,-0.874
3.849401e-006,-0.874
3.849651e-006,-0.875667
3.849901e-006,-0.875667
3.850151e-006,-0.874
3.850401e-006,-0.874
3.850651e-006,-0.875667
3.850901e-006,-0.875667
3.851151e-006,-0.874
3.851401e-006,-0.874
3.851651e-006,-0.875667
3.851901e-006,-0.875667
3.852151e-006,-0.874
3.852401e-006,-0.874
3.852651e-006,-0.875667
3.852901e-006,-0.875667
3.853151e-006,-0.874
3.853401e-006,-0.874
3.853651e-006,-0.875667
3.853901e-006,-0.875667
3.854151e-006,-0.874
3.854401e-006,-0.874
3.854651e-006,-0.875667
3.854901e-006,-0.875667
3.855151e-006,-0.874
3.855401e-006,-0.874
3.855651e-006,-0.875667
3.855901e-006,-0.875667
3.856151e-006,-0.874
3.856401e-006,-0.874
3.856651e-006,-0.875667
3.856901e-006,-0.875667
3.857151e-006,-0.874
3.857401e-006,-0.874
3.857651e-006,-0.875667
3.857901e-006,-0.875667
3.858151e-006,-0.874
3.858401e-006,-0.874
3.858651e-006,-0.875667
3.858901e-006,-0.875667
3.859151e-006,-0.874
3.859401e-006,-0.874
3.859651e-006,-0.875667
3.859901e-006,-0.875667
3.860151e-006,-0.874
3.860401e-006,-0.874
3.860651e-006,-0.875667
3.860901e-006,-0.875667
3.861151e-006,-0.874
3.861401e-006,-0.874
3.861651e-006,-0.875667
3.861901e-006,-0.875667
3.862151e-006,-0.874
3.862401e-006,-0.874
3.862651e-006,-0.875667
3.862901e-006,-0.875667
3.863151e-006,-0.874
3.863401e-006,-0.874
3.863651e-006,-0.875667
3.863901e-006,-0.875667
3.864151e-006,-0.874
3.864401e-006,-0.874
3.864651e-006,-0.875667
3.864901e-006,-0.875667
3.865151e-006,-0.874
3.865401e-006,-0.874
3.865651e-006,-0.875667
3.865901e-006,-0.875667
3.866151e-006,-0.874
3.866401e-006,-0.874
3.866651e-006,-0.875667
3.866901e-006,-0.875667
3.867151e-006,-0.874
3.867401e-006,-0.874
3.867651e-006,-0.875667
3.867901e-006,-0.875667
3.868151e-006,-0.874
3.868401e-006,-0.874
3.868651e-006,-0.875667
3.868901e-006,-0.875667
3.869151e-006,-0.874
3.869401e-006,-0.874
3.869651e-006,-0.875667
3.869901e-006,-0.875667
3.870151e-006,-0.874
3.870401e-006,-0.874
3.870651e-006,-0.875667
3.870901e-006,-0.874
3.871151e-006,-0.874
3.871401e-006,-0.874
3.871651e-006,-0.875667
3.871901e-006,-0.874
3.872151e-006,-0.874
3.872401e-006,-0.874
3.872651e-006,-0.875667
3.872901e-006,-0.874
3.873151e-006,-0.874
3.873401e-006,-0.874
3.873651e-006,-0.875667
3.873901e-006,-0.874
3.874151e-006,-0.874
3.874401e-006,-0.874
3.874651e-006,-0.875667
3.874901e-006,-0.874
3.875151e-006,-0.874
3.875401e-006,-0.874
3.875651e-006,-0.875667
3.875901e-006,-0.875667
3.876151e-006,-0.874
3.876401e-006,-0.874
3.876651e-006,-0.875667
3.876901e-006,-0.875667
3.877151e-006,-0.874
3.877401e-006,-0.874
3.877651e-006,-0.874
3.877901e-006,-0.875667
3.878151e-006,-0.874
3.878401e-006,-0.874
3.878651e-006,-0.875667
3.878901e-006,-0.875667
3.879151e-006,-0.874
3.879401e-006,-0.874
3.879651e-006,-0.875667
3.879901e-006,-0.875667
3.880151e-006,-0.874
3.880401e-006,-0.874
3.880651e-006,-0.875667
3.880901e-006,-0.875667
3.881151e-006,-0.874
3.881401e-006,-0.874
3.881651e-006,-0.875667
3.881901e-006,-0.875667
3.882151e-006,-0.874
3.882401e-006,-0.874
3.882651e-006,-0.875667
3.882901e-006,-0.875667
3.883151e-006,-0.874
3.883401e-006,-0.874
3.883651e-006,-0.875667
3.883901e-006,-0.875667
3.884151e-006,-0.874
3.884401e-006,-0.874
3.884651e-006,-0.875667
3.884901e-006,-0.875667
3.885151e-006,-0.874
3.885401e-006,-0.874
3.885651e-006,-0.875667
3.885901e-006,-0.875667
3.886151e-006,-0.874
3.886401e-006,-0.874
3.886651e-006,-0.875667
3.886901e-006,-0.875667
3.887151e-006,-0.874
3.887401e-006,-0.874
3.887651e-006,-0.875667
3.887901e-006,-0.875667
3.888151e-006,-0.874
3.888401e-006,-0.874
3.888651e-006,-0.875667
3.888901e-006,-0.874
3.889151e-006,-0.874
3.889401e-006,-0.874
3.889651e-006,-0.875667
3.889901e-006,-0.875667
3.890151e-006,-0.874
3.890401e-006,-0.874
3.890651e-006,-0.875667
3.890901e-006,-0.875667
3.891151e-006,-0.874
3.891401e-006,-0.874
3.891651e-006,-0.875667
3.891901e-006,-0.875667
3.892151e-006,-0.874
3.892401e-006,-0.874
3.892651e-006,-0.875667
3.892901e-006,-0.875667
3.893151e-006,-0.874
3.893401e-006,-0.874
3.893651e-006,-0.875667
3.893901e-006,-0.875667
3.894151e-006,-0.874
3.894401e-006,-0.874
3.894651e-006,-0.875667
3.894901e-006,-0.875667
3.895151e-006,-0.874
3.895401e-006,-0.874
3.895651e-006,-0.875667
3.895901e-006,-0.875667
3.896151e-006,-0.874
3.896401e-006,-0.874
3.896651e-006,-0.875667
3.896901e-006,-0.875667
3.897151e-006,-0.874
3.897401e-006,-0.874
3.897651e-006,-0.875667
3.897901e-006,-0.875667
3.898151e-006,-0.875667
3.898401e-006,-0.874
3.898651e-006,-0.875667
3.898901e-006,-0.875667
3.899151e-006,-0.875667
3.899401e-006,-0.874
3.899651e-006,-0.875667
3.899901e-006,-0.875667
3.900151e-006,-0.875667
3.900401e-006,-0.874
3.900651e-006,-0.875667
3.900901e-006,-0.875667
3.901151e-006,-0.875667
3.901401e-006,-0.874
3.901651e-006,-0.875667
3.901901e-006,-0.875667
3.902151e-006,-0.875667
3.902401e-006,-0.874
3.902651e-006,-0.875667
3.902901e-006,-0.875667
3.903151e-006,-0.875667
3.903401e-006,-0.874
3.903651e-006,-0.875667
3.903901e-006,-0.875667
3.904151e-006,-0.875667
3.904401e-006,-0.874
3.904651e-006,-0.875667
3.904901e-006,-0.875667
3.905151e-006,-0.875667
3.905401e-006,-0.874
3.905651e-006,-0.875667
3.905901e-006,-0.875667
3.906151e-006,-0.875667
3.906401e-006,-0.874
3.906651e-006,-0.875667
3.906901e-006,-0.875667
3.907151e-006,-0.875667
3.907401e-006,-0.874
3.907651e-006,-0.875667
3.907901e-006,-0.875667
3.908151e-006,-0.875667
3.908401e-006,-0.874
3.908651e-006,-0.875667
3.908901e-006,-0.875667
3.909151e-006,-0.875667
3.909401e-006,-0.874
3.909651e-006,-0.875667
3.909901e-006,-0.875667
3.910151e-006,-0.875667
3.910401e-006,-0.874
3.910651e-006,-0.875667
3.910901e-006,-0.875667
3.911151e-006,-0.875667
3.911401e-006,-0.874
3.911651e-006,-0.875667
3.911901e-006,-0.875667
3.912151e-006,-0.875667
3.912401e-006,-0.874
3.912651e-006,-0.875667
3.912901e-006,-0.875667
3.913151e-006,-0.875667
3.913401e-006,-0.874
3.913651e-006,-0.875667
3.913901e-006,-0.875667
3.914151e-006,-0.875667
3.914401e-006,-0.874
3.914651e-006,-0.875667
3.914901e-006,-0.875667
3.915151e-006,-0.875667
3.915401e-006,-0.874
3.915651e-006,-0.875667
3.915901e-006,-0.875667
3.916151e-006,-0.875667
3.916401e-006,-0.874
3.916651e-006,-0.875667
3.916901e-006,-0.875667
3.917151e-006,-0.875667
3.917401e-006,-0.874
3.917651e-006,-0.875667
3.917901e-006,-0.875667
3.918151e-006,-0.874
3.918401e-006,-0.874
3.918651e-006,-0.875667
3.918901e-006,-0.875667
3.919151e-006,-0.874
3.919401e-006,-0.874
3.919651e-006,-0.875667
3.919901e-006,-0.875667
3.920151e-006,-0.874
3.920401e-006,-0.874
3.920651e-006,-0.875667
3.920901e-006,-0.875667
3.921151e-006,-0.874
3.921401e-006,-0.874
3.921651e-006,-0.875667
3.921901e-006,-0.875667
3.922151e-006,-0.874
3.922401e-006,-0.874
3.922651e-006,-0.875667
3.922901e-006,-0.875667
3.923151e-006,-0.874
3.923401e-006,-0.874
3.923651e-006,-0.875667
3.923901e-006,-0.875667
3.924151e-006,-0.874
3.924401e-006,-0.874
3.924651e-006,-0.875667
3.924901e-006,-0.875667
3.925151e-006,-0.874
3.925401e-006,-0.874
3.925651e-006,-0.875667
3.925901e-006,-0.875667
3.926151e-006,-0.874
3.926401e-006,-0.874
3.926651e-006,-0.875667
3.926901e-006,-0.875667
3.927151e-006,-0.874
3.927401e-006,-0.874
3.927651e-006,-0.875667
3.927901e-006,-0.875667
3.928151e-006,-0.874
3.928401e-006,-0.874
3.928651e-006,-0.875667
3.928901e-006,-0.875667
3.929151e-006,-0.874
3.929401e-006,-0.874
3.929651e-006,-0.875667
3.929901e-006,-0.875667
3.930151e-006,-0.874
3.930401e-006,-0.874
3.930651e-006,-0.875667
3.930901e-006,-0.875667
3.931151e-006,-0.874
3.931401e-006,-0.874
3.931651e-006,-0.875667
3.931901e-006,-0.875667
3.932151e-006,-0.874
3.932401e-006,-0.874
3.932651e-006,-0.875667
3.932901e-006,-0.875667
3.933151e-006,-0.874
3.933401e-006,-0.874
3.933651e-006,-0.875667
3.933901e-006,-0.875667
3.934151e-006,-0.874
3.934401e-006,-0.874
3.934651e-006,-0.875667
3.934901e-006,-0.875667
3.935151e-006,-0.874
3.935401e-006,-0.874
3.935651e-006,-0.875667
3.935901e-006,-0.875667
3.936151e-006,-0.874
3.936401e-006,-0.874
3.936651e-006,-0.875667
3.936901e-006,-0.875667
3.937151e-006,-0.874
3.937401e-006,-0.874
3.937651e-006,-0.875667
3.937901e-006,-0.875667
3.938151e-006,-0.874
3.938401e-006,-0.874
3.938651e-006,-0.875667
3.938901e-006,-0.875667
3.939151e-006,-0.874
3.939401e-006,-0.874
3.939651e-006,-0.874
3.939901e-006,-0.875667
3.940151e-006,-0.874
3.940401e-006,-0.874
3.940651e-006,-0.874
3.940901e-006,-0.875667
3.941151e-006,-0.874
3.941401e-006,-0.874
3.941651e-006,-0.874
3.941901e-006,-0.875667
3.942151e-006,-0.874
3.942401e-006,-0.874
3.942651e-006,-0.875667
3.942901e-006,-0.875667
3.943151e-006,-0.874
3.943401e-006,-0.874
3.943651e-006,-0.875667
3.943901e-006,-0.875667
3.944151e-006,-0.874
3.944401e-006,-0.874
3.944651e-006,-0.875667
3.944901e-006,-0.875667
3.945151e-006,-0.874
3.945401e-006,-0.874
3.945651e-006,-0.875667
3.945901e-006,-0.875667
3.946151e-006,-0.874
3.946401e-006,-0.874
3.946651e-006,-0.875667
3.946901e-006,-0.875667
3.947151e-006,-0.874
3.947401e-006,-0.874
3.947651e-006,-0.875667
3.947901e-006,-0.875667
3.948151e-006,-0.874
3.948401e-006,-0.874
3.948651e-006,-0.875667
3.948901e-006,-0.875667
3.949151e-006,-0.874
3.949401e-006,-0.874
3.949651e-006,-0.875667
3.949901e-006,-0.875667
3.950151e-006,-0.874
3.950401e-006,-0.874
3.950651e-006,-0.875667
3.950901e-006,-0.875667
3.951151e-006,-0.874
3.951401e-006,-0.874
3.951651e-006,-0.875667
3.951901e-006,-0.875667
3.952151e-006,-0.874
3.952401e-006,-0.874
3.952651e-006,-0.875667
3.952901e-006,-0.875667
3.953151e-006,-0.874
3.953401e-006,-0.874
3.953651e-006,-0.875667
3.953901e-006,-0.874
3.954151e-006,-0.874
3.954401e-006,-0.874
3.954651e-006,-0.874
3.954901e-006,-0.874
3.955151e-006,-0.874
3.955401e-006,-0.874
3.955651e-006,-0.874
3.955901e-006,-0.874
3.956151e-006,-0.874
3.956401e-006,-0.874
3.956651e-006,-0.874
3.956901e-006,-0.874
3.957151e-006,-0.874
3.957401e-006,-0.874
3.957651e-006,-0.874
3.957901e-006,-0.874
3.958151e-006,-0.874
3.958401e-006,-0.874
3.958651e-006,-0.874
3.958901e-006,-0.875667
3.959151e-006,-0.874
3.959401e-006,-0.874
3.959651e-006,-0.874
3.959901e-006,-0.875667
3.960151e-006,-0.874
3.960401e-006,-0.874
3.960651e-006,-0.874
3.960901e-006,-0.875667
3.961151e-006,-0.874
3.961401e-006,-0.874
3.961651e-006,-0.875667
3.961901e-006,-0.875667
3.962151e-006,-0.875667
3.962401e-006,-0.874
3.962651e-006,-0.875667
3.962901e-006,-0.875667
3.963151e-006,-0.875667
3.963401e-006,-0.874
3.963651e-006,-0.875667
3.963901e-006,-0.875667
3.964151e-006,-0.874
3.964401e-006,-0.874
3.964651e-006,-0.875667
3.964901e-006,-0.875667
3.965151e-006,-0.874
3.965401e-006,-0.874
3.965651e-006,-0.875667
3.965901e-006,-0.875667
3.966151e-006,-0.874
3.966401e-006,-0.874
3.966651e-006,-0.875667
3.966901e-006,-0.875667
3.967151e-006,-0.874
3.967401e-006,-0.874
3.967651e-006,-0.875667
3.967901e-006,-0.875667
3.968151e-006,-0.874
3.968401e-006,-0.874
3.968651e-006,-0.875667
3.968901e-006,-0.875667
3.969151e-006,-0.874
3.969401e-006,-0.874
3.969651e-006,-0.875667
3.969901e-006,-0.875667
3.970151e-006,-0.874
3.970401e-006,-0.874
3.970651e-006,-0.874
3.970901e-006,-0.875667
3.971151e-006,-0.874
3.971401e-006,-0.874
3.971651e-006,-0.875667
3.971901e-006,-0.875667
3.972151e-006,-0.874
3.972401e-006,-0.874
3.972651e-006,-0.875667
3.972901e-006,-0.875667
3.973151e-006,-0.874
3.973401e-006,-0.874
3.973651e-006,-0.875667
3.973901e-006,-0.875667
3.974151e-006,-0.874
3.974401e-006,-0.874
3.974651e-006,-0.875667
3.974901e-006,-0.875667
3.975151e-006,-0.874
3.975401e-006,-0.874
3.975651e-006,-0.875667
3.975901e-006,-0.875667
3.976151e-006,-0.874
3.976401e-006,-0.874
3.976651e-006,-0.875667
3.976901e-006,-0.875667
3.977151e-006,-0.874
3.977401e-006,-0.874
3.977651e-006,-0.875667
3.977901e-006,-0.875667
3.978151e-006,-0.874
3.978401e-006,-0.874
3.978651e-006,-0.875667
3.978901e-006,-0.875667
3.979151e-006,-0.874
3.979401e-006,-0.874
3.979651e-006,-0.875667
3.979901e-006,-0.875667
3.980151e-006,-0.874
3.980401e-006,-0.874
3.980651e-006,-0.875667
3.980901e-006,-0.875667
3.981151e-006,-0.874
3.981401e-006,-0.874
3.981651e-006,-0.875667
3.981901e-006,-0.875667
3.982151e-006,-0.874
3.982401e-006,-0.874
3.982651e-006,-0.875667
3.982901e-006,-0.875667
3.983151e-006,-0.875667
3.983401e-006,-0.874
3.983651e-006,-0.875667
3.983901e-006,-0.875667
3.984151e-006,-0.875667
3.984401e-006,-0.874
3.984651e-006,-0.875667
3.984901e-006,-0.875667
3.985151e-006,-0.875667
3.985401e-006,-0.874
3.985651e-006,-0.875667
3.985901e-006,-0.874
3.986151e-006,-0.874
3.986401e-006,-0.874
3.986651e-006,-0.875667
3.986901e-006,-0.874
3.987151e-006,-0.874
3.987401e-006,-0.874
3.987651e-006,-0.875667
3.987901e-006,-0.875667
3.988151e-006,-0.874
3.988401e-006,-0.874
3.988651e-006,-0.875667
3.988901e-006,-0.875667
3.989151e-006,-0.874
3.989401e-006,-0.874
3.989651e-006,-0.875667
3.989901e-006,-0.875667
3.990151e-006,-0.874
3.990401e-006,-0.874
3.990651e-006,-0.875667
3.990901e-006,-0.875667
3.991151e-006,-0.874
3.991401e-006,-0.874
3.991651e-006,-0.875667
3.991901e-006,-0.875667
3.992151e-006,-0.874
3.992401e-006,-0.874
3.992651e-006,-0.875667
3.992901e-006,-0.875667
3.993151e-006,-0.874
3.993401e-006,-0.874
3.993651e-006,-0.874
3.993901e-006,-0.875667
3.994151e-006,-0.874
3.994401e-006,-0.874
3.994651e-006,-0.875667
3.994901e-006,-0.875667
3.995151e-006,-0.874
3.995401e-006,-0.874
3.995651e-006,-0.875667
3.995901e-006,-0.875667
3.996151e-006,-0.874
3.996401e-006,-0.874
3.996651e-006,-0.875667
3.996901e-006,-0.875667
3.997151e-006,-0.874
3.997401e-006,-0.874
3.997651e-006,-0.875667
3.997901e-006,-0.874
3.998151e-006,-0.874
3.998401e-006,-0.874
3.998651e-006,-0.875667
3.998901e-006,-0.875667
3.999151e-006,-0.874
3.999401e-006,-0.874
3.999651e-006,-0.875667
3.999901e-006,-0.875667
4.000151e-006,-0.874
4.000401e-006,-0.874
4.000651e-006,-0.875667
4.000901e-006,-0.875667
4.001151e-006,-0.874
4.001401e-006,-0.874
4.001651e-006,-0.875667
4.001901e-006,-0.875667
4.002151e-006,-0.874
4.002401e-006,-0.874
4.002651e-006,-0.875667
4.002901e-006,-0.875667
4.003151e-006,-0.874
4.003401e-006,-0.874
4.003651e-006,-0.874
4.003901e-006,-0.875667
4.004151e-006,-0.874
4.004401e-006,-0.874
4.004651e-006,-0.874
4.004901e-006,-0.875667
4.005151e-006,-0.874
4.005401e-006,-0.874
4.005651e-006,-0.874
4.005901e-006,-0.875667
4.006151e-006,-0.874
4.006401e-006,-0.874
4.006651e-006,-0.874
4.006901e-006,-0.875667
4.007151e-006,-0.874
4.007401e-006,-0.874
4.007651e-006,-0.874
4.007901e-006,-0.875667
4.008151e-006,-0.874
4.008401e-006,-0.874
4.008651e-006,-0.874
4.008901e-006,-0.875667
4.009151e-006,-0.874
4.009401e-006,-0.874
4.009651e-006,-0.874
4.009901e-006,-0.875667
4.010151e-006,-0.874
4.010401e-006,-0.874
4.010651e-006,-0.875667
4.010901e-006,-0.875667
4.011151e-006,-0.874
4.011401e-006,-0.874
4.011651e-006,-0.875667
4.011901e-006,-0.875667
4.012151e-006,-0.874
4.012401e-006,-0.874
4.012651e-006,-0.875667
4.012901e-006,-0.875667
4.013151e-006,-0.874
4.013401e-006,-0.874
4.013651e-006,-0.875667
4.013901e-006,-0.875667
4.014151e-006,-0.874
4.014401e-006,-0.874
4.014651e-006,-0.875667
4.014901e-006,-0.875667
4.015151e-006,-0.874
4.015401e-006,-0.874
4.015651e-006,-0.875667
4.015901e-006,-0.875667
4.016151e-006,-0.874
4.016401e-006,-0.874
4.016651e-006,-0.875667
4.016901e-006,-0.875667
4.017151e-006,-0.874
4.017401e-006,-0.874
4.017651e-006,-0.875667
4.017901e-006,-0.875667
4.018151e-006,-0.874
4.018401e-006,-0.874
4.018651e-006,-0.875667
4.018901e-006,-0.875667
4.019151e-006,-0.874
4.019401e-006,-0.874
4.019651e-006,-0.875667
4.019901e-006,-0.875667
4.020151e-006,-0.874
4.020401e-006,-0.874
4.020651e-006,-0.875667
4.020901e-006,-0.875667
4.021151e-006,-0.874
4.021401e-006,-0.874
4.021651e-006,-0.875667
4.021901e-006,-0.875667
4.022151e-006,-0.874
4.022401e-006,-0.874
4.022651e-006,-0.875667
4.022901e-006,-0.875667
4.023151e-006,-0.874
4.023401e-006,-0.874
4.023651e-006,-0.875667
4.023901e-006,-0.875667
4.024151e-006,-0.874
4.024401e-006,-0.874
4.024651e-006,-0.875667
4.024901e-006,-0.875667
4.025151e-006,-0.874
4.025401e-006,-0.874
4.025651e-006,-0.875667
4.025901e-006,-0.875667
4.026151e-006,-0.874
4.026401e-006,-0.874
4.026651e-006,-0.875667
4.026901e-006,-0.875667
4.027151e-006,-0.874
4.027401e-006,-0.874
4.027651e-006,-0.875667
4.027901e-006,-0.875667
4.028151e-006,-0.874
4.028401e-006,-0.874
4.028651e-006,-0.875667
4.028901e-006,-0.875667
4.029151e-006,-0.874
4.029401e-006,-0.874
4.029651e-006,-0.875667
4.029901e-006,-0.875667
4.030151e-006,-0.874
4.030401e-006,-0.874
4.030651e-006,-0.875667
4.030901e-006,-0.875667
4.031151e-006,-0.874
4.031401e-006,-0.874
4.031651e-006,-0.875667
4.031901e-006,-0.875667
4.032151e-006,-0.874
4.032401e-006,-0.874
4.032651e-006,-0.875667
4.032901e-006,-0.875667
4.033151e-006,-0.874
4.033401e-006,-0.874
4.033651e-006,-0.875667
4.033901e-006,-0.875667
4.034151e-006,-0.874
4.034401e-006,-0.874
4.034651e-006,-0.875667
4.034901e-006,-0.875667
4.035151e-006,-0.874
4.035401e-006,-0.874
4.035651e-006,-0.875667
4.035901e-006,-0.875667
4.036151e-006,-0.874
4.036401e-006,-0.874
4.036651e-006,-0.875667
4.036901e-006,-0.875667
4.037151e-006,-0.874
4.037401e-006,-0.874
4.037651e-006,-0.875667
4.037901e-006,-0.875667
4.038151e-006,-0.874
4.038401e-006,-0.874
4.038651e-006,-0.875667
4.038901e-006,-0.875667
4.039151e-006,-0.874
4.039401e-006,-0.874
4.039651e-006,-0.875667
4.039901e-006,-0.875667
4.040151e-006,-0.874
4.040401e-006,-0.874
4.040651e-006,-0.875667
4.040901e-006,-0.875667
4.041151e-006,-0.874
4.041401e-006,-0.874
4.041651e-006,-0.875667
4.041901e-006,-0.875667
4.042151e-006,-0.874
4.042401e-006,-0.874
4.042651e-006,-0.875667
4.042901e-006,-0.875667
4.043151e-006,-0.874
4.043401e-006,-0.874
4.043651e-006,-0.875667
4.043901e-006,-0.875667
4.044151e-006,-0.874
4.044401e-006,-0.874
4.044651e-006,-0.874
4.044901e-006,-0.875667
4.045151e-006,-0.874
4.045401e-006,-0.874
4.045651e-006,-0.874
4.045901e-006,-0.875667
4.046151e-006,-0.874
4.046401e-006,-0.874
4.046651e-006,-0.874
4.046901e-006,-0.875667
4.047151e-006,-0.874
4.047401e-006,-0.874
4.047651e-006,-0.874
4.047901e-006,-0.875667
4.048151e-006,-0.874
4.048401e-006,-0.874
4.048651e-006,-0.875667
4.048901e-006,-0.875667
4.049151e-006,-0.874
4.049401e-006,-0.874
4.049651e-006,-0.875667
4.049901e-006,-0.875667
4.050151e-006,-0.874
4.050401e-006,-0.874
4.050651e-006,-0.875667
4.050901e-006,-0.875667
4.051151e-006,-0.874
4.051401e-006,-0.874
4.051651e-006,-0.874
4.051901e-006,-0.875667
4.052151e-006,-0.874
4.052401e-006,-0.874
4.052651e-006,-0.875667
4.052901e-006,-0.875667
4.053151e-006,-0.874
4.053401e-006,-0.874
4.053651e-006,-0.875667
4.053901e-006,-0.875667
4.054151e-006,-0.874
4.054401e-006,-0.874
4.054651e-006,-0.875667
4.054901e-006,-0.875667
4.055151e-006,-0.874
4.055401e-006,-0.874
4.055651e-006,-0.875667
4.055901e-006,-0.875667
4.056151e-006,-0.874
4.056401e-006,-0.874
4.056651e-006,-0.874
4.056901e-006,-0.875667
4.057151e-006,-0.874
4.057401e-006,-0.874
4.057651e-006,-0.874
4.057901e-006,-0.875667
4.058151e-006,-0.874
4.058401e-006,-0.874
4.058651e-006,-0.875667
4.058901e-006,-0.875667
4.059151e-006,-0.875667
4.059401e-006,-0.874
4.059651e-006,-0.875667
4.059901e-006,-0.875667
4.060151e-006,-0.875667
4.060401e-006,-0.874
4.060651e-006,-0.875667
4.060901e-006,-0.875667
4.061151e-006,-0.875667
4.061401e-006,-0.874
4.061651e-006,-0.875667
4.061901e-006,-0.875667
4.062151e-006,-0.875667
4.062401e-006,-0.874
4.062651e-006,-0.875667
4.062901e-006,-0.875667
4.063151e-006,-0.875667
4.063401e-006,-0.874
4.063651e-006,-0.875667
4.063901e-006,-0.875667
4.064151e-006,-0.875667
4.064401e-006,-0.874
4.064651e-006,-0.875667
4.064901e-006,-0.875667
4.065151e-006,-0.874
4.065401e-006,-0.874
4.065651e-006,-0.875667
4.065901e-006,-0.875667
4.066151e-006,-0.874
4.066401e-006,-0.874
4.066651e-006,-0.875667
4.066901e-006,-0.875667
4.067151e-006,-0.874
4.067401e-006,-0.874
4.067651e-006,-0.875667
4.067901e-006,-0.875667
4.068151e-006,-0.874
4.068401e-006,-0.874
4.068651e-006,-0.875667
4.068901e-006,-0.875667
4.069151e-006,-0.874
4.069401e-006,-0.874
4.069651e-006,-0.875667
4.069901e-006,-0.875667
4.070151e-006,-0.874
4.070401e-006,-0.874
4.070651e-006,-0.875667
4.070901e-006,-0.875667
4.071151e-006,-0.874
4.071401e-006,-0.874
4.071651e-006,-0.875667
4.071901e-006,-0.875667
4.072151e-006,-0.874
4.072401e-006,-0.874
4.072651e-006,-0.875667
4.072901e-006,-0.875667
4.073151e-006,-0.874
4.073401e-006,-0.874
4.073651e-006,-0.875667
4.073901e-006,-0.875667
4.074151e-006,-0.874
4.074401e-006,-0.874
4.074651e-006,-0.875667
4.074901e-006,-0.875667
4.075151e-006,-0.874
4.075401e-006,-0.874
4.075651e-006,-0.875667
4.075901e-006,-0.875667
4.076151e-006,-0.874
4.076401e-006,-0.874
4.076651e-006,-0.875667
4.076901e-006,-0.875667
4.077151e-006,-0.874
4.077401e-006,-0.874
4.077651e-006,-0.875667
4.077901e-006,-0.875667
4.078151e-006,-0.874
4.078401e-006,-0.874
4.078651e-006,-0.874
4.078901e-006,-0.875667
4.079151e-006,-0.874
4.079401e-006,-0.874
4.079651e-006,-0.874
4.079901e-006,-0.875667
4.080151e-006,-0.874
4.080401e-006,-0.874
4.080651e-006,-0.874
4.080901e-006,-0.875667
4.081151e-006,-0.874
4.081401e-006,-0.874
4.081651e-006,-0.875667
4.081901e-006,-0.875667
4.082151e-006,-0.874
4.082401e-006,-0.874
4.082651e-006,-0.875667
4.082901e-006,-0.875667
4.083151e-006,-0.874
4.083401e-006,-0.874
4.083651e-006,-0.875667
4.083901e-006,-0.875667
4.084151e-006,-0.874
4.084401e-006,-0.874
4.084651e-006,-0.875667
4.084901e-006,-0.875667
4.085151e-006,-0.874
4.085401e-006,-0.874
4.085651e-006,-0.875667
4.085901e-006,-0.875667
4.086151e-006,-0.874
4.086401e-006,-0.874
4.086651e-006,-0.875667
4.086901e-006,-0.875667
4.087151e-006,-0.874
4.087401e-006,-0.874
4.087651e-006,-0.874
4.087901e-006,-0.875667
4.088151e-006,-0.874
4.088401e-006,-0.874
4.088651e-006,-0.874
4.088901e-006,-0.875667
4.089151e-006,-0.874
4.089401e-006,-0.874
4.089651e-006,-0.875667
4.089901e-006,-0.875667
4.090151e-006,-0.874
4.090401e-006,-0.874
4.090651e-006,-0.875667
4.090901e-006,-0.875667
4.091151e-006,-0.874
4.091401e-006,-0.874
4.091651e-006,-0.875667
4.091901e-006,-0.875667
4.092151e-006,-0.874
4.092401e-006,-0.874
4.092651e-006,-0.875667
4.092901e-006,-0.875667
4.093151e-006,-0.874
4.093401e-006,-0.874
4.093651e-006,-0.875667
4.093901e-006,-0.875667
4.094151e-006,-0.874
4.094401e-006,-0.874
4.094651e-006,-0.875667
4.094901e-006,-0.875667
4.095151e-006,-0.874
4.095401e-006,-0.874
4.095651e-006,-0.875667
4.095901e-006,-0.875667
4.096151e-006,-0.874
4.096401e-006,-0.874
4.096651e-006,-0.875667
4.096901e-006,-0.875667
4.097151e-006,-0.874
4.097401e-006,-0.874
4.097651e-006,-0.875667
4.097901e-006,-0.875667
4.098151e-006,-0.874
4.098401e-006,-0.874
4.098651e-006,-0.875667
4.098901e-006,-0.875667
4.099151e-006,-0.874
4.099401e-006,-0.874
4.099651e-006,-0.875667
4.099901e-006,-0.875667
4.100151e-006,-0.874
4.100401e-006,-0.874
4.100651e-006,-0.875667
4.100901e-006,-0.875667
4.101151e-006,-0.874
4.101401e-006,-0.874
4.101651e-006,-0.875667
4.101901e-006,-0.875667
4.102151e-006,-0.874
4.102401e-006,-0.874
4.102651e-006,-0.875667
4.102901e-006,-0.875667
4.103151e-006,-0.874
4.103401e-006,-0.874
4.103651e-006,-0.875667
4.103901e-006,-0.875667
4.104151e-006,-0.874
4.104401e-006,-0.874
4.104651e-006,-0.875667
4.104901e-006,-0.875667
4.105151e-006,-0.874
4.105401e-006,-0.874
4.105651e-006,-0.875667
4.105901e-006,-0.875667
4.106151e-006,-0.874
4.106401e-006,-0.874
4.106651e-006,-0.875667
4.106901e-006,-0.875667
4.107151e-006,-0.874
4.107401e-006,-0.874
4.107651e-006,-0.875667
4.107901e-006,-0.875667
4.108151e-006,-0.874
4.108401e-006,-0.874
4.108651e-006,-0.874
4.108901e-006,-0.875667
4.109151e-006,-0.874
4.109401e-006,-0.874
4.109651e-006,-0.874
4.109901e-006,-0.875667
4.110151e-006,-0.874
4.110401e-006,-0.874
4.110651e-006,-0.874
4.110901e-006,-0.875667
4.111151e-006,-0.874
4.111401e-006,-0.874
4.111651e-006,-0.874
4.111901e-006,-0.875667
4.112151e-006,-0.874
4.112401e-006,-0.874
4.112651e-006,-0.874
4.112901e-006,-0.875667
4.113151e-006,-0.874
4.113401e-006,-0.874
4.113651e-006,-0.874
4.113901e-006,-0.875667
4.114151e-006,-0.874
4.114401e-006,-0.874
4.114651e-006,-0.874
4.114901e-006,-0.875667
4.115151e-006,-0.874
4.115401e-006,-0.874
4.115651e-006,-0.874
4.115901e-006,-0.875667
4.116151e-006,-0.874
4.116401e-006,-0.874
4.116651e-006,-0.874
4.116901e-006,-0.875667
4.117151e-006,-0.874
4.117401e-006,-0.874
4.117651e-006,-0.875667
4.117901e-006,-0.875667
4.118151e-006,-0.874
4.118401e-006,-0.874
4.118651e-006,-0.875667
4.118901e-006,-0.875667
4.119151e-006,-0.874
4.119401e-006,-0.874
4.119651e-006,-0.875667
4.119901e-006,-0.875667
4.120151e-006,-0.874
4.120401e-006,-0.874
4.120651e-006,-0.874
4.120901e-006,-0.874
4.121151e-006,-0.874
4.121401e-006,-0.874
4.121651e-006,-0.875667
4.121901e-006,-0.874
4.122151e-006,-0.874
4.122401e-006,-0.874
4.122651e-006,-0.875667
4.122901e-006,-0.874
4.123151e-006,-0.874
4.123401e-006,-0.874
4.123651e-006,-0.875667
4.123901e-006,-0.875667
4.124151e-006,-0.874
4.124401e-006,-0.874
4.124651e-006,-0.875667
4.124901e-006,-0.875667
4.125151e-006,-0.874
4.125401e-006,-0.874
4.125651e-006,-0.875667
4.125901e-006,-0.875667
4.126151e-006,-0.874
4.126401e-006,-0.874
4.126651e-006,-0.874
4.126901e-006,-0.875667
4.127151e-006,-0.874
4.127401e-006,-0.874
4.127651e-006,-0.874
4.127901e-006,-0.875667
4.128151e-006,-0.874
4.128401e-006,-0.874
4.128651e-006,-0.874
4.128901e-006,-0.875667
4.129151e-006,-0.875667
4.129401e-006,-0.874
4.129651e-006,-0.875667
4.129901e-006,-0.875667
4.130151e-006,-0.875667
4.130401e-006,-0.874
4.130651e-006,-0.875667
4.130901e-006,-0.875667
4.131151e-006,-0.875667
4.131401e-006,-0.874
4.131651e-006,-0.875667
4.131901e-006,-0.875667
4.132151e-006,-0.874
4.132401e-006,-0.874
4.132651e-006,-0.874
4.132901e-006,-0.875667
4.133151e-006,-0.874
4.133401e-006,-0.874
4.133651e-006,-0.874
4.133901e-006,-0.874
4.134151e-006,-0.874
4.134401e-006,-0.874
4.134651e-006,-0.874
4.134901e-006,-0.875667
4.135151e-006,-0.875667
4.135401e-006,-0.874
4.135651e-006,-0.874
4.135901e-006,-0.875667
4.136151e-006,-0.875667
4.136401e-006,-0.874
4.136651e-006,-0.875667
4.136901e-006,-0.875667
4.137151e-006,-0.875667
4.137401e-006,-0.874
4.137651e-006,-0.875667
4.137901e-006,-0.875667
4.138151e-006,-0.875667
4.138401e-006,-0.874
4.138651e-006,-0.875667
4.138901e-006,-0.875667
4.139151e-006,-0.875667
4.139401e-006,-0.874
4.139651e-006,-0.874
4.139901e-006,-0.875667
4.140151e-006,-0.874
4.140401e-006,-0.874
4.140651e-006,-0.874
4.140901e-006,-0.875667
4.141151e-006,-0.874
4.141401e-006,-0.874
4.141651e-006,-0.874
4.141901e-006,-0.875667
4.142151e-006,-0.874
4.142401e-006,-0.874
4.142651e-006,-0.874
4.142901e-006,-0.875667
4.143151e-006,-0.874
4.143401e-006,-0.874
4.143651e-006,-0.875667
4.143901e-006,-0.875667
4.144151e-006,-0.874
4.144401e-006,-0.874
4.144651e-006,-0.875667
4.144901e-006,-0.875667
4.145151e-006,-0.874
4.145401e-006,-0.874
4.145651e-006,-0.875667
4.145901e-006,-0.875667
4.146151e-006,-0.874
4.146401e-006,-0.874
4.146651e-006,-0.875667
4.146901e-006,-0.875667
4.147151e-006,-0.874
4.147401e-006,-0.874
4.147651e-006,-0.874
4.147901e-006,-0.875667
4.148151e-006,-0.874
4.148401e-006,-0.874
4.148651e-006,-0.874
4.148901e-006,-0.875667
4.149151e-006,-0.874
4.149401e-006,-0.874
4.149651e-006,-0.874
4.149901e-006,-0.875667
4.150151e-006,-0.875667
4.150401e-006,-0.874
4.150651e-006,-0.875667
4.150901e-006,-0.875667
4.151151e-006,-0.875667
4.151401e-006,-0.874
4.151651e-006,-0.875667
4.151901e-006,-0.875667
4.152151e-006,-0.874
4.152401e-006,-0.874
4.152651e-006,-0.875667
4.152901e-006,-0.875667
4.153151e-006,-0.874
4.153401e-006,-0.874
4.153651e-006,-0.875667
4.153901e-006,-0.875667
4.154151e-006,-0.875667
4.154401e-006,-0.874
4.154651e-006,-0.875667
4.154901e-006,-0.875667
4.155151e-006,-0.875667
4.155401e-006,-0.874
4.155651e-006,-0.875667
4.155901e-006,-0.875667
4.156151e-006,-0.875667
4.156401e-006,-0.874
4.156651e-006,-0.875667
4.156901e-006,-0.875667
4.157151e-006,-0.875667
4.157401e-006,-0.874
4.157651e-006,-0.875667
4.157901e-006,-0.875667
4.158151e-006,-0.875667
4.158401e-006,-0.874
4.158651e-006,-0.875667
4.158901e-006,-0.875667
4.159151e-006,-0.875667
4.159401e-006,-0.874
4.159651e-006,-0.875667
4.159901e-006,-0.875667
4.160151e-006,-0.875667
4.160401e-006,-0.874
4.160651e-006,-0.875667
4.160901e-006,-0.875667
4.161151e-006,-0.875667
4.161401e-006,-0.874
4.161651e-006,-0.875667
4.161901e-006,-0.875667
4.162151e-006,-0.875667
4.162401e-006,-0.874
4.162651e-006,-0.875667
4.162901e-006,-0.875667
4.163151e-006,-0.875667
4.163401e-006,-0.874
4.163651e-006,-0.875667
4.163901e-006,-0.875667
4.164151e-006,-0.874
4.164401e-006,-0.874
4.164651e-006,-0.875667
4.164901e-006,-0.875667
4.165151e-006,-0.874
4.165401e-006,-0.874
4.165651e-006,-0.875667
4.165901e-006,-0.875667
4.166151e-006,-0.874
4.166401e-006,-0.874
4.166651e-006,-0.875667
4.166901e-006,-0.875667
4.167151e-006,-0.874
4.167401e-006,-0.874
4.167651e-006,-0.875667
4.167901e-006,-0.875667
4.168151e-006,-0.875667
4.168401e-006,-0.874
4.168651e-006,-0.875667
4.168901e-006,-0.875667
4.169151e-006,-0.874
4.169401e-006,-0.874
4.169651e-006,-0.875667
4.169901e-006,-0.875667
4.170151e-006,-0.875667
4.170401e-006,-0.874
4.170651e-006,-0.875667
4.170901e-006,-0.875667
4.171151e-006,-0.875667
4.171401e-006,-0.874
4.171651e-006,-0.875667
4.171901e-006,-0.875667
4.172151e-006,-0.875667
4.172401e-006,-0.874
4.172651e-006,-0.875667
4.172901e-006,-0.875667
4.173151e-006,-0.875667
4.173401e-006,-0.874
4.173651e-006,-0.875667
4.173901e-006,-0.875667
4.174151e-006,-0.875667
4.174401e-006,-0.874
4.174651e-006,-0.875667
4.174901e-006,-0.875667
4.175151e-006,-0.875667
4.175401e-006,-0.874
4.175651e-006,-0.875667
4.175901e-006,-0.875667
4.176151e-006,-0.875667
4.176401e-006,-0.874
4.176651e-006,-0.875667
4.176901e-006,-0.875667
4.177151e-006,-0.875667
4.177401e-006,-0.874
4.177651e-006,-0.875667
4.177901e-006,-0.875667
4.178151e-006,-0.875667
4.178401e-006,-0.874
4.178651e-006,-0.875667
4.178901e-006,-0.875667
4.179151e-006,-0.875667
4.179401e-006,-0.874
4.179651e-006,-0.875667
4.179901e-006,-0.875667
4.180151e-006,-0.874
4.180401e-006,-0.874
4.180651e-006,-0.875667
4.180901e-006,-0.875667
4.181151e-006,-0.874
4.181401e-006,-0.874
4.181651e-006,-0.875667
4.181901e-006,-0.875667
4.182151e-006,-0.874
4.182401e-006,-0.874
4.182651e-006,-0.875667
4.182901e-006,-0.875667
4.183151e-006,-0.874
4.183401e-006,-0.874
4.183651e-006,-0.875667
4.183901e-006,-0.875667
4.184151e-006,-0.874
4.184401e-006,-0.874
4.184651e-006,-0.875667
4.184901e-006,-0.875667
4.185151e-006,-0.874
4.185401e-006,-0.874
4.185651e-006,-0.875667
4.185901e-006,-0.875667
4.186151e-006,-0.874
4.186401e-006,-0.874
4.186651e-006,-0.875667
4.186901e-006,-0.874
4.187151e-006,-0.874
4.187401e-006,-0.874
4.187651e-006,-0.875667
4.187901e-006,-0.874
4.188151e-006,-0.874
4.188401e-006,-0.874
4.188651e-006,-0.874
4.188901e-006,-0.874
4.189151e-006,-0.874
4.189401e-006,-0.874
4.189651e-006,-0.874
4.189901e-006,-0.874
4.190151e-006,-0.874
4.190401e-006,-0.874
4.190651e-006,-0.875667
4.190901e-006,-0.874
4.191151e-006,-0.874
4.191401e-006,-0.874
4.191651e-006,-0.875667
4.191901e-006,-0.875667
4.192151e-006,-0.874
4.192401e-006,-0.874
4.192651e-006,-0.875667
4.192901e-006,-0.875667
4.193151e-006,-0.874
4.193401e-006,-0.874
4.193651e-006,-0.875667
4.193901e-006,-0.875667
4.194151e-006,-0.874
4.194401e-006,-0.874
4.194651e-006,-0.875667
4.194901e-006,-0.875667
4.195151e-006,-0.875667
4.195401e-006,-0.874
4.195651e-006,-0.875667
4.195901e-006,-0.875667
4.196151e-006,-0.875667
4.196401e-006,-0.874
4.196651e-006,-0.875667
4.196901e-006,-0.875667
4.197151e-006,-0.874
4.197401e-006,-0.874
4.197651e-006,-0.875667
4.197901e-006,-0.875667
4.198151e-006,-0.874
4.198401e-006,-0.874
4.198651e-006,-0.875667
4.198901e-006,-0.875667
4.199151e-006,-0.874
4.199401e-006,-0.874
4.199651e-006,-0.875667
4.199901e-006,-0.875667
4.200151e-006,-0.874
4.200401e-006,-0.874
4.200651e-006,-0.875667
4.200901e-006,-0.875667
4.201151e-006,-0.874
4.201401e-006,-0.874
4.201651e-006,-0.875667
4.201901e-006,-0.875667
4.202151e-006,-0.874
4.202401e-006,-0.874
4.202651e-006,-0.875667
4.202901e-006,-0.875667
4.203151e-006,-0.874
4.203401e-006,-0.874
4.203651e-006,-0.875667
4.203901e-006,-0.875667
4.204151e-006,-0.874
4.204401e-006,-0.874
4.204651e-006,-0.875667
4.204901e-006,-0.875667
4.205151e-006,-0.874
4.205401e-006,-0.874
4.205651e-006,-0.875667
4.205901e-006,-0.875667
4.206151e-006,-0.874
4.206401e-006,-0.874
4.206651e-006,-0.875667
4.206901e-006,-0.875667
4.207151e-006,-0.874
4.207401e-006,-0.874
4.207651e-006,-0.875667
4.207901e-006,-0.875667
4.208151e-006,-0.874
4.208401e-006,-0.874
4.208651e-006,-0.875667
4.208901e-006,-0.875667
4.209151e-006,-0.874
4.209401e-006,-0.874
4.209651e-006,-0.875667
4.209901e-006,-0.875667
4.210151e-006,-0.874
4.210401e-006,-0.874
4.210651e-006,-0.875667
4.210901e-006,-0.875667
4.211151e-006,-0.874
4.211401e-006,-0.874
4.211651e-006,-0.875667
4.211901e-006,-0.875667
4.212151e-006,-0.874
4.212401e-006,-0.874
4.212651e-006,-0.875667
4.212901e-006,-0.875667
4.213151e-006,-0.874
4.213401e-006,-0.874
4.213651e-006,-0.875667
4.213901e-006,-0.875667
4.214151e-006,-0.874
4.214401e-006,-0.874
4.214651e-006,-0.875667
4.214901e-006,-0.875667
4.215151e-006,-0.874
4.215401e-006,-0.874
4.215651e-006,-0.875667
4.215901e-006,-0.875667
4.216151e-006,-0.874
4.216401e-006,-0.874
4.216651e-006,-0.875667
4.216901e-006,-0.875667
4.217151e-006,-0.874
4.217401e-006,-0.874
4.217651e-006,-0.875667
4.217901e-006,-0.875667
4.218151e-006,-0.874
4.218401e-006,-0.874
4.218651e-006,-0.875667
4.218901e-006,-0.875667
4.219151e-006,-0.874
4.219401e-006,-0.874
4.219651e-006,-0.875667
4.219901e-006,-0.875667
4.220151e-006,-0.874
4.220401e-006,-0.874
4.220651e-006,-0.875667
4.220901e-006,-0.875667
4.221151e-006,-0.874
4.221401e-006,-0.874
4.221651e-006,-0.875667
4.221901e-006,-0.875667
4.222151e-006,-0.874
4.222401e-006,-0.874
4.222651e-006,-0.875667
4.222901e-006,-0.875667
4.223151e-006,-0.874
4.223401e-006,-0.874
4.223651e-006,-0.875667
4.223901e-006,-0.875667
4.224151e-006,-0.874
4.224401e-006,-0.874
4.224651e-006,-0.875667
4.224901e-006,-0.875667
4.225151e-006,-0.874
4.225401e-006,-0.874
4.225651e-006,-0.875667
4.225901e-006,-0.875667
4.226151e-006,-0.874
4.226401e-006,-0.874
4.226651e-006,-0.875667
4.226901e-006,-0.875667
4.227151e-006,-0.874
4.227401e-006,-0.874
4.227651e-006,-0.875667
4.227901e-006,-0.875667
4.228151e-006,-0.874
4.228401e-006,-0.874
4.228651e-006,-0.875667
4.228901e-006,-0.875667
4.229151e-006,-0.874
4.229401e-006,-0.874
4.229651e-006,-0.875667
4.229901e-006,-0.875667
4.230151e-006,-0.874
4.230401e-006,-0.874
4.230651e-006,-0.875667
4.230901e-006,-0.875667
4.231151e-006,-0.874
4.231401e-006,-0.874
4.231651e-006,-0.875667
4.231901e-006,-0.875667
4.232151e-006,-0.874
4.232401e-006,-0.874
4.232651e-006,-0.874
4.232901e-006,-0.875667
4.233151e-006,-0.874
4.233401e-006,-0.874
4.233651e-006,-0.874
4.233901e-006,-0.874
4.234151e-006,-0.874
4.234401e-006,-0.874
4.234651e-006,-0.875667
4.234901e-006,-0.875667
4.235151e-006,-0.874
4.235401e-006,-0.874
4.235651e-006,-0.875667
4.235901e-006,-0.875667
4.236151e-006,-0.874
4.236401e-006,-0.874
4.236651e-006,-0.875667
4.236901e-006,-0.875667
4.237151e-006,-0.874
4.237401e-006,-0.874
4.237651e-006,-0.875667
4.237901e-006,-0.875667
4.238151e-006,-0.874
4.238401e-006,-0.874
4.238651e-006,-0.875667
4.238901e-006,-0.875667
4.239151e-006,-0.874
4.239401e-006,-0.874
4.239651e-006,-0.875667
4.239901e-006,-0.875667
4.240151e-006,-0.874
4.240401e-006,-0.874
4.240651e-006,-0.875667
4.240901e-006,-0.875667
4.241151e-006,-0.874
4.241401e-006,-0.874
4.241651e-006,-0.875667
4.241901e-006,-0.875667
4.242151e-006,-0.874
4.242401e-006,-0.874
4.242651e-006,-0.875667
4.242901e-006,-0.875667
4.243151e-006,-0.874
4.243401e-006,-0.874
4.243651e-006,-0.875667
4.243901e-006,-0.875667
4.244151e-006,-0.874
4.244401e-006,-0.874
4.244651e-006,-0.875667
4.244901e-006,-0.875667
4.245151e-006,-0.874
4.245401e-006,-0.874
4.245651e-006,-0.875667
4.245901e-006,-0.875667
4.246151e-006,-0.874
4.246401e-006,-0.874
4.246651e-006,-0.875667
4.246901e-006,-0.875667
4.247151e-006,-0.874
4.247401e-006,-0.874
4.247651e-006,-0.875667
4.247901e-006,-0.875667
4.248151e-006,-0.874
4.248401e-006,-0.874
4.248651e-006,-0.874
4.248901e-006,-0.875667
4.249151e-006,-0.874
4.249401e-006,-0.874
4.249651e-006,-0.874
4.249901e-006,-0.875667
4.250151e-006,-0.874
4.250401e-006,-0.874
4.250651e-006,-0.874
4.250901e-006,-0.875667
4.251151e-006,-0.874
4.251401e-006,-0.874
4.251651e-006,-0.874
4.251901e-006,-0.875667
4.252151e-006,-0.874
4.252401e-006,-0.874
4.252651e-006,-0.874
4.252901e-006,-0.875667
4.253151e-006,-0.874
4.253401e-006,-0.874
4.253651e-006,-0.874
4.253901e-006,-0.875667
4.254151e-006,-0.874
4.254401e-006,-0.874
4.254651e-006,-0.874
4.254901e-006,-0.875667
4.255151e-006,-0.874
4.255401e-006,-0.874
4.255651e-006,-0.874
4.255901e-006,-0.875667
4.256151e-006,-0.874
4.256401e-006,-0.874
4.256651e-006,-0.875667
4.256901e-006,-0.875667
4.257151e-006,-0.874
4.257401e-006,-0.874
4.257651e-006,-0.875667
4.257901e-006,-0.875667
4.258151e-006,-0.874
4.258401e-006,-0.874
4.258651e-006,-0.875667
4.258901e-006,-0.875667
4.259151e-006,-0.874
4.259401e-006,-0.874
4.259651e-006,-0.875667
4.259901e-006,-0.875667
4.260151e-006,-0.874
4.260401e-006,-0.874
4.260651e-006,-0.875667
4.260901e-006,-0.875667
4.261151e-006,-0.874
4.261401e-006,-0.874
4.261651e-006,-0.875667
4.261901e-006,-0.875667
4.262151e-006,-0.874
4.262401e-006,-0.874
4.262651e-006,-0.875667
4.262901e-006,-0.875667
4.263151e-006,-0.874
4.263401e-006,-0.874
4.263651e-006,-0.875667
4.263901e-006,-0.875667
4.264151e-006,-0.874
4.264401e-006,-0.874
4.264651e-006,-0.875667
4.264901e-006,-0.875667
4.265151e-006,-0.874
4.265401e-006,-0.874
4.265651e-006,-0.875667
4.265901e-006,-0.875667
4.266151e-006,-0.874
4.266401e-006,-0.874
4.266651e-006,-0.875667
4.266901e-006,-0.875667
4.267151e-006,-0.874
4.267401e-006,-0.874
4.267651e-006,-0.875667
4.267901e-006,-0.875667
4.268151e-006,-0.874
4.268401e-006,-0.874
4.268651e-006,-0.875667
4.268901e-006,-0.875667
4.269151e-006,-0.874
4.269401e-006,-0.874
4.269651e-006,-0.875667
4.269901e-006,-0.874
4.270151e-006,-0.874
4.270401e-006,-0.874
4.270651e-006,-0.875667
4.270901e-006,-0.875667
4.271151e-006,-0.874
4.271401e-006,-0.874
4.271651e-006,-0.875667
4.271901e-006,-0.875667
4.272151e-006,-0.874
4.272401e-006,-0.874
4.272651e-006,-0.875667
4.272901e-006,-0.875667
4.273151e-006,-0.874
4.273401e-006,-0.874
4.273651e-006,-0.875667
4.273901e-006,-0.875667
4.274151e-006,-0.874
4.274401e-006,-0.874
4.274651e-006,-0.875667
4.274901e-006,-0.875667
4.275151e-006,-0.874
4.275401e-006,-0.874
4.275651e-006,-0.875667
4.275901e-006,-0.875667
4.276151e-006,-0.874
4.276401e-006,-0.874
4.276651e-006,-0.875667
4.276901e-006,-0.875667
4.277151e-006,-0.874
4.277401e-006,-0.874
4.277651e-006,-0.875667
4.277901e-006,-0.875667
4.278151e-006,-0.874
4.278401e-006,-0.874
4.278651e-006,-0.875667
4.278901e-006,-0.875667
4.279151e-006,-0.874
4.279401e-006,-0.874
4.279651e-006,-0.875667
4.279901e-006,-0.875667
4.280151e-006,-0.874
4.280401e-006,-0.874
4.280651e-006,-0.875667
4.280901e-006,-0.875667
4.281151e-006,-0.874
4.281401e-006,-0.874
4.281651e-006,-0.875667
4.281901e-006,-0.875667
4.282151e-006,-0.874
4.282401e-006,-0.874
4.282651e-006,-0.875667
4.282901e-006,-0.875667
4.283151e-006,-0.874
4.283401e-006,-0.874
4.283651e-006,-0.874
4.283901e-006,-0.874
4.284151e-006,-0.874
4.284401e-006,-0.874
4.284651e-006,-0.874
4.284901e-006,-0.874
4.285151e-006,-0.874
4.285401e-006,-0.874
4.285651e-006,-0.874
4.285901e-006,-0.875667
4.286151e-006,-0.874
4.286401e-006,-0.874
4.286651e-006,-0.875667
4.286901e-006,-0.875667
4.287151e-006,-0.874
4.287401e-006,-0.874
4.287651e-006,-0.875667
4.287901e-006,-0.875667
4.288151e-006,-0.874
4.288401e-006,-0.874
4.288651e-006,-0.875667
4.288901e-006,-0.875667
4.289151e-006,-0.874
4.289401e-006,-0.874
4.289651e-006,-0.875667
4.289901e-006,-0.875667
4.290151e-006,-0.874
4.290401e-006,-0.874
4.290651e-006,-0.875667
4.290901e-006,-0.875667
4.291151e-006,-0.874
4.291401e-006,-0.874
4.291651e-006,-0.874
4.291901e-006,-0.875667
4.292151e-006,-0.874
4.292401e-006,-0.874
4.292651e-006,-0.874
4.292901e-006,-0.875667
4.293151e-006,-0.874
4.293401e-006,-0.874
4.293651e-006,-0.875667
4.293901e-006,-0.875667
4.294151e-006,-0.874
4.294401e-006,-0.874
4.294651e-006,-0.875667
4.294901e-006,-0.875667
4.295151e-006,-0.874
4.295401e-006,-0.874
4.295651e-006,-0.875667
4.295901e-006,-0.874
4.296151e-006,-0.874
4.296401e-006,-0.874
4.296651e-006,-0.875667
4.296901e-006,-0.874
4.297151e-006,-0.874
4.297401e-006,-0.874
4.297651e-006,-0.875667
4.297901e-006,-0.874
4.298151e-006,-0.874
4.298401e-006,-0.874
4.298651e-006,-0.875667
4.298901e-006,-0.874
4.299151e-006,-0.874
4.299401e-006,-0.874
4.299651e-006,-0.875667
4.299901e-006,-0.875667
4.300151e-006,-0.874
4.300401e-006,-0.874
4.300651e-006,-0.875667
4.300901e-006,-0.875667
4.301151e-006,-0.874
4.301401e-006,-0.874
4.301651e-006,-0.875667
4.301901e-006,-0.875667
4.302151e-006,-0.874
4.302401e-006,-0.874
4.302651e-006,-0.875667
4.302901e-006,-0.875667
4.303151e-006,-0.874
4.303401e-006,-0.874
4.303651e-006,-0.875667
4.303901e-006,-0.875667
4.304151e-006,-0.874
4.304401e-006,-0.874
4.304651e-006,-0.875667
4.304901e-006,-0.875667
4.305151e-006,-0.874
4.305401e-006,-0.874
4.305651e-006,-0.875667
4.305901e-006,-0.875667
4.306151e-006,-0.874
4.306401e-006,-0.874
4.306651e-006,-0.874
4.306901e-006,-0.875667
4.307151e-006,-0.874
4.307401e-006,-0.874
4.307651e-006,-0.874
4.307901e-006,-0.875667
4.308151e-006,-0.874
4.308401e-006,-0.874
4.308651e-006,-0.874
4.308901e-006,-0.875667
4.309151e-006,-0.874
4.309401e-006,-0.874
4.309651e-006,-0.874
4.309901e-006,-0.875667
4.310151e-006,-0.874
4.310401e-006,-0.874
4.310651e-006,-0.874
4.310901e-006,-0.874
4.311151e-006,-0.874
4.311401e-006,-0.874
4.311651e-006,-0.874
4.311901e-006,-0.875667
4.312151e-006,-0.874
4.312401e-006,-0.874
4.312651e-006,-0.875667
4.312901e-006,-0.875667
4.313151e-006,-0.874
4.313401e-006,-0.874
4.313651e-006,-0.875667
4.313901e-006,-0.875667
4.314151e-006,-0.874
4.314401e-006,-0.874
4.314651e-006,-0.875667
4.314901e-006,-0.875667
4.315151e-006,-0.874
4.315401e-006,-0.874
4.315651e-006,-0.875667
4.315901e-006,-0.875667
4.316151e-006,-0.874
4.316401e-006,-0.874
4.316651e-006,-0.875667
4.316901e-006,-0.875667
4.317151e-006,-0.874
4.317401e-006,-0.874
4.317651e-006,-0.874
4.317901e-006,-0.875667
4.318151e-006,-0.874
4.318401e-006,-0.874
4.318651e-006,-0.874
4.318901e-006,-0.875667
4.319151e-006,-0.874
4.319401e-006,-0.874
4.319651e-006,-0.875667
4.319901e-006,-0.875667
4.320151e-006,-0.874
4.320401e-006,-0.874
4.320651e-006,-0.875667
4.320901e-006,-0.875667
4.321151e-006,-0.874
4.321401e-006,-0.874
4.321651e-006,-0.875667
4.321901e-006,-0.875667
4.322151e-006,-0.874
4.322401e-006,-0.874
4.322651e-006,-0.875667
4.322901e-006,-0.875667
4.323151e-006,-0.874
4.323401e-006,-0.874
4.323651e-006,-0.875667
4.323901e-006,-0.875667
4.324151e-006,-0.874
4.324401e-006,-0.874
4.324651e-006,-0.875667
4.324901e-006,-0.875667
4.325151e-006,-0.874
4.325401e-006,-0.874
4.325651e-006,-0.875667
4.325901e-006,-0.875667
4.326151e-006,-0.874
4.326401e-006,-0.874
4.326651e-006,-0.875667
4.326901e-006,-0.875667
4.327151e-006,-0.874
4.327401e-006,-0.874
4.327651e-006,-0.875667
4.327901e-006,-0.875667
4.328151e-006,-0.874
4.328401e-006,-0.874
4.328651e-006,-0.875667
4.328901e-006,-0.875667
4.329151e-006,-0.874
4.329401e-006,-0.874
4.329651e-006,-0.875667
4.329901e-006,-0.875667
4.330151e-006,-0.874
4.330401e-006,-0.874
4.330651e-006,-0.875667
4.330901e-006,-0.875667
4.331151e-006,-0.874
4.331401e-006,-0.874
4.331651e-006,-0.875667
4.331901e-006,-0.875667
4.332151e-006,-0.874
4.332401e-006,-0.874
4.332651e-006,-0.875667
4.332901e-006,-0.875667
4.333151e-006,-0.874
4.333401e-006,-0.874
4.333651e-006,-0.875667
4.333901e-006,-0.875667
4.334151e-006,-0.874
4.334401e-006,-0.874
4.334651e-006,-0.875667
4.334901e-006,-0.875667
4.335151e-006,-0.874
4.335401e-006,-0.874
4.335651e-006,-0.875667
4.335901e-006,-0.875667
4.336151e-006,-0.874
4.336401e-006,-0.874
4.336651e-006,-0.875667
4.336901e-006,-0.875667
4.337151e-006,-0.874
4.337401e-006,-0.874
4.337651e-006,-0.875667
4.337901e-006,-0.875667
4.338151e-006,-0.874
4.338401e-006,-0.874
4.338651e-006,-0.875667
4.338901e-006,-0.875667
4.339151e-006,-0.874
4.339401e-006,-0.874
4.339651e-006,-0.875667
4.339901e-006,-0.875667
4.340151e-006,-0.874
4.340401e-006,-0.874
4.340651e-006,-0.875667
4.340901e-006,-0.875667
4.341151e-006,-0.874
4.341401e-006,-0.874
4.341651e-006,-0.875667
4.341901e-006,-0.875667
4.342151e-006,-0.874
4.342401e-006,-0.874
4.342651e-006,-0.875667
4.342901e-006,-0.875667
4.343151e-006,-0.874
4.343401e-006,-0.874
4.343651e-006,-0.875667
4.343901e-006,-0.875667
4.344151e-006,-0.874
4.344401e-006,-0.874
4.344651e-006,-0.875667
4.344901e-006,-0.875667
4.345151e-006,-0.874
4.345401e-006,-0.874
4.345651e-006,-0.875667
4.345901e-006,-0.875667
4.346151e-006,-0.874
4.346401e-006,-0.874
4.346651e-006,-0.875667
4.346901e-006,-0.875667
4.347151e-006,-0.874
4.347401e-006,-0.874
4.347651e-006,-0.875667
4.347901e-006,-0.875667
4.348151e-006,-0.874
4.348401e-006,-0.874
4.348651e-006,-0.875667
4.348901e-006,-0.875667
4.349151e-006,-0.874
4.349401e-006,-0.874
4.349651e-006,-0.875667
4.349901e-006,-0.875667
4.350151e-006,-0.874
4.350401e-006,-0.874
4.350651e-006,-0.875667
4.350901e-006,-0.875667
4.351151e-006,-0.874
4.351401e-006,-0.874
4.351651e-006,-0.875667
4.351901e-006,-0.875667
4.352151e-006,-0.874
4.352401e-006,-0.874
4.352651e-006,-0.875667
4.352901e-006,-0.875667
4.353151e-006,-0.874
4.353401e-006,-0.874
4.353651e-006,-0.875667
4.353901e-006,-0.875667
4.354151e-006,-0.875667
4.354401e-006,-0.874
4.354651e-006,-0.875667
4.354901e-006,-0.875667
4.355151e-006,-0.875667
4.355401e-006,-0.874
4.355651e-006,-0.875667
4.355901e-006,-0.875667
4.356151e-006,-0.874
4.356401e-006,-0.874
4.356651e-006,-0.875667
4.356901e-006,-0.875667
4.357151e-006,-0.874
4.357401e-006,-0.874
4.357651e-006,-0.875667
4.357901e-006,-0.875667
4.358151e-006,-0.874
4.358401e-006,-0.874
4.358651e-006,-0.875667
4.358901e-006,-0.875667
4.359151e-006,-0.874
4.359401e-006,-0.874
4.359651e-006,-0.875667
4.359901e-006,-0.875667
4.360151e-006,-0.874
4.360401e-006,-0.874
4.360651e-006,-0.875667
4.360901e-006,-0.875667
4.361151e-006,-0.874
4.361401e-006,-0.874
4.361651e-006,-0.875667
4.361901e-006,-0.875667
4.362151e-006,-0.874
4.362401e-006,-0.874
4.362651e-006,-0.875667
4.362901e-006,-0.875667
4.363151e-006,-0.874
4.363401e-006,-0.874
4.363651e-006,-0.875667
4.363901e-006,-0.875667
4.364151e-006,-0.875667
4.364401e-006,-0.874
4.364651e-006,-0.875667
4.364901e-006,-0.875667
4.365151e-006,-0.875667
4.365401e-006,-0.874
4.365651e-006,-0.875667
4.365901e-006,-0.875667
4.366151e-006,-0.875667
4.366401e-006,-0.874
4.366651e-006,-0.875667
4.366901e-006,-0.875667
4.367151e-006,-0.875667
4.367401e-006,-0.874
4.367651e-006,-0.875667
4.367901e-006,-0.875667
4.368151e-006,-0.875667
4.368401e-006,-0.874
4.368651e-006,-0.875667
4.368901e-006,-0.875667
4.369151e-006,-0.875667
4.369401e-006,-0.874
4.369651e-006,-0.875667
4.369901e-006,-0.875667
4.370151e-006,-0.875667
4.370401e-006,-0.874
4.370651e-006,-0.875667
4.370901e-006,-0.875667
4.371151e-006,-0.875667
4.371401e-006,-0.874
4.371651e-006,-0.875667
4.371901e-006,-0.875667
4.372151e-006,-0.875667
4.372401e-006,-0.874
4.372651e-006,-0.875667
4.372901e-006,-0.875667
4.373151e-006,-0.875667
4.373401e-006,-0.874
4.373651e-006,-0.875667
4.373901e-006,-0.875667
4.374151e-006,-0.875667
4.374401e-006,-0.874
4.374651e-006,-0.875667
4.374901e-006,-0.875667
4.375151e-006,-0.875667
4.375401e-006,-0.874
4.375651e-006,-0.875667
4.375901e-006,-0.875667
4.376151e-006,-0.875667
4.376401e-006,-0.874
4.376651e-006,-0.875667
4.376901e-006,-0.875667
4.377151e-006,-0.875667
4.377401e-006,-0.874
4.377651e-006,-0.875667
4.377901e-006,-0.875667
4.378151e-006,-0.875667
4.378401e-006,-0.874
4.378651e-006,-0.875667
4.378901e-006,-0.875667
4.379151e-006,-0.874
4.379401e-006,-0.874
4.379651e-006,-0.875667
4.379901e-006,-0.875667
4.380151e-006,-0.874
4.380401e-006,-0.874
4.380651e-006,-0.875667
4.380901e-006,-0.875667
4.381151e-006,-0.874
4.381401e-006,-0.874
4.381651e-006,-0.875667
4.381901e-006,-0.875667
4.382151e-006,-0.874
4.382401e-006,-0.874
4.382651e-006,-0.875667
4.382901e-006,-0.875667
4.383151e-006,-0.874
4.383401e-006,-0.874
4.383651e-006,-0.875667
4.383901e-006,-0.875667
4.384151e-006,-0.875667
4.384401e-006,-0.874
4.384651e-006,-0.875667
4.384901e-006,-0.875667
4.385151e-006,-0.874
4.385401e-006,-0.874
4.385651e-006,-0.875667
4.385901e-006,-0.875667
4.386151e-006,-0.874
4.386401e-006,-0.874
4.386651e-006,-0.875667
4.386901e-006,-0.875667
4.387151e-006,-0.874
4.387401e-006,-0.874
4.387651e-006,-0.875667
4.387901e-006,-0.875667
4.388151e-006,-0.874
4.388401e-006,-0.874
4.388651e-006,-0.875667
4.388901e-006,-0.875667
4.389151e-006,-0.874
4.389401e-006,-0.874
4.389651e-006,-0.875667
4.389901e-006,-0.875667
4.390151e-006,-0.874
4.390401e-006,-0.874
4.390651e-006,-0.875667
4.390901e-006,-0.875667
4.391151e-006,-0.874
4.391401e-006,-0.874
4.391651e-006,-0.875667
4.391901e-006,-0.875667
4.392151e-006,-0.874
4.392401e-006,-0.874
4.392651e-006,-0.875667
4.392901e-006,-0.875667
4.393151e-006,-0.874
4.393401e-006,-0.874
4.393651e-006,-0.875667
4.393901e-006,-0.874
4.394151e-006,-0.874
4.394401e-006,-0.874
4.394651e-006,-0.875667
4.394901e-006,-0.874
4.395151e-006,-0.874
4.395401e-006,-0.874
4.395651e-006,-0.875667
4.395901e-006,-0.874
4.396151e-006,-0.874
4.396401e-006,-0.874
4.396651e-006,-0.875667
4.396901e-006,-0.874
4.397151e-006,-0.874
4.397401e-006,-0.874
4.397651e-006,-0.875667
4.397901e-006,-0.875667
4.398151e-006,-0.874
4.398401e-006,-0.874
4.398651e-006,-0.875667
4.398901e-006,-0.875667
4.399151e-006,-0.874
4.399401e-006,-0.874
4.399651e-006,-0.875667
4.399901e-006,-0.875667
4.400151e-006,-0.874
4.400401e-006,-0.874
4.400651e-006,-0.875667
4.400901e-006,-0.875667
4.401151e-006,-0.874
4.401401e-006,-0.874
4.401651e-006,-0.875667
4.401901e-006,-0.875667
4.402151e-006,-0.874
4.402401e-006,-0.874
4.402651e-006,-0.875667
4.402901e-006,-0.875667
4.403151e-006,-0.874
4.403401e-006,-0.874
4.403651e-006,-0.875667
4.403901e-006,-0.875667
4.404151e-006,-0.874
4.404401e-006,-0.874
4.404651e-006,-0.875667
4.404901e-006,-0.875667
4.405151e-006,-0.874
4.405401e-006,-0.874
4.405651e-006,-0.875667
4.405901e-006,-0.875667
4.406151e-006,-0.874
4.406401e-006,-0.874
4.406651e-006,-0.875667
4.406901e-006,-0.875667
4.407151e-006,-0.874
4.407401e-006,-0.874
4.407651e-006,-0.875667
4.407901e-006,-0.875667
4.408151e-006,-0.874
4.408401e-006,-0.874
4.408651e-006,-0.874
4.408901e-006,-0.875667
4.409151e-006,-0.875667
4.409401e-006,-0.874
4.409651e-006,-0.875667
4.409901e-006,-0.875667
4.410151e-006,-0.875667
4.410401e-006,-0.874
4.410651e-006,-0.874
4.410901e-006,-0.875667
4.411151e-006,-0.875667
4.411401e-006,-0.874
4.411651e-006,-0.875667
4.411901e-006,-0.875667
4.412151e-006,-0.875667
4.412401e-006,-0.874
4.412651e-006,-0.875667
4.412901e-006,-0.875667
4.413151e-006,-0.874
4.413401e-006,-0.874
4.413651e-006,-0.875667
4.413901e-006,-0.875667
4.414151e-006,-0.874
4.414401e-006,-0.874
4.414651e-006,-0.875667
4.414901e-006,-0.875667
4.415151e-006,-0.874
4.415401e-006,-0.874
4.415651e-006,-0.875667
4.415901e-006,-0.875667
4.416151e-006,-0.874
4.416401e-006,-0.874
4.416651e-006,-0.875667
4.416901e-006,-0.875667
4.417151e-006,-0.874
4.417401e-006,-0.874
4.417651e-006,-0.875667
4.417901e-006,-0.875667
4.418151e-006,-0.874
4.418401e-006,-0.874
4.418651e-006,-0.875667
4.418901e-006,-0.875667
4.419151e-006,-0.874
4.419401e-006,-0.874
4.419651e-006,-0.875667
4.419901e-006,-0.875667
4.420151e-006,-0.874
4.420401e-006,-0.874
4.420651e-006,-0.875667
4.420901e-006,-0.875667
4.421151e-006,-0.874
4.421401e-006,-0.874
4.421651e-006,-0.875667
4.421901e-006,-0.875667
4.422151e-006,-0.874
4.422401e-006,-0.874
4.422651e-006,-0.875667
4.422901e-006,-0.875667
4.423151e-006,-0.874
4.423401e-006,-0.874
4.423651e-006,-0.875667
4.423901e-006,-0.875667
4.424151e-006,-0.874
4.424401e-006,-0.874
4.424651e-006,-0.875667
4.424901e-006,-0.875667
4.425151e-006,-0.874
4.425401e-006,-0.874
4.425651e-006,-0.875667
4.425901e-006,-0.875667
4.426151e-006,-0.874
4.426401e-006,-0.874
4.426651e-006,-0.875667
4.426901e-006,-0.875667
4.427151e-006,-0.874
4.427401e-006,-0.874
4.427651e-006,-0.875667
4.427901e-006,-0.875667
4.428151e-006,-0.874
4.428401e-006,-0.874
4.428651e-006,-0.875667
4.428901e-006,-0.875667
4.429151e-006,-0.874
4.429401e-006,-0.874
4.429651e-006,-0.875667
4.429901e-006,-0.875667
4.430151e-006,-0.874
4.430401e-006,-0.874
4.430651e-006,-0.875667
4.430901e-006,-0.875667
4.431151e-006,-0.874
4.431401e-006,-0.874
4.431651e-006,-0.875667
4.431901e-006,-0.875667
4.432151e-006,-0.874
4.432401e-006,-0.874
4.432651e-006,-0.875667
4.432901e-006,-0.875667
4.433151e-006,-0.874
4.433401e-006,-0.874
4.433651e-006,-0.875667
4.433901e-006,-0.875667
4.434151e-006,-0.874
4.434401e-006,-0.874
4.434651e-006,-0.875667
4.434901e-006,-0.875667
4.435151e-006,-0.874
4.435401e-006,-0.874
4.435651e-006,-0.875667
4.435901e-006,-0.875667
4.436151e-006,-0.874
4.436401e-006,-0.874
4.436651e-006,-0.875667
4.436901e-006,-0.875667
4.437151e-006,-0.874
4.437401e-006,-0.874
4.437651e-006,-0.875667
4.437901e-006,-0.875667
4.438151e-006,-0.874
4.438401e-006,-0.874
4.438651e-006,-0.875667
4.438901e-006,-0.875667
4.439151e-006,-0.874
4.439401e-006,-0.874
4.439651e-006,-0.875667
4.439901e-006,-0.875667
4.440151e-006,-0.874
4.440401e-006,-0.874
4.440651e-006,-0.875667
4.440901e-006,-0.875667
4.441151e-006,-0.874
4.441401e-006,-0.874
4.441651e-006,-0.875667
4.441901e-006,-0.875667
4.442151e-006,-0.874
4.442401e-006,-0.874
4.442651e-006,-0.875667
4.442901e-006,-0.875667
4.443151e-006,-0.874
4.443401e-006,-0.874
4.443651e-006,-0.875667
4.443901e-006,-0.875667
4.444151e-006,-0.874
4.444401e-006,-0.874
4.444651e-006,-0.875667
4.444901e-006,-0.875667
4.445151e-006,-0.874
4.445401e-006,-0.874
4.445651e-006,-0.875667
4.445901e-006,-0.875667
4.446151e-006,-0.874
4.446401e-006,-0.874
4.446651e-006,-0.875667
4.446901e-006,-0.875667
4.447151e-006,-0.874
4.447401e-006,-0.874
4.447651e-006,-0.875667
4.447901e-006,-0.875667
4.448151e-006,-0.874
4.448401e-006,-0.874
4.448651e-006,-0.875667
4.448901e-006,-0.875667
4.449151e-006,-0.874
4.449401e-006,-0.874
4.449651e-006,-0.875667
4.449901e-006,-0.875667
4.450151e-006,-0.874
4.450401e-006,-0.874
4.450651e-006,-0.875667
4.450901e-006,-0.875667
4.451151e-006,-0.874
4.451401e-006,-0.874
4.451651e-006,-0.875667
4.451901e-006,-0.875667
4.452151e-006,-0.874
4.452401e-006,-0.874
4.452651e-006,-0.875667
4.452901e-006,-0.875667
4.453151e-006,-0.874
4.453401e-006,-0.874
4.453651e-006,-0.875667
4.453901e-006,-0.875667
4.454151e-006,-0.874
4.454401e-006,-0.874
4.454651e-006,-0.875667
4.454901e-006,-0.875667
4.455151e-006,-0.874
4.455401e-006,-0.874
4.455651e-006,-0.875667
4.455901e-006,-0.875667
4.456151e-006,-0.874
4.456401e-006,-0.874
4.456651e-006,-0.875667
4.456901e-006,-0.875667
4.457151e-006,-0.874
4.457401e-006,-0.874
4.457651e-006,-0.875667
4.457901e-006,-0.875667
4.458151e-006,-0.874
4.458401e-006,-0.874
4.458651e-006,-0.875667
4.458901e-006,-0.875667
4.459151e-006,-0.874
4.459401e-006,-0.874
4.459651e-006,-0.874
4.459901e-006,-0.875667
4.460151e-006,-0.874
4.460401e-006,-0.874
4.460651e-006,-0.874
4.460901e-006,-0.875667
4.461151e-006,-0.874
4.461401e-006,-0.874
4.461651e-006,-0.874
4.461901e-006,-0.875667
4.462151e-006,-0.874
4.462401e-006,-0.874
4.462651e-006,-0.874
4.462901e-006,-0.875667
4.463151e-006,-0.874
4.463401e-006,-0.874
4.463651e-006,-0.874
4.463901e-006,-0.875667
4.464151e-006,-0.874
4.464401e-006,-0.874
4.464651e-006,-0.874
4.464901e-006,-0.875667
4.465151e-006,-0.874
4.465401e-006,-0.874
4.465651e-006,-0.874
4.465901e-006,-0.875667
4.466151e-006,-0.874
4.466401e-006,-0.874
4.466651e-006,-0.874
4.466901e-006,-0.875667
4.467151e-006,-0.874
4.467401e-006,-0.874
4.467651e-006,-0.874
4.467901e-006,-0.875667
4.468151e-006,-0.874
4.468401e-006,-0.874
4.468651e-006,-0.874
4.468901e-006,-0.875667
4.469151e-006,-0.874
4.469401e-006,-0.874
4.469651e-006,-0.874
4.469901e-006,-0.875667
4.470151e-006,-0.874
4.470401e-006,-0.874
4.470651e-006,-0.874
4.470901e-006,-0.875667
4.471151e-006,-0.874
4.471401e-006,-0.874
4.471651e-006,-0.874
4.471901e-006,-0.875667
4.472151e-006,-0.874
4.472401e-006,-0.874
4.472651e-006,-0.874
4.472901e-006,-0.875667
4.473151e-006,-0.874
4.473401e-006,-0.874
4.473651e-006,-0.874
4.473901e-006,-0.875667
4.474151e-006,-0.875667
4.474401e-006,-0.874
4.474651e-006,-0.875667
4.474901e-006,-0.875667
4.475151e-006,-0.875667
4.475401e-006,-0.874
4.475651e-006,-0.875667
4.475901e-006,-0.875667
4.476151e-006,-0.875667
4.476401e-006,-0.874
4.476651e-006,-0.875667
4.476901e-006,-0.875667
4.477151e-006,-0.875667
4.477401e-006,-0.874
4.477651e-006,-0.875667
4.477901e-006,-0.875667
4.478151e-006,-0.874
4.478401e-006,-0.874
4.478651e-006,-0.874
4.478901e-006,-0.875667
4.479151e-006,-0.874
4.479401e-006,-0.874
4.479651e-006,-0.874
4.479901e-006,-0.875667
4.480151e-006,-0.874
4.480401e-006,-0.874
4.480651e-006,-0.874
4.480901e-006,-0.875667
4.481151e-006,-0.874
4.481401e-006,-0.874
4.481651e-006,-0.874
4.481901e-006,-0.875667
4.482151e-006,-0.874
4.482401e-006,-0.874
4.482651e-006,-0.875667
4.482901e-006,-0.875667
4.483151e-006,-0.874
4.483401e-006,-0.874
4.483651e-006,-0.875667
4.483901e-006,-0.875667
4.484151e-006,-0.874
4.484401e-006,-0.874
4.484651e-006,-0.875667
4.484901e-006,-0.875667
4.485151e-006,-0.874
4.485401e-006,-0.874
4.485651e-006,-0.875667
4.485901e-006,-0.875667
4.486151e-006,-0.874
4.486401e-006,-0.874
4.486651e-006,-0.874
4.486901e-006,-0.875667
4.487151e-006,-0.874
4.487401e-006,-0.874
4.487651e-006,-0.874
4.487901e-006,-0.875667
4.488151e-006,-0.874
4.488401e-006,-0.874
4.488651e-006,-0.874
4.488901e-006,-0.875667
4.489151e-006,-0.874
4.489401e-006,-0.874
4.489651e-006,-0.874
4.489901e-006,-0.875667
4.490151e-006,-0.874
4.490401e-006,-0.874
4.490651e-006,-0.874
4.490901e-006,-0.875667
4.491151e-006,-0.874
4.491401e-006,-0.874
4.491651e-006,-0.874
4.491901e-006,-0.875667
4.492151e-006,-0.874
4.492401e-006,-0.874
4.492651e-006,-0.874
4.492901e-006,-0.875667
4.493151e-006,-0.874
4.493401e-006,-0.874
4.493651e-006,-0.874
4.493901e-006,-0.875667
4.494151e-006,-0.874
4.494401e-006,-0.874
4.494651e-006,-0.875667
4.494901e-006,-0.875667
4.495151e-006,-0.875667
4.495401e-006,-0.874
4.495651e-006,-0.875667
4.495901e-006,-0.875667
4.496151e-006,-0.875667
4.496401e-006,-0.874
4.496651e-006,-0.875667
4.496901e-006,-0.875667
4.497151e-006,-0.875667
4.497401e-006,-0.874
4.497651e-006,-0.875667
4.497901e-006,-0.875667
4.498151e-006,-0.875667
4.498401e-006,-0.874
4.498651e-006,-0.875667
4.498901e-006,-0.875667
4.499151e-006,-0.875667
4.499401e-006,-0.874
4.499651e-006,-0.875667
4.499901e-006,-0.875667
4.500151e-006,-0.875667
4.500401e-006,-0.874
4.500651e-006,-0.875667
4.500901e-006,-0.875667
4.501151e-006,-0.875667
4.501401e-006,-0.874
4.501651e-006,-0.875667
4.501901e-006,-0.875667
4.502151e-006,-0.875667
4.502401e-006,-0.874
4.502651e-006,-0.875667
4.502901e-006,-0.875667
4.503151e-006,-0.874
4.503401e-006,-0.874
4.503651e-006,-0.875667
4.503901e-006,-0.875667
4.504151e-006,-0.874
4.504401e-006,-0.874
4.504651e-006,-0.874
4.504901e-006,-0.875667
4.505151e-006,-0.874
4.505401e-006,-0.874
4.505651e-006,-0.875667
4.505901e-006,-0.875667
4.506151e-006,-0.874
4.506401e-006,-0.874
4.506651e-006,-0.875667
4.506901e-006,-0.875667
4.507151e-006,-0.874
4.507401e-006,-0.874
4.507651e-006,-0.875667
4.507901e-006,-0.875667
4.508151e-006,-0.874
4.508401e-006,-0.874
4.508651e-006,-0.874
4.508901e-006,-0.875667
4.509151e-006,-0.874
4.509401e-006,-0.874
4.509651e-006,-0.874
4.509901e-006,-0.875667
4.510151e-006,-0.874
4.510401e-006,-0.874
4.510651e-006,-0.874
4.510901e-006,-0.875667
4.511151e-006,-0.874
4.511401e-006,-0.874
4.511651e-006,-0.874
4.511901e-006,-0.875667
4.512151e-006,-0.875667
4.512401e-006,-0.874
4.512651e-006,-0.874
4.512901e-006,-0.875667
4.513151e-006,-0.875667
4.513401e-006,-0.874
4.513651e-006,-0.874
4.513901e-006,-0.875667
4.514151e-006,-0.874
4.514401e-006,-0.874
4.514651e-006,-0.874
4.514901e-006,-0.875667
4.515151e-006,-0.874
4.515401e-006,-0.874
4.515651e-006,-0.874
4.515901e-006,-0.875667
4.516151e-006,-0.875667
4.516401e-006,-0.874
4.516651e-006,-0.875667
4.516901e-006,-0.875667
4.517151e-006,-0.875667
4.517401e-006,-0.874
4.517651e-006,-0.875667
4.517901e-006,-0.875667
4.518151e-006,-0.875667
4.518401e-006,-0.874
4.518651e-006,-0.875667
4.518901e-006,-0.875667
4.519151e-006,-0.875667
4.519401e-006,-0.874
4.519651e-006,-0.875667
4.519901e-006,-0.875667
4.520151e-006,-0.874
4.520401e-006,-0.874
4.520651e-006,-0.874
4.520901e-006,-0.875667
4.521151e-006,-0.874
4.521401e-006,-0.874
4.521651e-006,-0.875667
4.521901e-006,-0.875667
4.522151e-006,-0.874
4.522401e-006,-0.874
4.522651e-006,-0.875667
4.522901e-006,-0.875667
4.523151e-006,-0.874
4.523401e-006,-0.874
4.523651e-006,-0.875667
4.523901e-006,-0.875667
4.524151e-006,-0.874
4.524401e-006,-0.874
4.524651e-006,-0.875667
4.524901e-006,-0.875667
4.525151e-006,-0.874
4.525401e-006,-0.874
4.525651e-006,-0.875667
4.525901e-006,-0.875667
4.526151e-006,-0.874
4.526401e-006,-0.874
4.526651e-006,-0.875667
4.526901e-006,-0.875667
4.527151e-006,-0.874
4.527401e-006,-0.874
4.527651e-006,-0.875667
4.527901e-006,-0.875667
4.528151e-006,-0.874
4.528401e-006,-0.874
4.528651e-006,-0.874
4.528901e-006,-0.875667
4.529151e-006,-0.874
4.529401e-006,-0.874
4.529651e-006,-0.874
4.529901e-006,-0.875667
4.530151e-006,-0.874
4.530401e-006,-0.874
4.530651e-006,-0.874
4.530901e-006,-0.875667
4.531151e-006,-0.874
4.531401e-006,-0.874
4.531651e-006,-0.874
4.531901e-006,-0.875667
4.532151e-006,-0.874
4.532401e-006,-0.874
4.532651e-006,-0.874
4.532901e-006,-0.875667
4.533151e-006,-0.875667
4.533401e-006,-0.874
4.533651e-006,-0.874
4.533901e-006,-0.875667
4.534151e-006,-0.875667
4.534401e-006,-0.874
4.534651e-006,-0.874
4.534901e-006,-0.875667
4.535151e-006,-0.875667
4.535401e-006,-0.874
4.535651e-006,-0.874
4.535901e-006,-0.875667
4.536151e-006,-0.875667
4.536401e-006,-0.874
4.536651e-006,-0.875667
4.536901e-006,-0.875667
4.537151e-006,-0.875667
4.537401e-006,-0.874
4.537651e-006,-0.875667
4.537901e-006,-0.875667
4.538151e-006,-0.875667
4.538401e-006,-0.874
4.538651e-006,-0.875667
4.538901e-006,-0.875667
4.539151e-006,-0.875667
4.539401e-006,-0.874
4.539651e-006,-0.875667
4.539901e-006,-0.875667
4.540151e-006,-0.875667
4.540401e-006,-0.874
4.540651e-006,-0.875667
4.540901e-006,-0.875667
4.541151e-006,-0.875667
4.541401e-006,-0.874
4.541651e-006,-0.875667
4.541901e-006,-0.875667
4.542151e-006,-0.875667
4.542401e-006,-0.874
4.542651e-006,-0.875667
4.542901e-006,-0.875667
4.543151e-006,-0.874
4.543401e-006,-0.874
4.543651e-006,-0.875667
4.543901e-006,-0.875667
4.544151e-006,-0.874
4.544401e-006,-0.874
4.544651e-006,-0.875667
4.544901e-006,-0.875667
4.545151e-006,-0.874
4.545401e-006,-0.874
4.545651e-006,-0.875667
4.545901e-006,-0.875667
4.546151e-006,-0.874
4.546401e-006,-0.874
4.546651e-006,-0.875667
4.546901e-006,-0.875667
4.547151e-006,-0.874
4.547401e-006,-0.874
4.547651e-006,-0.875667
4.547901e-006,-0.875667
4.548151e-006,-0.874
4.548401e-006,-0.874
4.548651e-006,-0.875667
4.548901e-006,-0.875667
4.549151e-006,-0.875667
4.549401e-006,-0.874
4.549651e-006,-0.875667
4.549901e-006,-0.875667
4.550151e-006,-0.874
4.550401e-006,-0.874
4.550651e-006,-0.875667
4.550901e-006,-0.875667
4.551151e-006,-0.874
4.551401e-006,-0.874
4.551651e-006,-0.875667
4.551901e-006,-0.875667
4.552151e-006,-0.874
4.552401e-006,-0.874
4.552651e-006,-0.875667
4.552901e-006,-0.875667
4.553151e-006,-0.874
4.553401e-006,-0.874
4.553651e-006,-0.875667
4.553901e-006,-0.875667
4.554151e-006,-0.874
4.554401e-006,-0.874
4.554651e-006,-0.875667
4.554901e-006,-0.875667
4.555151e-006,-0.874
4.555401e-006,-0.874
4.555651e-006,-0.875667
4.555901e-006,-0.875667
4.556151e-006,-0.874
4.556401e-006,-0.874
4.556651e-006,-0.875667
4.556901e-006,-0.875667
4.557151e-006,-0.874
4.557401e-006,-0.874
4.557651e-006,-0.875667
4.557901e-006,-0.875667
4.558151e-006,-0.874
4.558401e-006,-0.874
4.558651e-006,-0.875667
4.558901e-006,-0.875667
4.559151e-006,-0.874
4.559401e-006,-0.874
4.559651e-006,-0.874
4.559901e-006,-0.874
4.560151e-006,-0.874
4.560401e-006,-0.874
4.560651e-006,-0.875667
4.560901e-006,-0.875667
4.561151e-006,-0.874
4.561401e-006,-0.874
4.561651e-006,-0.875667
4.561901e-006,-0.875667
4.562151e-006,-0.874
4.562401e-006,-0.874
4.562651e-006,-0.875667
4.562901e-006,-0.875667
4.563151e-006,-0.874
4.563401e-006,-0.874
4.563651e-006,-0.875667
4.563901e-006,-0.875667
4.564151e-006,-0.874
4.564401e-006,-0.874
4.564651e-006,-0.875667
4.564901e-006,-0.875667
4.565151e-006,-0.874
4.565401e-006,-0.874
4.565651e-006,-0.875667
4.565901e-006,-0.875667
4.566151e-006,-0.874
4.566401e-006,-0.874
4.566651e-006,-0.874
4.566901e-006,-0.875667
4.567151e-006,-0.874
4.567401e-006,-0.874
4.567651e-006,-0.874
4.567901e-006,-0.875667
4.568151e-006,-0.874
4.568401e-006,-0.874
4.568651e-006,-0.874
4.568901e-006,-0.875667
4.569151e-006,-0.874
4.569401e-006,-0.874
4.569651e-006,-0.874
4.569901e-006,-0.875667
4.570151e-006,-0.874
4.570401e-006,-0.874
4.570651e-006,-0.874
4.570901e-006,-0.875667
4.571151e-006,-0.874
4.571401e-006,-0.874
4.571651e-006,-0.874
4.571901e-006,-0.875667
4.572151e-006,-0.874
4.572401e-006,-0.874
4.572651e-006,-0.874
4.572901e-006,-0.875667
4.573151e-006,-0.874
4.573401e-006,-0.874
4.573651e-006,-0.874
4.573901e-006,-0.875667
4.574151e-006,-0.874
4.574401e-006,-0.874
4.574651e-006,-0.874
4.574901e-006,-0.875667
4.575151e-006,-0.874
4.575401e-006,-0.874
4.575651e-006,-0.874
4.575901e-006,-0.875667
4.576151e-006,-0.874
4.576401e-006,-0.874
4.576651e-006,-0.874
4.576901e-006,-0.875667
4.577151e-006,-0.874
4.577401e-006,-0.874
4.577651e-006,-0.874
4.577901e-006,-0.874
4.578151e-006,-0.874
4.578401e-006,-0.874
4.578651e-006,-0.874
4.578901e-006,-0.875667
4.579151e-006,-0.874
4.579401e-006,-0.874
4.579651e-006,-0.875667
4.579901e-006,-0.875667
4.580151e-006,-0.874
4.580401e-006,-0.874
4.580651e-006,-0.875667
4.580901e-006,-0.875667
4.581151e-006,-0.874
4.581401e-006,-0.874
4.581651e-006,-0.874
4.581901e-006,-0.875667
4.582151e-006,-0.874
4.582401e-006,-0.874
4.582651e-006,-0.874
4.582901e-006,-0.875667
4.583151e-006,-0.874
4.583401e-006,-0.874
4.583651e-006,-0.874
4.583901e-006,-0.875667
4.584151e-006,-0.874
4.584401e-006,-0.874
4.584651e-006,-0.874
4.584901e-006,-0.874
4.585151e-006,-0.874
4.585401e-006,-0.874
4.585651e-006,-0.874
4.585901e-006,-0.875667
4.586151e-006,-0.874
4.586401e-006,-0.874
4.586651e-006,-0.874
4.586901e-006,-0.875667
4.587151e-006,-0.874
4.587401e-006,-0.874
4.587651e-006,-0.874
4.587901e-006,-0.875667
4.588151e-006,-0.874
4.588401e-006,-0.874
4.588651e-006,-0.874
4.588901e-006,-0.875667
4.589151e-006,-0.874
4.589401e-006,-0.874
4.589651e-006,-0.875667
4.589901e-006,-0.875667
4.590151e-006,-0.874
4.590401e-006,-0.874
4.590651e-006,-0.875667
4.590901e-006,-0.875667
4.591151e-006,-0.874
4.591401e-006,-0.874
4.591651e-006,-0.875667
4.591901e-006,-0.875667
4.592151e-006,-0.874
4.592401e-006,-0.874
4.592651e-006,-0.875667
4.592901e-006,-0.875667
4.593151e-006,-0.874
4.593401e-006,-0.874
4.593651e-006,-0.875667
4.593901e-006,-0.875667
4.594151e-006,-0.874
4.594401e-006,-0.874
4.594651e-006,-0.875667
4.594901e-006,-0.875667
4.595151e-006,-0.874
4.595401e-006,-0.874
4.595651e-006,-0.875667
4.595901e-006,-0.875667
4.596151e-006,-0.874
4.596401e-006,-0.874
4.596651e-006,-0.875667
4.596901e-006,-0.875667
4.597151e-006,-0.874
4.597401e-006,-0.874
4.597651e-006,-0.875667
4.597901e-006,-0.875667
4.598151e-006,-0.874
4.598401e-006,-0.874
4.598651e-006,-0.875667
4.598901e-006,-0.875667
4.599151e-006,-0.874
4.599401e-006,-0.874
4.599651e-006,-0.875667
4.599901e-006,-0.875667
4.600151e-006,-0.874
4.600401e-006,-0.874
4.600651e-006,-0.875667
4.600901e-006,-0.875667
4.601151e-006,-0.874
4.601401e-006,-0.874
4.601651e-006,-0.875667
4.601901e-006,-0.875667
4.602151e-006,-0.874
4.602401e-006,-0.874
4.602651e-006,-0.875667
4.602901e-006,-0.875667
4.603151e-006,-0.874
4.603401e-006,-0.874
4.603651e-006,-0.874
4.603901e-006,-0.875667
4.604151e-006,-0.874
4.604401e-006,-0.874
4.604651e-006,-0.874
4.604901e-006,-0.875667
4.605151e-006,-0.874
4.605401e-006,-0.874
4.605651e-006,-0.875667
4.605901e-006,-0.875667
4.606151e-006,-0.874
4.606401e-006,-0.874
4.606651e-006,-0.875667
4.606901e-006,-0.875667
4.607151e-006,-0.874
4.607401e-006,-0.874
4.607651e-006,-0.875667
4.607901e-006,-0.875667
4.608151e-006,-0.874
4.608401e-006,-0.874
4.608651e-006,-0.875667
4.608901e-006,-0.875667
4.609151e-006,-0.874
4.609401e-006,-0.874
4.609651e-006,-0.875667
4.609901e-006,-0.875667
4.610151e-006,-0.874
4.610401e-006,-0.874
4.610651e-006,-0.875667
4.610901e-006,-0.875667
4.611151e-006,-0.874
4.611401e-006,-0.874
4.611651e-006,-0.875667
4.611901e-006,-0.875667
4.612151e-006,-0.874
4.612401e-006,-0.874
4.612651e-006,-0.875667
4.612901e-006,-0.875667
4.613151e-006,-0.874
4.613401e-006,-0.874
4.613651e-006,-0.875667
4.613901e-006,-0.875667
4.614151e-006,-0.874
4.614401e-006,-0.874
4.614651e-006,-0.875667
4.614901e-006,-0.875667
4.615151e-006,-0.874
4.615401e-006,-0.874
4.615651e-006,-0.875667
4.615901e-006,-0.875667
4.616151e-006,-0.874
4.616401e-006,-0.874
4.616651e-006,-0.874
4.616901e-006,-0.875667
4.617151e-006,-0.874
4.617401e-006,-0.874
4.617651e-006,-0.874
4.617901e-006,-0.875667
4.618151e-006,-0.874
4.618401e-006,-0.874
4.618651e-006,-0.874
4.618901e-006,-0.875667
4.619151e-006,-0.874
4.619401e-006,-0.874
4.619651e-006,-0.874
4.619901e-006,-0.875667
4.620151e-006,-0.874
4.620401e-006,-0.874
4.620651e-006,-0.874
4.620901e-006,-0.875667
4.621151e-006,-0.874
4.621401e-006,-0.874
4.621651e-006,-0.874
4.621901e-006,-0.875667
4.622151e-006,-0.874
4.622401e-006,-0.874
4.622651e-006,-0.875667
4.622901e-006,-0.875667
4.623151e-006,-0.874
4.623401e-006,-0.874
4.623651e-006,-0.875667
4.623901e-006,-0.875667
4.624151e-006,-0.874
4.624401e-006,-0.874
4.624651e-006,-0.875667
4.624901e-006,-0.874
4.625151e-006,-0.874
4.625401e-006,-0.874
4.625651e-006,-0.874
4.625901e-006,-0.875667
4.626151e-006,-0.874
4.626401e-006,-0.874
4.626651e-006,-0.874
4.626901e-006,-0.875667
4.627151e-006,-0.874
4.627401e-006,-0.874
4.627651e-006,-0.874
4.627901e-006,-0.875667
4.628151e-006,-0.874
4.628401e-006,-0.874
4.628651e-006,-0.874
4.628901e-006,-0.875667
4.629151e-006,-0.874
4.629401e-006,-0.874
4.629651e-006,-0.874
4.629901e-006,-0.875667
4.630151e-006,-0.874
4.630401e-006,-0.874
4.630651e-006,-0.874
4.630901e-006,-0.874
4.631151e-006,-0.874
4.631401e-006,-0.874
4.631651e-006,-0.874
4.631901e-006,-0.874
4.632151e-006,-0.874
4.632401e-006,-0.874
4.632651e-006,-0.874
4.632901e-006,-0.875667
4.633151e-006,-0.874
4.633401e-006,-0.874
4.633651e-006,-0.874
4.633901e-006,-0.875667
4.634151e-006,-0.875667
4.634401e-006,-0.874
4.634651e-006,-0.874
4.634901e-006,-0.875667
4.635151e-006,-0.875667
4.635401e-006,-0.874
4.635651e-006,-0.874
4.635901e-006,-0.875667
4.636151e-006,-0.875667
4.636401e-006,-0.874
4.636651e-006,-0.874
4.636901e-006,-0.875667
4.637151e-006,-0.875667
4.637401e-006,-0.874
4.637651e-006,-0.874
4.637901e-006,-0.875667
4.638151e-006,-0.875667
4.638401e-006,-0.874
4.638651e-006,-0.874
4.638901e-006,-0.875667
4.639151e-006,-0.875667
4.639401e-006,-0.874
4.639651e-006,-0.874
4.639901e-006,-0.874
4.640151e-006,-0.874
4.640401e-006,-0.874
4.640651e-006,-0.874
4.640901e-006,-0.874
4.641151e-006,-0.874
4.641401e-006,-0.874
4.641651e-006,-0.874
4.641901e-006,-0.874
4.642151e-006,-0.874
4.642401e-006,-0.874
4.642651e-006,-0.874
4.642901e-006,-0.874
4.643151e-006,-0.874
4.643401e-006,-0.874
4.643651e-006,-0.874
4.643901e-006,-0.875667
4.644151e-006,-0.874
4.644401e-006,-0.874
4.644651e-006,-0.875667
4.644901e-006,-0.875667
4.645151e-006,-0.874
4.645401e-006,-0.874
4.645651e-006,-0.874
4.645901e-006,-0.875667
4.646151e-006,-0.874
4.646401e-006,-0.874
4.646651e-006,-0.875667
4.646901e-006,-0.875667
4.647151e-006,-0.874
4.647401e-006,-0.874
4.647651e-006,-0.875667
4.647901e-006,-0.875667
4.648151e-006,-0.874
4.648401e-006,-0.874
4.648651e-006,-0.874
4.648901e-006,-0.875667
4.649151e-006,-0.874
4.649401e-006,-0.874
4.649651e-006,-0.874
4.649901e-006,-0.875667
4.650151e-006,-0.874
4.650401e-006,-0.874
4.650651e-006,-0.874
4.650901e-006,-0.875667
4.651151e-006,-0.874
4.651401e-006,-0.874
4.651651e-006,-0.874
4.651901e-006,-0.875667
4.652151e-006,-0.874
4.652401e-006,-0.874
4.652651e-006,-0.874
4.652901e-006,-0.875667
4.653151e-006,-0.874
4.653401e-006,-0.874
4.653651e-006,-0.874
4.653901e-006,-0.875667
4.654151e-006,-0.874
4.654401e-006,-0.874
4.654651e-006,-0.874
4.654901e-006,-0.875667
4.655151e-006,-0.874
4.655401e-006,-0.874
4.655651e-006,-0.874
4.655901e-006,-0.875667
4.656151e-006,-0.874
4.656401e-006,-0.874
4.656651e-006,-0.875667
4.656901e-006,-0.875667
4.657151e-006,-0.874
4.657401e-006,-0.874
4.657651e-006,-0.875667
4.657901e-006,-0.875667
4.658151e-006,-0.874
4.658401e-006,-0.874
4.658651e-006,-0.875667
4.658901e-006,-0.875667
4.659151e-006,-0.874
4.659401e-006,-0.874
4.659651e-006,-0.875667
4.659901e-006,-0.875667
4.660151e-006,-0.874
4.660401e-006,-0.874
4.660651e-006,-0.875667
4.660901e-006,-0.875667
4.661151e-006,-0.874
4.661401e-006,-0.874
4.661651e-006,-0.875667
4.661901e-006,-0.875667
4.662151e-006,-0.874
4.662401e-006,-0.874
4.662651e-006,-0.875667
4.662901e-006,-0.875667
4.663151e-006,-0.874
4.663401e-006,-0.874
4.663651e-006,-0.874
4.663901e-006,-0.874
4.664151e-006,-0.874
4.664401e-006,-0.874
4.664651e-006,-0.874
4.664901e-006,-0.874
4.665151e-006,-0.874
4.665401e-006,-0.874
4.665651e-006,-0.874
4.665901e-006,-0.874
4.666151e-006,-0.874
4.666401e-006,-0.874
4.666651e-006,-0.874
4.666901e-006,-0.874
4.667151e-006,-0.874
4.667401e-006,-0.874
4.667651e-006,-0.874
4.667901e-006,-0.874
4.668151e-006,-0.874
4.668401e-006,-0.874
4.668651e-006,-0.874
4.668901e-006,-0.874
4.669151e-006,-0.874
4.669401e-006,-0.874
4.669651e-006,-0.874
4.669901e-006,-0.875667
4.670151e-006,-0.874
4.670401e-006,-0.874
4.670651e-006,-0.874
4.670901e-006,-0.875667
4.671151e-006,-0.874
4.671401e-006,-0.874
4.671651e-006,-0.874
4.671901e-006,-0.874
4.672151e-006,-0.874
4.672401e-006,-0.874
4.672651e-006,-0.874
4.672901e-006,-0.874
4.673151e-006,-0.874
4.673401e-006,-0.874
4.673651e-006,-0.874
4.673901e-006,-0.874
4.674151e-006,-0.874
4.674401e-006,-0.874
4.674651e-006,-0.874
4.674901e-006,-0.875667
4.675151e-006,-0.874
4.675401e-006,-0.874
4.675651e-006,-0.874
4.675901e-006,-0.875667
4.676151e-006,-0.874
4.676401e-006,-0.874
4.676651e-006,-0.874
4.676901e-006,-0.875667
4.677151e-006,-0.874
4.677401e-006,-0.874
4.677651e-006,-0.874
4.677901e-006,-0.875667
4.678151e-006,-0.874
4.678401e-006,-0.874
4.678651e-006,-0.875667
4.678901e-006,-0.875667
4.679151e-006,-0.874
4.679401e-006,-0.874
4.679651e-006,-0.875667
4.679901e-006,-0.875667
4.680151e-006,-0.874
4.680401e-006,-0.874
4.680651e-006,-0.875667
4.680901e-006,-0.875667
4.681151e-006,-0.874
4.681401e-006,-0.874
4.681651e-006,-0.875667
4.681901e-006,-0.875667
4.682151e-006,-0.874
4.682401e-006,-0.874
4.682651e-006,-0.874
4.682901e-006,-0.875667
4.683151e-006,-0.874
4.683401e-006,-0.874
4.683651e-006,-0.874
4.683901e-006,-0.875667
4.684151e-006,-0.874
4.684401e-006,-0.874
4.684651e-006,-0.875667
4.684901e-006,-0.875667
4.685151e-006,-0.874
4.685401e-006,-0.874
4.685651e-006,-0.875667
4.685901e-006,-0.875667
4.686151e-006,-0.874
4.686401e-006,-0.874
4.686651e-006,-0.875667
4.686901e-006,-0.875667
4.687151e-006,-0.874
4.687401e-006,-0.874
4.687651e-006,-0.875667
4.687901e-006,-0.875667
4.688151e-006,-0.874
4.688401e-006,-0.874
4.688651e-006,-0.874
4.688901e-006,-0.875667
4.689151e-006,-0.874
4.689401e-006,-0.874
4.689651e-006,-0.874
4.689901e-006,-0.875667
4.690151e-006,-0.874
4.690401e-006,-0.874
4.690651e-006,-0.874
4.690901e-006,-0.875667
4.691151e-006,-0.874
4.691401e-006,-0.874
4.691651e-006,-0.874
4.691901e-006,-0.875667
4.692151e-006,-0.874
4.692401e-006,-0.874
4.692651e-006,-0.874
4.692901e-006,-0.875667
4.693151e-006,-0.874
4.693401e-006,-0.874
4.693651e-006,-0.874
4.693901e-006,-0.875667
4.694151e-006,-0.874
4.694401e-006,-0.874
4.694651e-006,-0.875667
4.694901e-006,-0.875667
4.695151e-006,-0.874
4.695401e-006,-0.874
4.695651e-006,-0.875667
4.695901e-006,-0.875667
4.696151e-006,-0.874
4.696401e-006,-0.874
4.696651e-006,-0.875667
4.696901e-006,-0.875667
4.697151e-006,-0.874
4.697401e-006,-0.874
4.697651e-006,-0.875667
4.697901e-006,-0.875667
4.698151e-006,-0.874
4.698401e-006,-0.874
4.698651e-006,-0.875667
4.698901e-006,-0.875667
4.699151e-006,-0.874
4.699401e-006,-0.874
4.699651e-006,-0.875667
4.699901e-006,-0.875667
4.700151e-006,-0.874
4.700401e-006,-0.874
4.700651e-006,-0.875667
4.700901e-006,-0.875667
4.701151e-006,-0.874
4.701401e-006,-0.874
4.701651e-006,-0.875667
4.701901e-006,-0.875667
4.702151e-006,-0.874
4.702401e-006,-0.874
4.702651e-006,-0.875667
4.702901e-006,-0.875667
4.703151e-006,-0.874
4.703401e-006,-0.874
4.703651e-006,-0.875667
4.703901e-006,-0.875667
4.704151e-006,-0.874
4.704401e-006,-0.874
4.704651e-006,-0.875667
4.704901e-006,-0.874
4.705151e-006,-0.874
4.705401e-006,-0.874
4.705651e-006,-0.875667
4.705901e-006,-0.875667
4.706151e-006,-0.874
4.706401e-006,-0.874
4.706651e-006,-0.875667
4.706901e-006,-0.875667
4.707151e-006,-0.874
4.707401e-006,-0.874
4.707651e-006,-0.875667
4.707901e-006,-0.875667
4.708151e-006,-0.874
4.708401e-006,-0.874
4.708651e-006,-0.875667
4.708901e-006,-0.875667
4.709151e-006,-0.874
4.709401e-006,-0.874
4.709651e-006,-0.875667
4.709901e-006,-0.875667
4.710151e-006,-0.874
4.710401e-006,-0.874
4.710651e-006,-0.874
4.710901e-006,-0.875667
4.711151e-006,-0.874
4.711401e-006,-0.874
4.711651e-006,-0.874
4.711901e-006,-0.875667
4.712151e-006,-0.874
4.712401e-006,-0.874
4.712651e-006,-0.874
4.712901e-006,-0.875667
4.713151e-006,-0.875667
4.713401e-006,-0.874
4.713651e-006,-0.874
4.713901e-006,-0.875667
4.714151e-006,-0.875667
4.714401e-006,-0.874
4.714651e-006,-0.874
4.714901e-006,-0.875667
4.715151e-006,-0.875667
4.715401e-006,-0.874
4.715651e-006,-0.875667
4.715901e-006,-0.875667
4.716151e-006,-0.875667
4.716401e-006,-0.874
4.716651e-006,-0.875667
4.716901e-006,-0.875667
4.717151e-006,-0.875667
4.717401e-006,-0.874
4.717651e-006,-0.874
4.717901e-006,-0.875667
4.718151e-006,-0.874
4.718401e-006,-0.874
4.718651e-006,-0.874
4.718901e-006,-0.875667
4.719151e-006,-0.874
4.719401e-006,-0.874
4.719651e-006,-0.874
4.719901e-006,-0.875667
4.720151e-006,-0.874
4.720401e-006,-0.874
4.720651e-006,-0.875667
4.720901e-006,-0.875667
4.721151e-006,-0.874
4.721401e-006,-0.874
4.721651e-006,-0.875667
4.721901e-006,-0.875667
4.722151e-006,-0.874
4.722401e-006,-0.874
4.722651e-006,-0.875667
4.722901e-006,-0.875667
4.723151e-006,-0.874
4.723401e-006,-0.874
4.723651e-006,-0.875667
4.723901e-006,-0.875667
4.724151e-006,-0.874
4.724401e-006,-0.874
4.724651e-006,-0.875667
4.724901e-006,-0.875667
4.725151e-006,-0.874
4.725401e-006,-0.874
4.725651e-006,-0.875667
4.725901e-006,-0.875667
4.726151e-006,-0.874
4.726401e-006,-0.874
4.726651e-006,-0.875667
4.726901e-006,-0.875667
4.727151e-006,-0.874
4.727401e-006,-0.874
4.727651e-006,-0.875667
4.727901e-006,-0.875667
4.728151e-006,-0.874
4.728401e-006,-0.874
4.728651e-006,-0.874
4.728901e-006,-0.875667
4.729151e-006,-0.874
4.729401e-006,-0.874
4.729651e-006,-0.875667
4.729901e-006,-0.875667
4.730151e-006,-0.874
4.730401e-006,-0.874
4.730651e-006,-0.875667
4.730901e-006,-0.875667
4.731151e-006,-0.874
4.731401e-006,-0.874
4.731651e-006,-0.875667
4.731901e-006,-0.874
4.732151e-006,-0.874
4.732401e-006,-0.874
4.732651e-006,-0.875667
4.732901e-006,-0.875667
4.733151e-006,-0.874
4.733401e-006,-0.874
4.733651e-006,-0.875667
4.733901e-006,-0.875667
4.734151e-006,-0.874
4.734401e-006,-0.874
4.734651e-006,-0.875667
4.734901e-006,-0.875667
4.735151e-006,-0.874
4.735401e-006,-0.874
4.735651e-006,-0.875667
4.735901e-006,-0.875667
4.736151e-006,-0.874
4.736401e-006,-0.874
4.736651e-006,-0.875667
4.736901e-006,-0.875667
4.737151e-006,-0.874
4.737401e-006,-0.874
4.737651e-006,-0.875667
4.737901e-006,-0.875667
4.738151e-006,-0.874
4.738401e-006,-0.874
4.738651e-006,-0.875667
4.738901e-006,-0.875667
4.739151e-006,-0.874
4.739401e-006,-0.874
4.739651e-006,-0.875667
4.739901e-006,-0.875667
4.740151e-006,-0.874
4.740401e-006,-0.874
4.740651e-006,-0.874
4.740901e-006,-0.875667
4.741151e-006,-0.874
4.741401e-006,-0.874
4.741651e-006,-0.874
4.741901e-006,-0.875667
4.742151e-006,-0.874
4.742401e-006,-0.874
4.742651e-006,-0.875667
4.742901e-006,-0.875667
4.743151e-006,-0.874
4.743401e-006,-0.874
4.743651e-006,-0.874
4.743901e-006,-0.875667
4.744151e-006,-0.874
4.744401e-006,-0.874
4.744651e-006,-0.874
4.744901e-006,-0.875667
4.745151e-006,-0.874
4.745401e-006,-0.874
4.745651e-006,-0.874
4.745901e-006,-0.875667
4.746151e-006,-0.874
4.746401e-006,-0.874
4.746651e-006,-0.875667
4.746901e-006,-0.875667
4.747151e-006,-0.874
4.747401e-006,-0.874
4.747651e-006,-0.875667
4.747901e-006,-0.875667
4.748151e-006,-0.874
4.748401e-006,-0.874
4.748651e-006,-0.875667
4.748901e-006,-0.875667
4.749151e-006,-0.874
4.749401e-006,-0.874
4.749651e-006,-0.875667
4.749901e-006,-0.875667
4.750151e-006,-0.874
4.750401e-006,-0.874
4.750651e-006,-0.875667
4.750901e-006,-0.875667
4.751151e-006,-0.874
4.751401e-006,-0.874
4.751651e-006,-0.875667
4.751901e-006,-0.875667
4.752151e-006,-0.874
4.752401e-006,-0.874
4.752651e-006,-0.874
4.752901e-006,-0.875667
4.753151e-006,-0.874
4.753401e-006,-0.874
4.753651e-006,-0.874
4.753901e-006,-0.875667
4.754151e-006,-0.874
4.754401e-006,-0.874
4.754651e-006,-0.875667
4.754901e-006,-0.875667
4.755151e-006,-0.874
4.755401e-006,-0.874
4.755651e-006,-0.875667
4.755901e-006,-0.875667
4.756151e-006,-0.874
4.756401e-006,-0.874
4.756651e-006,-0.875667
4.756901e-006,-0.875667
4.757151e-006,-0.874
4.757401e-006,-0.874
4.757651e-006,-0.875667
4.757901e-006,-0.875667
4.758151e-006,-0.874
4.758401e-006,-0.874
4.758651e-006,-0.875667
4.758901e-006,-0.875667
4.759151e-006,-0.874
4.759401e-006,-0.874
4.759651e-006,-0.875667
4.759901e-006,-0.875667
4.760151e-006,-0.874
4.760401e-006,-0.874
4.760651e-006,-0.875667
4.760901e-006,-0.875667
4.761151e-006,-0.874
4.761401e-006,-0.874
4.761651e-006,-0.875667
4.761901e-006,-0.875667
4.762151e-006,-0.875667
4.762401e-006,-0.874
4.762651e-006,-0.875667
4.762901e-006,-0.875667
4.763151e-006,-0.875667
4.763401e-006,-0.874
4.763651e-006,-0.875667
4.763901e-006,-0.875667
4.764151e-006,-0.875667
4.764401e-006,-0.874
4.764651e-006,-0.874
4.764901e-006,-0.875667
4.765151e-006,-0.874
4.765401e-006,-0.874
4.765651e-006,-0.874
4.765901e-006,-0.875667
4.766151e-006,-0.874
4.766401e-006,-0.874
4.766651e-006,-0.874
4.766901e-006,-0.874
4.767151e-006,-0.874
4.767401e-006,-0.874
4.767651e-006,-0.875667
4.767901e-006,-0.874
4.768151e-006,-0.874
4.768401e-006,-0.874
4.768651e-006,-0.875667
4.768901e-006,-0.875667
4.769151e-006,-0.874
4.769401e-006,-0.874
4.769651e-006,-0.875667
4.769901e-006,-0.875667
4.770151e-006,-0.874
4.770401e-006,-0.874
4.770651e-006,-0.875667
4.770901e-006,-0.875667
4.771151e-006,-0.874
4.771401e-006,-0.874
4.771651e-006,-0.875667
4.771901e-006,-0.875667
4.772151e-006,-0.874
4.772401e-006,-0.874
4.772651e-006,-0.875667
4.772901e-006,-0.875667
4.773151e-006,-0.874
4.773401e-006,-0.874
4.773651e-006,-0.875667
4.773901e-006,-0.875667
4.774151e-006,-0.874
4.774401e-006,-0.874
4.774651e-006,-0.875667
4.774901e-006,-0.875667
4.775151e-006,-0.874
4.775401e-006,-0.874
4.775651e-006,-0.875667
4.775901e-006,-0.874
4.776151e-006,-0.874
4.776401e-006,-0.874
4.776651e-006,-0.875667
4.776901e-006,-0.875667
4.777151e-006,-0.874
4.777401e-006,-0.874
4.777651e-006,-0.874
4.777901e-006,-0.875667
4.778151e-006,-0.874
4.778401e-006,-0.874
4.778651e-006,-0.874
4.778901e-006,-0.875667
4.779151e-006,-0.874
4.779401e-006,-0.874
4.779651e-006,-0.874
4.779901e-006,-0.874
4.780151e-006,-0.874
4.780401e-006,-0.874
4.780651e-006,-0.874
4.780901e-006,-0.875667
4.781151e-006,-0.874
4.781401e-006,-0.874
4.781651e-006,-0.875667
4.781901e-006,-0.875667
4.782151e-006,-0.874
4.782401e-006,-0.874
4.782651e-006,-0.875667
4.782901e-006,-0.875667
4.783151e-006,-0.874
4.783401e-006,-0.874
4.783651e-006,-0.875667
4.783901e-006,-0.875667
4.784151e-006,-0.874
4.784401e-006,-0.874
4.784651e-006,-0.875667
4.784901e-006,-0.875667
4.785151e-006,-0.875667
4.785401e-006,-0.874
4.785651e-006,-0.875667
4.785901e-006,-0.875667
4.786151e-006,-0.874
4.786401e-006,-0.874
4.786651e-006,-0.875667
4.786901e-006,-0.875667
4.787151e-006,-0.874
4.787401e-006,-0.874
4.787651e-006,-0.875667
4.787901e-006,-0.875667
4.788151e-006,-0.874
4.788401e-006,-0.874
4.788651e-006,-0.875667
4.788901e-006,-0.875667
4.789151e-006,-0.874
4.789401e-006,-0.874
4.789651e-006,-0.875667
4.789901e-006,-0.875667
4.790151e-006,-0.874
4.790401e-006,-0.874
4.790651e-006,-0.875667
4.790901e-006,-0.875667
4.791151e-006,-0.874
4.791401e-006,-0.874
4.791651e-006,-0.874
4.791901e-006,-0.875667
4.792151e-006,-0.874
4.792401e-006,-0.874
4.792651e-006,-0.874
4.792901e-006,-0.875667
4.793151e-006,-0.874
4.793401e-006,-0.874
4.793651e-006,-0.874
4.793901e-006,-0.875667
4.794151e-006,-0.874
4.794401e-006,-0.874
4.794651e-006,-0.874
4.794901e-006,-0.875667
4.795151e-006,-0.874
4.795401e-006,-0.874
4.795651e-006,-0.875667
4.795901e-006,-0.875667
4.796151e-006,-0.874
4.796401e-006,-0.874
4.796651e-006,-0.875667
4.796901e-006,-0.875667
4.797151e-006,-0.874
4.797401e-006,-0.874
4.797651e-006,-0.875667
4.797901e-006,-0.875667
4.798151e-006,-0.874
4.798401e-006,-0.874
4.798651e-006,-0.875667
4.798901e-006,-0.875667
4.799151e-006,-0.874
4.799401e-006,-0.874
4.799651e-006,-0.874
4.799901e-006,-0.874
4.800151e-006,-0.874
4.800401e-006,-0.874
4.800651e-006,-0.874
4.800901e-006,-0.874
4.801151e-006,-0.874
4.801401e-006,-0.874
4.801651e-006,-0.874
4.801901e-006,-0.875667
4.802151e-006,-0.874
4.802401e-006,-0.874
4.802651e-006,-0.874
4.802901e-006,-0.875667
4.803151e-006,-0.874
4.803401e-006,-0.874
4.803651e-006,-0.874
4.803901e-006,-0.875667
4.804151e-006,-0.874
4.804401e-006,-0.874
4.804651e-006,-0.874
4.804901e-006,-0.875667
4.805151e-006,-0.874
4.805401e-006,-0.874
4.805651e-006,-0.874
4.805901e-006,-0.875667
4.806151e-006,-0.874
4.806401e-006,-0.874
4.806651e-006,-0.874
4.806901e-006,-0.875667
4.807151e-006,-0.874
4.807401e-006,-0.874
4.807651e-006,-0.874
4.807901e-006,-0.875667
4.808151e-006,-0.874
4.808401e-006,-0.874
4.808651e-006,-0.875667
4.808901e-006,-0.875667
4.809151e-006,-0.874
4.809401e-006,-0.874
4.809651e-006,-0.874
4.809901e-006,-0.875667
4.810151e-006,-0.874
4.810401e-006,-0.874
4.810651e-006,-0.874
4.810901e-006,-0.875667
4.811151e-006,-0.874
4.811401e-006,-0.874
4.811651e-006,-0.874
4.811901e-006,-0.875667
4.812151e-006,-0.874
4.812401e-006,-0.874
4.812651e-006,-0.874
4.812901e-006,-0.875667
4.813151e-006,-0.874
4.813401e-006,-0.874
4.813651e-006,-0.874
4.813901e-006,-0.875667
4.814151e-006,-0.874
4.814401e-006,-0.874
4.814651e-006,-0.874
4.814901e-006,-0.875667
4.815151e-006,-0.874
4.815401e-006,-0.874
4.815651e-006,-0.874
4.815901e-006,-0.875667
4.816151e-006,-0.874
4.816401e-006,-0.874
4.816651e-006,-0.874
4.816901e-006,-0.875667
4.817151e-006,-0.874
4.817401e-006,-0.874
4.817651e-006,-0.874
4.817901e-006,-0.875667
4.818151e-006,-0.874
4.818401e-006,-0.874
4.818651e-006,-0.874
4.818901e-006,-0.875667
4.819151e-006,-0.874
4.819401e-006,-0.874
4.819651e-006,-0.875667
4.819901e-006,-0.875667
4.820151e-006,-0.874
4.820401e-006,-0.874
4.820651e-006,-0.875667
4.820901e-006,-0.875667
4.821151e-006,-0.874
4.821401e-006,-0.874
4.821651e-006,-0.875667
4.821901e-006,-0.875667
4.822151e-006,-0.874
4.822401e-006,-0.874
4.822651e-006,-0.875667
4.822901e-006,-0.875667
4.823151e-006,-0.874
4.823401e-006,-0.874
4.823651e-006,-0.875667
4.823901e-006,-0.875667
4.824151e-006,-0.874
4.824401e-006,-0.874
4.824651e-006,-0.875667
4.824901e-006,-0.875667
4.825151e-006,-0.874
4.825401e-006,-0.874
4.825651e-006,-0.874
4.825901e-006,-0.874
4.826151e-006,-0.874
4.826401e-006,-0.874
4.826651e-006,-0.874
4.826901e-006,-0.875667
4.827151e-006,-0.874
4.827401e-006,-0.874
4.827651e-006,-0.874
4.827901e-006,-0.875667
4.828151e-006,-0.874
4.828401e-006,-0.874
4.828651e-006,-0.874
4.828901e-006,-0.875667
4.829151e-006,-0.874
4.829401e-006,-0.874
4.829651e-006,-0.874
4.829901e-006,-0.875667
4.830151e-006,-0.874
4.830401e-006,-0.874
4.830651e-006,-0.874
4.830901e-006,-0.875667
4.831151e-006,-0.874
4.831401e-006,-0.874
4.831651e-006,-0.875667
4.831901e-006,-0.875667
4.832151e-006,-0.874
4.832401e-006,-0.874
4.832651e-006,-0.875667
4.832901e-006,-0.875667
4.833151e-006,-0.874
4.833401e-006,-0.874
4.833651e-006,-0.875667
4.833901e-006,-0.875667
4.834151e-006,-0.874
4.834401e-006,-0.874
4.834651e-006,-0.875667
4.834901e-006,-0.875667
4.835151e-006,-0.874
4.835401e-006,-0.874
4.835651e-006,-0.875667
4.835901e-006,-0.875667
4.836151e-006,-0.874
4.836401e-006,-0.874
4.836651e-006,-0.875667
4.836901e-006,-0.875667
4.837151e-006,-0.874
4.837401e-006,-0.874
4.837651e-006,-0.875667
4.837901e-006,-0.875667
4.838151e-006,-0.874
4.838401e-006,-0.874
4.838651e-006,-0.875667
4.838901e-006,-0.875667
4.839151e-006,-0.874
4.839401e-006,-0.874
4.839651e-006,-0.875667
4.839901e-006,-0.875667
4.840151e-006,-0.875667
4.840401e-006,-0.874
4.840651e-006,-0.875667
4.840901e-006,-0.875667
4.841151e-006,-0.875667
4.841401e-006,-0.874
4.841651e-006,-0.875667
4.841901e-006,-0.875667
4.842151e-006,-0.875667
4.842401e-006,-0.874
4.842651e-006,-0.875667
4.842901e-006,-0.875667
4.843151e-006,-0.875667
4.843401e-006,-0.874
4.843651e-006,-0.875667
4.843901e-006,-0.875667
4.844151e-006,-0.875667
4.844401e-006,-0.874
4.844651e-006,-0.875667
4.844901e-006,-0.875667
4.845151e-006,-0.875667
4.845401e-006,-0.874
4.845651e-006,-0.875667
4.845901e-006,-0.875667
4.846151e-006,-0.875667
4.846401e-006,-0.874
4.846651e-006,-0.875667
4.846901e-006,-0.875667
4.847151e-006,-0.874
4.847401e-006,-0.874
4.847651e-006,-0.875667
4.847901e-006,-0.875667
4.848151e-006,-0.874
4.848401e-006,-0.874
4.848651e-006,-0.875667
4.848901e-006,-0.875667
4.849151e-006,-0.874
4.849401e-006,-0.874
4.849651e-006,-0.875667
4.849901e-006,-0.875667
4.850151e-006,-0.874
4.850401e-006,-0.874
4.850651e-006,-0.875667
4.850901e-006,-0.875667
4.851151e-006,-0.874
4.851401e-006,-0.874
4.851651e-006,-0.875667
4.851901e-006,-0.875667
4.852151e-006,-0.874
4.852401e-006,-0.874
4.852651e-006,-0.875667
4.852901e-006,-0.875667
4.853151e-006,-0.874
4.853401e-006,-0.874
4.853651e-006,-0.875667
4.853901e-006,-0.875667
4.854151e-006,-0.874
4.854401e-006,-0.874
4.854651e-006,-0.875667
4.854901e-006,-0.875667
4.855151e-006,-0.874
4.855401e-006,-0.874
4.855651e-006,-0.875667
4.855901e-006,-0.875667
4.856151e-006,-0.874
4.856401e-006,-0.874
4.856651e-006,-0.875667
4.856901e-006,-0.875667
4.857151e-006,-0.874
4.857401e-006,-0.874
4.857651e-006,-0.875667
4.857901e-006,-0.875667
4.858151e-006,-0.874
4.858401e-006,-0.874
4.858651e-006,-0.875667
4.858901e-006,-0.875667
4.859151e-006,-0.874
4.859401e-006,-0.874
4.859651e-006,-0.875667
4.859901e-006,-0.875667
4.860151e-006,-0.874
4.860401e-006,-0.874
4.860651e-006,-0.875667
4.860901e-006,-0.875667
4.861151e-006,-0.874
4.861401e-006,-0.874
4.861651e-006,-0.875667
4.861901e-006,-0.875667
4.862151e-006,-0.874
4.862401e-006,-0.874
4.862651e-006,-0.875667
4.862901e-006,-0.875667
4.863151e-006,-0.874
4.863401e-006,-0.874
4.863651e-006,-0.875667
4.863901e-006,-0.875667
4.864151e-006,-0.874
4.864401e-006,-0.874
4.864651e-006,-0.875667
4.864901e-006,-0.875667
4.865151e-006,-0.874
4.865401e-006,-0.874
4.865651e-006,-0.875667
4.865901e-006,-0.875667
4.866151e-006,-0.874
4.866401e-006,-0.874
4.866651e-006,-0.875667
4.866901e-006,-0.875667
4.867151e-006,-0.874
4.867401e-006,-0.874
4.867651e-006,-0.874
4.867901e-006,-0.874
4.868151e-006,-0.874
4.868401e-006,-0.874
4.868651e-006,-0.875667
4.868901e-006,-0.874
4.869151e-006,-0.874
4.869401e-006,-0.874
4.869651e-006,-0.875667
4.869901e-006,-0.875667
4.870151e-006,-0.874
4.870401e-006,-0.874
4.870651e-006,-0.875667
4.870901e-006,-0.875667
4.871151e-006,-0.874
4.871401e-006,-0.874
4.871651e-006,-0.875667
4.871901e-006,-0.875667
4.872151e-006,-0.874
4.872401e-006,-0.874
4.872651e-006,-0.875667
4.872901e-006,-0.875667
4.873151e-006,-0.874
4.873401e-006,-0.874
4.873651e-006,-0.875667
4.873901e-006,-0.875667
4.874151e-006,-0.875667
4.874401e-006,-0.874
4.874651e-006,-0.875667
4.874901e-006,-0.875667
4.875151e-006,-0.875667
4.875401e-006,-0.874
4.875651e-006,-0.875667
4.875901e-006,-0.875667
4.876151e-006,-0.874
4.876401e-006,-0.874
4.876651e-006,-0.875667
4.876901e-006,-0.875667
4.877151e-006,-0.874
4.877401e-006,-0.874
4.877651e-006,-0.875667
4.877901e-006,-0.875667
4.878151e-006,-0.874
4.878401e-006,-0.874
4.878651e-006,-0.875667
4.878901e-006,-0.875667
4.879151e-006,-0.874
4.879401e-006,-0.874
4.879651e-006,-0.875667
4.879901e-006,-0.875667
4.880151e-006,-0.874
4.880401e-006,-0.874
4.880651e-006,-0.875667
4.880901e-006,-0.875667
4.881151e-006,-0.874
4.881401e-006,-0.874
4.881651e-006,-0.875667
4.881901e-006,-0.875667
4.882151e-006,-0.874
4.882401e-006,-0.874
4.882651e-006,-0.875667
4.882901e-006,-0.875667
4.883151e-006,-0.874
4.883401e-006,-0.874
4.883651e-006,-0.875667
4.883901e-006,-0.875667
4.884151e-006,-0.874
4.884401e-006,-0.874
4.884651e-006,-0.875667
4.884901e-006,-0.875667
4.885151e-006,-0.874
4.885401e-006,-0.874
4.885651e-006,-0.874
4.885901e-006,-0.875667
4.886151e-006,-0.874
4.886401e-006,-0.874
4.886651e-006,-0.874
4.886901e-006,-0.875667
4.887151e-006,-0.874
4.887401e-006,-0.874
4.887651e-006,-0.874
4.887901e-006,-0.875667
4.888151e-006,-0.874
4.888401e-006,-0.874
4.888651e-006,-0.875667
4.888901e-006,-0.875667
4.889151e-006,-0.874
4.889401e-006,-0.874
4.889651e-006,-0.875667
4.889901e-006,-0.875667
4.890151e-006,-0.874
4.890401e-006,-0.874
4.890651e-006,-0.875667
4.890901e-006,-0.875667
4.891151e-006,-0.874
4.891401e-006,-0.874
4.891651e-006,-0.875667
4.891901e-006,-0.875667
4.892151e-006,-0.874
4.892401e-006,-0.874
4.892651e-006,-0.875667
4.892901e-006,-0.875667
4.893151e-006,-0.874
4.893401e-006,-0.874
4.893651e-006,-0.875667
4.893901e-006,-0.875667
4.894151e-006,-0.874
4.894401e-006,-0.874
4.894651e-006,-0.875667
4.894901e-006,-0.875667
4.895151e-006,-0.874
4.895401e-006,-0.874
4.895651e-006,-0.875667
4.895901e-006,-0.875667
4.896151e-006,-0.874
4.896401e-006,-0.874
4.896651e-006,-0.875667
4.896901e-006,-0.875667
4.897151e-006,-0.874
4.897401e-006,-0.874
4.897651e-006,-0.875667
4.897901e-006,-0.875667
4.898151e-006,-0.874
4.898401e-006,-0.874
4.898651e-006,-0.875667
4.898901e-006,-0.875667
4.899151e-006,-0.874
4.899401e-006,-0.874
4.899651e-006,-0.875667
4.899901e-006,-0.875667
4.900151e-006,-0.874
4.900401e-006,-0.874
4.900651e-006,-0.874
4.900901e-006,-0.875667
4.901151e-006,-0.874
4.901401e-006,-0.874
4.901651e-006,-0.875667
4.901901e-006,-0.875667
4.902151e-006,-0.874
4.902401e-006,-0.874
4.902651e-006,-0.875667
4.902901e-006,-0.875667
4.903151e-006,-0.874
4.903401e-006,-0.874
4.903651e-006,-0.875667
4.903901e-006,-0.875667
4.904151e-006,-0.874
4.904401e-006,-0.874
4.904651e-006,-0.875667
4.904901e-006,-0.875667
4.905151e-006,-0.875667
4.905401e-006,-0.874
4.905651e-006,-0.875667
4.905901e-006,-0.875667
4.906151e-006,-0.875667
4.906401e-006,-0.874
4.906651e-006,-0.875667
4.906901e-006,-0.875667
4.907151e-006,-0.875667
4.907401e-006,-0.874
4.907651e-006,-0.875667
4.907901e-006,-0.875667
4.908151e-006,-0.874
4.908401e-006,-0.874
4.908651e-006,-0.875667
4.908901e-006,-0.875667
4.909151e-006,-0.874
4.909401e-006,-0.874
4.909651e-006,-0.875667
4.909901e-006,-0.875667
4.910151e-006,-0.874
4.910401e-006,-0.874
4.910651e-006,-0.875667
4.910901e-006,-0.875667
4.911151e-006,-0.874
4.911401e-006,-0.874
4.911651e-006,-0.875667
4.911901e-006,-0.875667
4.912151e-006,-0.874
4.912401e-006,-0.874
4.912651e-006,-0.875667
4.912901e-006,-0.875667
4.913151e-006,-0.874
4.913401e-006,-0.874
4.913651e-006,-0.875667
4.913901e-006,-0.875667
4.914151e-006,-0.874
4.914401e-006,-0.874
4.914651e-006,-0.875667
4.914901e-006,-0.875667
4.915151e-006,-0.874
4.915401e-006,-0.874
4.915651e-006,-0.875667
4.915901e-006,-0.875667
4.916151e-006,-0.874
4.916401e-006,-0.874
4.916651e-006,-0.875667
4.916901e-006,-0.875667
4.917151e-006,-0.874
4.917401e-006,-0.874
4.917651e-006,-0.875667
4.917901e-006,-0.875667
4.918151e-006,-0.874
4.918401e-006,-0.874
4.918651e-006,-0.875667
4.918901e-006,-0.875667
4.919151e-006,-0.874
4.919401e-006,-0.874
4.919651e-006,-0.875667
4.919901e-006,-0.874
4.920151e-006,-0.874
4.920401e-006,-0.874
4.920651e-006,-0.875667
4.920901e-006,-0.874
4.921151e-006,-0.874
4.921401e-006,-0.874
4.921651e-006,-0.875667
4.921901e-006,-0.875667
4.922151e-006,-0.874
4.922401e-006,-0.874
4.922651e-006,-0.875667
4.922901e-006,-0.875667
4.923151e-006,-0.874
4.923401e-006,-0.874
4.923651e-006,-0.875667
4.923901e-006,-0.875667
4.924151e-006,-0.874
4.924401e-006,-0.874
4.924651e-006,-0.874
4.924901e-006,-0.875667
4.925151e-006,-0.874
4.925401e-006,-0.874
4.925651e-006,-0.874
4.925901e-006,-0.875667
4.926151e-006,-0.874
4.926401e-006,-0.874
4.926651e-006,-0.875667
4.926901e-006,-0.875667
4.927151e-006,-0.874
4.927401e-006,-0.874
4.927651e-006,-0.875667
4.927901e-006,-0.875667
4.928151e-006,-0.874
4.928401e-006,-0.874
4.928651e-006,-0.875667
4.928901e-006,-0.875667
4.929151e-006,-0.874
4.929401e-006,-0.874
4.929651e-006,-0.875667
4.929901e-006,-0.875667
4.930151e-006,-0.874
4.930401e-006,-0.874
4.930651e-006,-0.875667
4.930901e-006,-0.875667
4.931151e-006,-0.874
4.931401e-006,-0.874
4.931651e-006,-0.875667
4.931901e-006,-0.875667
4.932151e-006,-0.874
4.932401e-006,-0.874
4.932651e-006,-0.875667
4.932901e-006,-0.875667
4.933151e-006,-0.875667
4.933401e-006,-0.874
4.933651e-006,-0.875667
4.933901e-006,-0.875667
4.934151e-006,-0.875667
4.934401e-006,-0.874
4.934651e-006,-0.875667
4.934901e-006,-0.875667
4.935151e-006,-0.875667
4.935401e-006,-0.874
4.935651e-006,-0.875667
4.935901e-006,-0.875667
4.936151e-006,-0.874
4.936401e-006,-0.874
4.936651e-006,-0.874
4.936901e-006,-0.875667
4.937151e-006,-0.874
4.937401e-006,-0.874
4.937651e-006,-0.874
4.937901e-006,-0.874
4.938151e-006,-0.874
4.938401e-006,-0.874
4.938651e-006,-0.874
4.938901e-006,-0.874
4.939151e-006,-0.874
4.939401e-006,-0.874
4.939651e-006,-0.874
4.939901e-006,-0.875667
4.940151e-006,-0.874
4.940401e-006,-0.874
4.940651e-006,-0.874
4.940901e-006,-0.875667
4.941151e-006,-0.874
4.941401e-006,-0.874
4.941651e-006,-0.874
4.941901e-006,-0.875667
4.942151e-006,-0.874
4.942401e-006,-0.874
4.942651e-006,-0.875667
4.942901e-006,-0.875667
4.943151e-006,-0.874
4.943401e-006,-0.874
4.943651e-006,-0.875667
4.943901e-006,-0.875667
4.944151e-006,-0.874
4.944401e-006,-0.872333
4.944651e-006,-0.875667
4.944901e-006,-0.875667
4.945151e-006,-0.874
4.945401e-006,-0.874
4.945651e-006,-0.875667
4.945901e-006,-0.875667
4.946151e-006,-0.874
4.946401e-006,-0.874
4.946651e-006,-0.875667
4.946901e-006,-0.875667
4.947151e-006,-0.874
4.947401e-006,-0.874
4.947651e-006,-0.874
4.947901e-006,-0.875667
4.948151e-006,-0.874
4.948401e-006,-0.874
4.948651e-006,-0.875667
4.948901e-006,-0.875667
4.949151e-006,-0.874
4.949401e-006,-0.874
4.949651e-006,-0.875667
4.949901e-006,-0.875667
4.950151e-006,-0.874
4.950401e-006,-0.874
4.950651e-006,-0.875667
4.950901e-006,-0.875667
4.951151e-006,-0.874
4.951401e-006,-0.874
4.951651e-006,-0.874
4.951901e-006,-0.875667
4.952151e-006,-0.874
4.952401e-006,-0.874
4.952651e-006,-0.874
4.952901e-006,-0.875667
4.953151e-006,-0.874
4.953401e-006,-0.874
4.953651e-006,-0.874
4.953901e-006,-0.875667
4.954151e-006,-0.874
4.954401e-006,-0.874
4.954651e-006,-0.874
4.954901e-006,-0.875667
4.955151e-006,-0.874
4.955401e-006,-0.874
4.955651e-006,-0.874
4.955901e-006,-0.875667
4.956151e-006,-0.874
4.956401e-006,-0.874
4.956651e-006,-0.874
4.956901e-006,-0.875667
4.957151e-006,-0.874
4.957401e-006,-0.874
4.957651e-006,-0.874
4.957901e-006,-0.875667
4.958151e-006,-0.874
4.958401e-006,-0.874
4.958651e-006,-0.874
4.958901e-006,-0.875667
4.959151e-006,-0.874
4.959401e-006,-0.874
4.959651e-006,-0.874
4.959901e-006,-0.875667
4.960151e-006,-0.874
4.960401e-006,-0.874
4.960651e-006,-0.874
4.960901e-006,-0.875667
4.961151e-006,-0.874
4.961401e-006,-0.874
4.961651e-006,-0.874
4.961901e-006,-0.875667
4.962151e-006,-0.874
4.962401e-006,-0.874
4.962651e-006,-0.875667
4.962901e-006,-0.875667
4.963151e-006,-0.874
4.963401e-006,-0.874
4.963651e-006,-0.875667
4.963901e-006,-0.875667
4.964151e-006,-0.875667
4.964401e-006,-0.874
4.964651e-006,-0.875667
4.964901e-006,-0.874
4.965151e-006,-0.874
4.965401e-006,-0.874
4.965651e-006,-0.875667
4.965901e-006,-0.874
4.966151e-006,-0.874
4.966401e-006,-0.874
4.966651e-006,-0.874
4.966901e-006,-0.874
4.967151e-006,-0.874
4.967401e-006,-0.874
4.967651e-006,-0.874
4.967901e-006,-0.874
4.968151e-006,-0.874
4.968401e-006,-0.874
4.968651e-006,-0.874
4.968901e-006,-0.875667
4.969151e-006,-0.874
4.969401e-006,-0.874
4.969651e-006,-0.874
4.969901e-006,-0.875667
4.970151e-006,-0.874
4.970401e-006,-0.874
4.970651e-006,-0.875667
4.970901e-006,-0.875667
4.971151e-006,-0.874
4.971401e-006,-0.874
4.971651e-006,-0.875667
4.971901e-006,-0.875667
4.972151e-006,-0.874
4.972401e-006,-0.874
4.972651e-006,-0.875667
4.972901e-006,-0.875667
4.973151e-006,-0.874
4.973401e-006,-0.874
4.973651e-006,-0.875667
4.973901e-006,-0.875667
4.974151e-006,-0.874
4.974401e-006,-0.874
4.974651e-006,-0.875667
4.974901e-006,-0.875667
4.975151e-006,-0.874
4.975401e-006,-0.874
4.975651e-006,-0.875667
4.975901e-006,-0.875667
4.976151e-006,-0.874
4.976401e-006,-0.874
4.976651e-006,-0.875667
4.976901e-006,-0.875667
4.977151e-006,-0.874
4.977401e-006,-0.874
4.977651e-006,-0.875667
4.977901e-006,-0.875667
4.978151e-006,-0.875667
4.978401e-006,-0.874
4.978651e-006,-0.875667
4.978901e-006,-0.875667
4.979151e-006,-0.875667
4.979401e-006,-0.874
4.979651e-006,-0.875667
4.979901e-006,-0.875667
4.980151e-006,-0.875667
4.980401e-006,-0.874
4.980651e-006,-0.875667
4.980901e-006,-0.875667
4.981151e-006,-0.875667
4.981401e-006,-0.874
4.981651e-006,-0.875667
4.981901e-006,-0.875667
4.982151e-006,-0.875667
4.982401e-006,-0.874
4.982651e-006,-0.875667
4.982901e-006,-0.875667
4.983151e-006,-0.875667
4.983401e-006,-0.874
4.983651e-006,-0.875667
4.983901e-006,-0.875667
4.984151e-006,-0.875667
4.984401e-006,-0.874
4.984651e-006,-0.875667
4.984901e-006,-0.875667
4.985151e-006,-0.874
4.985401e-006,-0.874
4.985651e-006,-0.875667
4.985901e-006,-0.875667
4.986151e-006,-0.874
4.986401e-006,-0.874
4.986651e-006,-0.875667
4.986901e-006,-0.875667
4.987151e-006,-0.874
4.987401e-006,-0.874
4.987651e-006,-0.875667
4.987901e-006,-0.875667
4.988151e-006,-0.874
4.988401e-006,-0.874
4.988651e-006,-0.875667
4.988901e-006,-0.875667
4.989151e-006,-0.874
4.989401e-006,-0.874
4.989651e-006,-0.874
4.989901e-006,-0.875667
4.990151e-006,-0.874
4.990401e-006,-0.874
4.990651e-006,-0.874
4.990901e-006,-0.875667
4.991151e-006,-0.874
4.991401e-006,-0.874
4.991651e-006,-0.874
4.991901e-006,-0.875667
4.992151e-006,-0.874
4.992401e-006,-0.874
4.992651e-006,-0.874
4.992901e-006,-0.875667
4.993151e-006,-0.874
4.993401e-006,-0.874
4.993651e-006,-0.875667
4.993901e-006,-0.875667
4.994151e-006,-0.874
4.994401e-006,-0.874
4.994651e-006,-0.875667
4.994901e-006,-0.875667
4.995151e-006,-0.874
4.995401e-006,-0.874
4.995651e-006,-0.875667
4.995901e-006,-0.875667
4.996151e-006,-0.874
4.996401e-006,-0.874
4.996651e-006,-0.874
4.996901e-006,-0.875667
4.997151e-006,-0.874
4.997401e-006,-0.874
4.997651e-006,-0.874
4.997901e-006,-0.875667
4.998151e-006,-0.874
4.998401e-006,-0.874
4.998651e-006,-0.874
4.998901e-006,-0.874
4.999151e-006,-0.874
4.999401e-006,-0.874
4.999651e-006,-0.874
4.999901e-006,-0.874
5.000151e-006,-0.874
5.000401e-006,-0.874
5.000651e-006,-0.874
5.000901e-006,-0.875667
5.001151e-006,-0.874
5.001401e-006,-0.874
5.001651e-006,-0.875667
5.001901e-006,-0.875667
5.002151e-006,-0.874
5.002401e-006,-0.874
5.002651e-006,-0.875667
5.002901e-006,-0.875667
5.003151e-006,-0.874
5.003401e-006,-0.874
5.003651e-006,-0.875667
5.003901e-006,-0.875667
5.004151e-006,-0.874
5.004401e-006,-0.874
5.004651e-006,-0.875667
5.004901e-006,-0.875667
5.005151e-006,-0.874
5.005401e-006,-0.874
5.005651e-006,-0.875667
5.005901e-006,-0.875667
5.006151e-006,-0.874
5.006401e-006,-0.874
5.006651e-006,-0.875667
5.006901e-006,-0.875667
5.007151e-006,-0.874
5.007401e-006,-0.874
5.007651e-006,-0.875667
5.007901e-006,-0.875667
5.008151e-006,-0.874
5.008401e-006,-0.874
5.008651e-006,-0.875667
5.008901e-006,-0.875667
5.009151e-006,-0.874
5.009401e-006,-0.874
5.009651e-006,-0.875667
5.009901e-006,-0.875667
5.010151e-006,-0.874
5.010401e-006,-0.874
5.010651e-006,-0.875667
5.010901e-006,-0.875667
5.011151e-006,-0.874
5.011401e-006,-0.874
5.011651e-006,-0.875667
5.011901e-006,-0.875667
5.012151e-006,-0.874
5.012401e-006,-0.874
5.012651e-006,-0.875667
5.012901e-006,-0.874
5.013151e-006,-0.874
5.013401e-006,-0.874
5.013651e-006,-0.875667
5.013901e-006,-0.874
5.014151e-006,-0.874
5.014401e-006,-0.874
5.014651e-006,-0.875667
5.014901e-006,-0.875667
5.015151e-006,-0.874
5.015401e-006,-0.874
5.015651e-006,-0.875667
5.015901e-006,-0.875667
5.016151e-006,-0.874
5.016401e-006,-0.874
5.016651e-006,-0.875667
5.016901e-006,-0.875667
5.017151e-006,-0.874
5.017401e-006,-0.874
5.017651e-006,-0.875667
5.017901e-006,-0.874
5.018151e-006,-0.874
5.018401e-006,-0.874
5.018651e-006,-0.875667
5.018901e-006,-0.875667
5.019151e-006,-0.874
5.019401e-006,-0.874
5.019651e-006,-0.875667
5.019901e-006,-0.875667
5.020151e-006,-0.874
5.020401e-006,-0.874
5.020651e-006,-0.875667
5.020901e-006,-0.875667
5.021151e-006,-0.874
5.021401e-006,-0.874
5.021651e-006,-0.875667
5.021901e-006,-0.875667
5.022151e-006,-0.874
5.022401e-006,-0.874
5.022651e-006,-0.875667
5.022901e-006,-0.875667
5.023151e-006,-0.874
5.023401e-006,-0.874
5.023651e-006,-0.874
5.023901e-006,-0.875667
5.024151e-006,-0.874
5.024401e-006,-0.874
5.024651e-006,-0.874
5.024901e-006,-0.875667
5.025151e-006,-0.874
5.025401e-006,-0.874
5.025651e-006,-0.874
5.025901e-006,-0.875667
5.026151e-006,-0.874
5.026401e-006,-0.874
5.026651e-006,-0.874
5.026901e-006,-0.875667
5.027151e-006,-0.874
5.027401e-006,-0.874
5.027651e-006,-0.874
5.027901e-006,-0.875667
5.028151e-006,-0.874
5.028401e-006,-0.874
5.028651e-006,-0.874
5.028901e-006,-0.875667
5.029151e-006,-0.874
5.029401e-006,-0.874
5.029651e-006,-0.874
5.029901e-006,-0.875667
5.030151e-006,-0.874
5.030401e-006,-0.874
5.030651e-006,-0.875667
5.030901e-006,-0.875667
5.031151e-006,-0.874
5.031401e-006,-0.874
5.031651e-006,-0.875667
5.031901e-006,-0.875667
5.032151e-006,-0.874
5.032401e-006,-0.874
5.032651e-006,-0.875667
5.032901e-006,-0.875667
5.033151e-006,-0.874
5.033401e-006,-0.874
5.033651e-006,-0.875667
5.033901e-006,-0.875667
5.034151e-006,-0.874
5.034401e-006,-0.874
5.034651e-006,-0.875667
5.034901e-006,-0.875667
5.035151e-006,-0.874
5.035401e-006,-0.874
5.035651e-006,-0.875667
5.035901e-006,-0.875667
5.036151e-006,-0.874
5.036401e-006,-0.874
5.036651e-006,-0.875667
5.036901e-006,-0.875667
5.037151e-006,-0.874
5.037401e-006,-0.874
5.037651e-006,-0.875667
5.037901e-006,-0.875667
5.038151e-006,-0.874
5.038401e-006,-0.874
5.038651e-006,-0.875667
5.038901e-006,-0.875667
5.039151e-006,-0.874
5.039401e-006,-0.874
5.039651e-006,-0.875667
5.039901e-006,-0.875667
5.040151e-006,-0.874
5.040401e-006,-0.874
5.040651e-006,-0.875667
5.040901e-006,-0.875667
5.041151e-006,-0.874
5.041401e-006,-0.874
5.041651e-006,-0.875667
5.041901e-006,-0.875667
5.042151e-006,-0.874
5.042401e-006,-0.874
5.042651e-006,-0.875667
5.042901e-006,-0.875667
5.043151e-006,-0.874
5.043401e-006,-0.874
5.043651e-006,-0.875667
5.043901e-006,-0.875667
5.044151e-006,-0.874
5.044401e-006,-0.874
5.044651e-006,-0.875667
5.044901e-006,-0.875667
5.045151e-006,-0.874
5.045401e-006,-0.874
5.045651e-006,-0.875667
5.045901e-006,-0.875667
5.046151e-006,-0.874
5.046401e-006,-0.874
5.046651e-006,-0.874
5.046901e-006,-0.875667
5.047151e-006,-0.874
5.047401e-006,-0.874
5.047651e-006,-0.874
5.047901e-006,-0.875667
5.048151e-006,-0.874
5.048401e-006,-0.874
5.048651e-006,-0.874
5.048901e-006,-0.875667
5.049151e-006,-0.874
5.049401e-006,-0.874
5.049651e-006,-0.875667
5.049901e-006,-0.875667
5.050151e-006,-0.874
5.050401e-006,-0.874
5.050651e-006,-0.875667
5.050901e-006,-0.875667
5.051151e-006,-0.875667
5.051401e-006,-0.874
5.051651e-006,-0.875667
5.051901e-006,-0.875667
5.052151e-006,-0.875667
5.052401e-006,-0.874
5.052651e-006,-0.875667
5.052901e-006,-0.875667
5.053151e-006,-0.874
5.053401e-006,-0.874
5.053651e-006,-0.875667
5.053901e-006,-0.875667
5.054151e-006,-0.874
5.054401e-006,-0.874
5.054651e-006,-0.875667
5.054901e-006,-0.875667
5.055151e-006,-0.874
5.055401e-006,-0.874
5.055651e-006,-0.875667
5.055901e-006,-0.875667
5.056151e-006,-0.874
5.056401e-006,-0.874
5.056651e-006,-0.875667
5.056901e-006,-0.875667
5.057151e-006,-0.874
5.057401e-006,-0.874
5.057651e-006,-0.875667
5.057901e-006,-0.875667
5.058151e-006,-0.874
5.058401e-006,-0.874
5.058651e-006,-0.875667
5.058901e-006,-0.875667
5.059151e-006,-0.874
5.059401e-006,-0.874
5.059651e-006,-0.875667
5.059901e-006,-0.875667
5.060151e-006,-0.874
5.060401e-006,-0.874
5.060651e-006,-0.875667
5.060901e-006,-0.875667
5.061151e-006,-0.874
5.061401e-006,-0.874
5.061651e-006,-0.875667
5.061901e-006,-0.875667
5.062151e-006,-0.874
5.062401e-006,-0.874
5.062651e-006,-0.875667
5.062901e-006,-0.875667
5.063151e-006,-0.874
5.063401e-006,-0.874
5.063651e-006,-0.875667
5.063901e-006,-0.875667
5.064151e-006,-0.874
5.064401e-006,-0.874
5.064651e-006,-0.875667
5.064901e-006,-0.875667
5.065151e-006,-0.874
5.065401e-006,-0.874
5.065651e-006,-0.875667
5.065901e-006,-0.875667
5.066151e-006,-0.874
5.066401e-006,-0.874
5.066651e-006,-0.875667
5.066901e-006,-0.875667
5.067151e-006,-0.874
5.067401e-006,-0.874
5.067651e-006,-0.874
5.067901e-006,-0.875667
5.068151e-006,-0.874
5.068401e-006,-0.874
5.068651e-006,-0.875667
5.068901e-006,-0.875667
5.069151e-006,-0.874
5.069401e-006,-0.874
5.069651e-006,-0.875667
5.069901e-006,-0.875667
5.070151e-006,-0.875667
5.070401e-006,-0.874
5.070651e-006,-0.875667
5.070901e-006,-0.875667
5.071151e-006,-0.874
5.071401e-006,-0.874
5.071651e-006,-0.875667
5.071901e-006,-0.874
5.072151e-006,-0.874
5.072401e-006,-0.874
5.072651e-006,-0.875667
5.072901e-006,-0.875667
5.073151e-006,-0.874
5.073401e-006,-0.874
5.073651e-006,-0.875667
5.073901e-006,-0.875667
5.074151e-006,-0.874
5.074401e-006,-0.874
5.074651e-006,-0.875667
5.074901e-006,-0.875667
5.075151e-006,-0.874
5.075401e-006,-0.874
5.075651e-006,-0.874
5.075901e-006,-0.875667
5.076151e-006,-0.874
5.076401e-006,-0.874
5.076651e-006,-0.874
5.076901e-006,-0.875667
5.077151e-006,-0.874
5.077401e-006,-0.874
5.077651e-006,-0.874
5.077901e-006,-0.875667
5.078151e-006,-0.874
5.078401e-006,-0.874
5.078651e-006,-0.875667
5.078901e-006,-0.875667
5.079151e-006,-0.874
5.079401e-006,-0.874
5.079651e-006,-0.875667
5.079901e-006,-0.875667
5.080151e-006,-0.874
5.080401e-006,-0.874
5.080651e-006,-0.875667
5.080901e-006,-0.875667
5.081151e-006,-0.874
5.081401e-006,-0.874
5.081651e-006,-0.875667
5.081901e-006,-0.875667
5.082151e-006,-0.874
5.082401e-006,-0.874
5.082651e-006,-0.875667
5.082901e-006,-0.875667
5.083151e-006,-0.874
5.083401e-006,-0.874
5.083651e-006,-0.875667
5.083901e-006,-0.875667
5.084151e-006,-0.874
5.084401e-006,-0.874
5.084651e-006,-0.875667
5.084901e-006,-0.875667
5.085151e-006,-0.874
5.085401e-006,-0.874
5.085651e-006,-0.875667
5.085901e-006,-0.875667
5.086151e-006,-0.874
5.086401e-006,-0.874
5.086651e-006,-0.875667
5.086901e-006,-0.875667
5.087151e-006,-0.874
5.087401e-006,-0.874
5.087651e-006,-0.875667
5.087901e-006,-0.875667
5.088151e-006,-0.874
5.088401e-006,-0.874
5.088651e-006,-0.875667
5.088901e-006,-0.875667
5.089151e-006,-0.875667
5.089401e-006,-0.874
5.089651e-006,-0.875667
5.089901e-006,-0.875667
5.090151e-006,-0.874
5.090401e-006,-0.874
5.090651e-006,-0.875667
5.090901e-006,-0.875667
5.091151e-006,-0.874
5.091401e-006,-0.874
5.091651e-006,-0.875667
5.091901e-006,-0.875667
5.092151e-006,-0.874
5.092401e-006,-0.874
5.092651e-006,-0.875667
5.092901e-006,-0.875667
5.093151e-006,-0.874
5.093401e-006,-0.874
5.093651e-006,-0.875667
5.093901e-006,-0.875667
5.094151e-006,-0.874
5.094401e-006,-0.874
5.094651e-006,-0.875667
5.094901e-006,-0.875667
5.095151e-006,-0.874
5.095401e-006,-0.874
5.095651e-006,-0.875667
5.095901e-006,-0.875667
5.096151e-006,-0.874
5.096401e-006,-0.874
5.096651e-006,-0.875667
5.096901e-006,-0.875667
5.097151e-006,-0.874
5.097401e-006,-0.874
5.097651e-006,-0.875667
5.097901e-006,-0.875667
5.098151e-006,-0.874
5.098401e-006,-0.874
5.098651e-006,-0.875667
5.098901e-006,-0.875667
5.099151e-006,-0.874
5.099401e-006,-0.874
5.099651e-006,-0.875667
5.099901e-006,-0.875667
5.100151e-006,-0.874
5.100401e-006,-0.874
5.100651e-006,-0.875667
5.100901e-006,-0.875667
5.101151e-006,-0.874
5.101401e-006,-0.874
5.101651e-006,-0.875667
5.101901e-006,-0.875667
5.102151e-006,-0.874
5.102401e-006,-0.874
5.102651e-006,-0.875667
5.102901e-006,-0.875667
5.103151e-006,-0.874
5.103401e-006,-0.874
5.103651e-006,-0.875667
5.103901e-006,-0.875667
5.104151e-006,-0.874
5.104401e-006,-0.874
5.104651e-006,-0.875667
5.104901e-006,-0.875667
5.105151e-006,-0.874
5.105401e-006,-0.874
5.105651e-006,-0.875667
5.105901e-006,-0.875667
5.106151e-006,-0.874
5.106401e-006,-0.874
5.106651e-006,-0.875667
5.106901e-006,-0.875667
5.107151e-006,-0.874
5.107401e-006,-0.874
5.107651e-006,-0.875667
5.107901e-006,-0.875667
5.108151e-006,-0.874
5.108401e-006,-0.874
5.108651e-006,-0.875667
5.108901e-006,-0.875667
5.109151e-006,-0.874
5.109401e-006,-0.874
5.109651e-006,-0.875667
5.109901e-006,-0.875667
5.110151e-006,-0.874
5.110401e-006,-0.874
5.110651e-006,-0.875667
5.110901e-006,-0.875667
5.111151e-006,-0.874
5.111401e-006,-0.874
5.111651e-006,-0.875667
5.111901e-006,-0.875667
5.112151e-006,-0.874
5.112401e-006,-0.874
5.112651e-006,-0.875667
5.112901e-006,-0.875667
5.113151e-006,-0.874
5.113401e-006,-0.874
5.113651e-006,-0.875667
5.113901e-006,-0.875667
5.114151e-006,-0.874
5.114401e-006,-0.874
5.114651e-006,-0.875667
5.114901e-006,-0.875667
5.115151e-006,-0.874
5.115401e-006,-0.874
5.115651e-006,-0.875667
5.115901e-006,-0.875667
5.116151e-006,-0.874
5.116401e-006,-0.874
5.116651e-006,-0.875667
5.116901e-006,-0.875667
5.117151e-006,-0.874
5.117401e-006,-0.874
5.117651e-006,-0.875667
5.117901e-006,-0.875667
5.118151e-006,-0.874
5.118401e-006,-0.874
5.118651e-006,-0.875667
5.118901e-006,-0.875667
5.119151e-006,-0.874
5.119401e-006,-0.874
5.119651e-006,-0.875667
5.119901e-006,-0.875667
5.120151e-006,-0.874
5.120401e-006,-0.874
5.120651e-006,-0.875667
5.120901e-006,-0.875667
5.121151e-006,-0.874
5.121401e-006,-0.874
5.121651e-006,-0.875667
5.121901e-006,-0.875667
5.122151e-006,-0.874
5.122401e-006,-0.874
5.122651e-006,-0.875667
5.122901e-006,-0.875667
5.123151e-006,-0.875667
5.123401e-006,-0.874
5.123651e-006,-0.875667
5.123901e-006,-0.875667
5.124151e-006,-0.875667
5.124401e-006,-0.874
5.124651e-006,-0.875667
5.124901e-006,-0.875667
5.125151e-006,-0.875667
5.125401e-006,-0.874
5.125651e-006,-0.875667
5.125901e-006,-0.875667
5.126151e-006,-0.875667
5.126401e-006,-0.874
5.126651e-006,-0.875667
5.126901e-006,-0.875667
5.127151e-006,-0.874
5.127401e-006,-0.874
5.127651e-006,-0.875667
5.127901e-006,-0.875667
5.128151e-006,-0.874
5.128401e-006,-0.874
5.128651e-006,-0.875667
5.128901e-006,-0.875667
5.129151e-006,-0.874
5.129401e-006,-0.874
5.129651e-006,-0.875667
5.129901e-006,-0.875667
5.130151e-006,-0.874
5.130401e-006,-0.874
5.130651e-006,-0.875667
5.130901e-006,-0.875667
5.131151e-006,-0.874
5.131401e-006,-0.874
5.131651e-006,-0.875667
5.131901e-006,-0.875667
5.132151e-006,-0.874
5.132401e-006,-0.874
5.132651e-006,-0.875667
5.132901e-006,-0.875667
5.133151e-006,-0.874
5.133401e-006,-0.874
5.133651e-006,-0.875667
5.133901e-006,-0.875667
5.134151e-006,-0.874
5.134401e-006,-0.874
5.134651e-006,-0.875667
5.134901e-006,-0.875667
5.135151e-006,-0.874
5.135401e-006,-0.874
5.135651e-006,-0.875667
5.135901e-006,-0.875667
5.136151e-006,-0.874
5.136401e-006,-0.874
5.136651e-006,-0.875667
5.136901e-006,-0.875667
5.137151e-006,-0.874
5.137401e-006,-0.874
5.137651e-006,-0.875667
5.137901e-006,-0.875667
5.138151e-006,-0.874
5.138401e-006,-0.874
5.138651e-006,-0.875667
5.138901e-006,-0.875667
5.139151e-006,-0.874
5.139401e-006,-0.874
5.139651e-006,-0.875667
5.139901e-006,-0.875667
5.140151e-006,-0.874
5.140401e-006,-0.874
5.140651e-006,-0.875667
5.140901e-006,-0.875667
5.141151e-006,-0.874
5.141401e-006,-0.874
5.141651e-006,-0.875667
5.141901e-006,-0.875667
5.142151e-006,-0.874
5.142401e-006,-0.874
5.142651e-006,-0.875667
5.142901e-006,-0.875667
5.143151e-006,-0.874
5.143401e-006,-0.874
5.143651e-006,-0.875667
5.143901e-006,-0.875667
5.144151e-006,-0.874
5.144401e-006,-0.874
5.144651e-006,-0.875667
5.144901e-006,-0.875667
5.145151e-006,-0.874
5.145401e-006,-0.874
5.145651e-006,-0.875667
5.145901e-006,-0.875667
5.146151e-006,-0.874
5.146401e-006,-0.874
5.146651e-006,-0.875667
5.146901e-006,-0.875667
5.147151e-006,-0.874
5.147401e-006,-0.874
5.147651e-006,-0.875667
5.147901e-006,-0.875667
5.148151e-006,-0.874
5.148401e-006,-0.874
5.148651e-006,-0.875667
5.148901e-006,-0.875667
5.149151e-006,-0.874
5.149401e-006,-0.874
5.149651e-006,-0.875667
5.149901e-006,-0.875667
5.150151e-006,-0.874
5.150401e-006,-0.874
5.150651e-006,-0.875667
5.150901e-006,-0.875667
5.151151e-006,-0.874
5.151401e-006,-0.874
5.151651e-006,-0.875667
5.151901e-006,-0.875667
5.152151e-006,-0.874
5.152401e-006,-0.874
5.152651e-006,-0.875667
5.152901e-006,-0.875667
5.153151e-006,-0.874
5.153401e-006,-0.874
5.153651e-006,-0.875667
5.153901e-006,-0.875667
5.154151e-006,-0.874
5.154401e-006,-0.874
5.154651e-006,-0.875667
5.154901e-006,-0.875667
5.155151e-006,-0.874
5.155401e-006,-0.874
5.155651e-006,-0.875667
5.155901e-006,-0.875667
5.156151e-006,-0.874
5.156401e-006,-0.874
5.156651e-006,-0.875667
5.156901e-006,-0.875667
5.157151e-006,-0.874
5.157401e-006,-0.874
5.157651e-006,-0.875667
5.157901e-006,-0.875667
5.158151e-006,-0.874
5.158401e-006,-0.874
5.158651e-006,-0.875667
5.158901e-006,-0.875667
5.159151e-006,-0.874
5.159401e-006,-0.874
5.159651e-006,-0.875667
5.159901e-006,-0.875667
5.160151e-006,-0.874
5.160401e-006,-0.874
5.160651e-006,-0.875667
5.160901e-006,-0.875667
5.161151e-006,-0.874
5.161401e-006,-0.874
5.161651e-006,-0.875667
5.161901e-006,-0.875667
5.162151e-006,-0.874
5.162401e-006,-0.874
5.162651e-006,-0.875667
5.162901e-006,-0.875667
5.163151e-006,-0.874
5.163401e-006,-0.874
5.163651e-006,-0.875667
5.163901e-006,-0.875667
5.164151e-006,-0.874
5.164401e-006,-0.874
5.164651e-006,-0.875667
5.164901e-006,-0.875667
5.165151e-006,-0.874
5.165401e-006,-0.874
5.165651e-006,-0.875667
5.165901e-006,-0.875667
5.166151e-006,-0.874
5.166401e-006,-0.874
5.166651e-006,-0.875667
5.166901e-006,-0.875667
5.167151e-006,-0.874
5.167401e-006,-0.874
5.167651e-006,-0.875667
5.167901e-006,-0.875667
5.168151e-006,-0.874
5.168401e-006,-0.874
5.168651e-006,-0.875667
5.168901e-006,-0.875667
5.169151e-006,-0.874
5.169401e-006,-0.874
5.169651e-006,-0.875667
5.169901e-006,-0.875667
5.170151e-006,-0.874
5.170401e-006,-0.874
5.170651e-006,-0.875667
5.170901e-006,-0.875667
5.171151e-006,-0.874
5.171401e-006,-0.874
5.171651e-006,-0.875667
5.171901e-006,-0.875667
5.172151e-006,-0.874
5.172401e-006,-0.874
5.172651e-006,-0.875667
5.172901e-006,-0.875667
5.173151e-006,-0.874
5.173401e-006,-0.874
5.173651e-006,-0.875667
5.173901e-006,-0.875667
5.174151e-006,-0.874
5.174401e-006,-0.874
5.174651e-006,-0.875667
5.174901e-006,-0.875667
5.175151e-006,-0.874
5.175401e-006,-0.874
5.175651e-006,-0.875667
5.175901e-006,-0.875667
5.176151e-006,-0.874
5.176401e-006,-0.874
5.176651e-006,-0.875667
5.176901e-006,-0.875667
5.177151e-006,-0.874
5.177401e-006,-0.874
5.177651e-006,-0.875667
5.177901e-006,-0.875667
5.178151e-006,-0.874
5.178401e-006,-0.874
5.178651e-006,-0.875667
5.178901e-006,-0.875667
5.179151e-006,-0.874
5.179401e-006,-0.874
5.179651e-006,-0.875667
5.179901e-006,-0.875667
5.180151e-006,-0.875667
5.180401e-006,-0.874
5.180651e-006,-0.875667
5.180901e-006,-0.875667
5.181151e-006,-0.875667
5.181401e-006,-0.874
5.181651e-006,-0.875667
5.181901e-006,-0.875667
5.182151e-006,-0.875667
5.182401e-006,-0.874
5.182651e-006,-0.875667
5.182901e-006,-0.875667
5.183151e-006,-0.875667
5.183401e-006,-0.874
5.183651e-006,-0.875667
5.183901e-006,-0.875667
5.184151e-006,-0.875667
5.184401e-006,-0.874
5.184651e-006,-0.875667
5.184901e-006,-0.875667
5.185151e-006,-0.875667
5.185401e-006,-0.874
5.185651e-006,-0.875667
5.185901e-006,-0.875667
5.186151e-006,-0.874
5.186401e-006,-0.874
5.186651e-006,-0.875667
5.186901e-006,-0.875667
5.187151e-006,-0.874
5.187401e-006,-0.874
5.187651e-006,-0.875667
5.187901e-006,-0.875667
5.188151e-006,-0.874
5.188401e-006,-0.874
5.188651e-006,-0.875667
5.188901e-006,-0.875667
5.189151e-006,-0.874
5.189401e-006,-0.874
5.189651e-006,-0.874
5.189901e-006,-0.875667
5.190151e-006,-0.874
5.190401e-006,-0.874
5.190651e-006,-0.874
5.190901e-006,-0.874
5.191151e-006,-0.874
5.191401e-006,-0.874
5.191651e-006,-0.875667
5.191901e-006,-0.875667
5.192151e-006,-0.874
5.192401e-006,-0.874
5.192651e-006,-0.875667
5.192901e-006,-0.875667
5.193151e-006,-0.874
5.193401e-006,-0.874
5.193651e-006,-0.875667
5.193901e-006,-0.875667
5.194151e-006,-0.874
5.194401e-006,-0.874
5.194651e-006,-0.875667
5.194901e-006,-0.875667
5.195151e-006,-0.875667
5.195401e-006,-0.874
5.195651e-006,-0.875667
5.195901e-006,-0.875667
5.196151e-006,-0.874
5.196401e-006,-0.874
5.196651e-006,-0.875667
5.196901e-006,-0.875667
5.197151e-006,-0.875667
5.197401e-006,-0.874
5.197651e-006,-0.875667
5.197901e-006,-0.875667
5.198151e-006,-0.875667
5.198401e-006,-0.874
5.198651e-006,-0.875667
5.198901e-006,-0.875667
5.199151e-006,-0.875667
5.199401e-006,-0.874
5.199651e-006,-0.875667
5.199901e-006,-0.875667
5.200151e-006,-0.875667
5.200401e-006,-0.874
5.200651e-006,-0.875667
5.200901e-006,-0.875667
5.201151e-006,-0.874
5.201401e-006,-0.874
5.201651e-006,-0.875667
5.201901e-006,-0.875667
5.202151e-006,-0.874
5.202401e-006,-0.874
5.202651e-006,-0.875667
5.202901e-006,-0.875667
5.203151e-006,-0.874
5.203401e-006,-0.874
5.203651e-006,-0.875667
5.203901e-006,-0.875667
5.204151e-006,-0.874
5.204401e-006,-0.874
5.204651e-006,-0.874
5.204901e-006,-0.875667
5.205151e-006,-0.874
5.205401e-006,-0.874
5.205651e-006,-0.874
5.205901e-006,-0.875667
5.206151e-006,-0.874
5.206401e-006,-0.874
5.206651e-006,-0.875667
5.206901e-006,-0.875667
5.207151e-006,-0.874
5.207401e-006,-0.874
5.207651e-006,-0.875667
5.207901e-006,-0.875667
5.208151e-006,-0.874
5.208401e-006,-0.874
5.208651e-006,-0.875667
5.208901e-006,-0.875667
5.209151e-006,-0.875667
5.209401e-006,-0.874
5.209651e-006,-0.875667
5.209901e-006,-0.875667
5.210151e-006,-0.875667
5.210401e-006,-0.874
5.210651e-006,-0.875667
5.210901e-006,-0.875667
5.211151e-006,-0.875667
5.211401e-006,-0.874
5.211651e-006,-0.875667
5.211901e-006,-0.875667
5.212151e-006,-0.874
5.212401e-006,-0.874
5.212651e-006,-0.875667
5.212901e-006,-0.875667
5.213151e-006,-0.874
5.213401e-006,-0.874
5.213651e-006,-0.875667
5.213901e-006,-0.875667
5.214151e-006,-0.874
5.214401e-006,-0.874
5.214651e-006,-0.875667
5.214901e-006,-0.875667
5.215151e-006,-0.874
5.215401e-006,-0.874
5.215651e-006,-0.875667
5.215901e-006,-0.875667
5.216151e-006,-0.874
5.216401e-006,-0.874
5.216651e-006,-0.875667
5.216901e-006,-0.875667
5.217151e-006,-0.874
5.217401e-006,-0.874
5.217651e-006,-0.875667
5.217901e-006,-0.875667
5.218151e-006,-0.875667
5.218401e-006,-0.874
5.218651e-006,-0.875667
5.218901e-006,-0.875667
5.219151e-006,-0.875667
5.219401e-006,-0.874
5.219651e-006,-0.875667
5.219901e-006,-0.875667
5.220151e-006,-0.874
5.220401e-006,-0.874
5.220651e-006,-0.875667
5.220901e-006,-0.875667
5.221151e-006,-0.874
5.221401e-006,-0.874
5.221651e-006,-0.875667
5.221901e-006,-0.875667
5.222151e-006,-0.874
5.222401e-006,-0.874
5.222651e-006,-0.875667
5.222901e-006,-0.875667
5.223151e-006,-0.874
5.223401e-006,-0.874
5.223651e-006,-0.875667
5.223901e-006,-0.875667
5.224151e-006,-0.875667
5.224401e-006,-0.874
5.224651e-006,-0.875667
5.224901e-006,-0.875667
5.225151e-006,-0.875667
5.225401e-006,-0.874
5.225651e-006,-0.875667
5.225901e-006,-0.875667
5.226151e-006,-0.875667
5.226401e-006,-0.874
5.226651e-006,-0.875667
5.226901e-006,-0.875667
5.227151e-006,-0.875667
5.227401e-006,-0.874
5.227651e-006,-0.875667
5.227901e-006,-0.875667
5.228151e-006,-0.874
5.228401e-006,-0.874
5.228651e-006,-0.875667
5.228901e-006,-0.875667
5.229151e-006,-0.874
5.229401e-006,-0.874
5.229651e-006,-0.875667
5.229901e-006,-0.875667
5.230151e-006,-0.874
5.230401e-006,-0.874
5.230651e-006,-0.875667
5.230901e-006,-0.875667
5.231151e-006,-0.874
5.231401e-006,-0.874
5.231651e-006,-0.875667
5.231901e-006,-0.875667
5.232151e-006,-0.874
5.232401e-006,-0.874
5.232651e-006,-0.875667
5.232901e-006,-0.875667
5.233151e-006,-0.874
5.233401e-006,-0.874
5.233651e-006,-0.874
5.233901e-006,-0.875667
5.234151e-006,-0.874
5.234401e-006,-0.874
5.234651e-006,-0.874
5.234901e-006,-0.875667
5.235151e-006,-0.875667
5.235401e-006,-0.874
5.235651e-006,-0.875667
5.235901e-006,-0.875667
5.236151e-006,-0.875667
5.236401e-006,-0.874
5.236651e-006,-0.875667
5.236901e-006,-0.875667
5.237151e-006,-0.875667
5.237401e-006,-0.874
5.237651e-006,-0.875667
5.237901e-006,-0.875667
5.238151e-006,-0.874
5.238401e-006,-0.874
5.238651e-006,-0.875667
5.238901e-006,-0.875667
5.239151e-006,-0.874
5.239401e-006,-0.874
5.239651e-006,-0.875667
5.239901e-006,-0.875667
5.240151e-006,-0.874
5.240401e-006,-0.874
5.240651e-006,-0.874
5.240901e-006,-0.875667
5.241151e-006,-0.874
5.241401e-006,-0.874
5.241651e-006,-0.874
5.241901e-006,-0.875667
5.242151e-006,-0.874
5.242401e-006,-0.874
5.242651e-006,-0.874
5.242901e-006,-0.875667
5.243151e-006,-0.874
5.243401e-006,-0.874
5.243651e-006,-0.874
5.243901e-006,-0.875667
5.244151e-006,-0.874
5.244401e-006,-0.874
5.244651e-006,-0.875667
5.244901e-006,-0.875667
5.245151e-006,-0.874
5.245401e-006,-0.874
5.245651e-006,-0.875667
5.245901e-006,-0.875667
5.246151e-006,-0.874
5.246401e-006,-0.874
5.246651e-006,-0.875667
5.246901e-006,-0.875667
5.247151e-006,-0.874
5.247401e-006,-0.874
5.247651e-006,-0.875667
5.247901e-006,-0.875667
5.248151e-006,-0.874
5.248401e-006,-0.874
5.248651e-006,-0.875667
5.248901e-006,-0.875667
5.249151e-006,-0.874
5.249401e-006,-0.874
5.249651e-006,-0.875667
5.249901e-006,-0.875667
5.250151e-006,-0.874
5.250401e-006,-0.874
5.250651e-006,-0.875667
5.250901e-006,-0.875667
5.251151e-006,-0.874
5.251401e-006,-0.874
5.251651e-006,-0.875667
5.251901e-006,-0.875667
5.252151e-006,-0.874
5.252401e-006,-0.874
5.252651e-006,-0.875667
5.252901e-006,-0.875667
5.253151e-006,-0.874
5.253401e-006,-0.874
5.253651e-006,-0.874
5.253901e-006,-0.875667
5.254151e-006,-0.874
5.254401e-006,-0.874
5.254651e-006,-0.874
5.254901e-006,-0.875667
5.255151e-006,-0.874
5.255401e-006,-0.874
5.255651e-006,-0.874
5.255901e-006,-0.875667
5.256151e-006,-0.874
5.256401e-006,-0.874
5.256651e-006,-0.875667
5.256901e-006,-0.875667
5.257151e-006,-0.874
5.257401e-006,-0.874
5.257651e-006,-0.875667
5.257901e-006,-0.875667
5.258151e-006,-0.874
5.258401e-006,-0.874
5.258651e-006,-0.875667
5.258901e-006,-0.875667
5.259151e-006,-0.874
5.259401e-006,-0.874
5.259651e-006,-0.875667
5.259901e-006,-0.875667
5.260151e-006,-0.874
5.260401e-006,-0.874
5.260651e-006,-0.875667
5.260901e-006,-0.875667
5.261151e-006,-0.874
5.261401e-006,-0.874
5.261651e-006,-0.874
5.261901e-006,-0.875667
5.262151e-006,-0.874
5.262401e-006,-0.874
5.262651e-006,-0.874
5.262901e-006,-0.875667
5.263151e-006,-0.874
5.263401e-006,-0.874
5.263651e-006,-0.874
5.263901e-006,-0.875667
5.264151e-006,-0.874
5.264401e-006,-0.874
5.264651e-006,-0.874
5.264901e-006,-0.875667
5.265151e-006,-0.874
5.265401e-006,-0.874
5.265651e-006,-0.874
5.265901e-006,-0.875667
5.266151e-006,-0.874
5.266401e-006,-0.874
5.266651e-006,-0.874
5.266901e-006,-0.875667
5.267151e-006,-0.874
5.267401e-006,-0.874
5.267651e-006,-0.874
5.267901e-006,-0.875667
5.268151e-006,-0.874
5.268401e-006,-0.874
5.268651e-006,-0.874
5.268901e-006,-0.875667
5.269151e-006,-0.874
5.269401e-006,-0.874
5.269651e-006,-0.874
5.269901e-006,-0.875667
5.270151e-006,-0.874
5.270401e-006,-0.874
5.270651e-006,-0.874
5.270901e-006,-0.875667
5.271151e-006,-0.875667
5.271401e-006,-0.874
5.271651e-006,-0.875667
5.271901e-006,-0.875667
5.272151e-006,-0.875667
5.272401e-006,-0.874
5.272651e-006,-0.875667
5.272901e-006,-0.875667
5.273151e-006,-0.875667
5.273401e-006,-0.874
5.273651e-006,-0.875667
5.273901e-006,-0.875667
5.274151e-006,-0.875667
5.274401e-006,-0.874
5.274651e-006,-0.875667
5.274901e-006,-0.875667
5.275151e-006,-0.875667
5.275401e-006,-0.874
5.275651e-006,-0.875667
5.275901e-006,-0.875667
5.276151e-006,-0.874
5.276401e-006,-0.874
5.276651e-006,-0.875667
5.276901e-006,-0.875667
5.277151e-006,-0.874
5.277401e-006,-0.874
5.277651e-006,-0.875667
5.277901e-006,-0.875667
5.278151e-006,-0.874
5.278401e-006,-0.874
5.278651e-006,-0.875667
5.278901e-006,-0.875667
5.279151e-006,-0.874
5.279401e-006,-0.874
5.279651e-006,-0.875667
5.279901e-006,-0.875667
5.280151e-006,-0.874
5.280401e-006,-0.874
5.280651e-006,-0.875667
5.280901e-006,-0.875667
5.281151e-006,-0.874
5.281401e-006,-0.874
5.281651e-006,-0.875667
5.281901e-006,-0.875667
5.282151e-006,-0.874
5.282401e-006,-0.874
5.282651e-006,-0.875667
5.282901e-006,-0.875667
5.283151e-006,-0.874
5.283401e-006,-0.874
5.283651e-006,-0.875667
5.283901e-006,-0.875667
5.284151e-006,-0.874
5.284401e-006,-0.874
5.284651e-006,-0.875667
5.284901e-006,-0.875667
5.285151e-006,-0.874
5.285401e-006,-0.874
5.285651e-006,-0.875667
5.285901e-006,-0.874
5.286151e-006,-0.874
5.286401e-006,-0.874
5.286651e-006,-0.875667
5.286901e-006,-0.874
5.287151e-006,-0.874
5.287401e-006,-0.874
5.287651e-006,-0.875667
5.287901e-006,-0.874
5.288151e-006,-0.874
5.288401e-006,-0.874
5.288651e-006,-0.875667
5.288901e-006,-0.874
5.289151e-006,-0.874
5.289401e-006,-0.874
5.289651e-006,-0.875667
5.289901e-006,-0.874
5.290151e-006,-0.874
5.290401e-006,-0.874
5.290651e-006,-0.875667
5.290901e-006,-0.874
5.291151e-006,-0.874
5.291401e-006,-0.874
5.291651e-006,-0.875667
5.291901e-006,-0.875667
5.292151e-006,-0.874
5.292401e-006,-0.874
5.292651e-006,-0.875667
5.292901e-006,-0.875667
5.293151e-006,-0.874
5.293401e-006,-0.874
5.293651e-006,-0.875667
5.293901e-006,-0.875667
5.294151e-006,-0.874
5.294401e-006,-0.874
5.294651e-006,-0.875667
5.294901e-006,-0.875667
5.295151e-006,-0.874
5.295401e-006,-0.874
5.295651e-006,-0.875667
5.295901e-006,-0.875667
5.296151e-006,-0.874
5.296401e-006,-0.874
5.296651e-006,-0.875667
5.296901e-006,-0.875667
5.297151e-006,-0.874
5.297401e-006,-0.874
5.297651e-006,-0.874
5.297901e-006,-0.875667
5.298151e-006,-0.874
5.298401e-006,-0.874
5.298651e-006,-0.874
5.298901e-006,-0.875667
5.299151e-006,-0.874
5.299401e-006,-0.874
5.299651e-006,-0.874
5.299901e-006,-0.875667
5.300151e-006,-0.874
5.300401e-006,-0.874
5.300651e-006,-0.874
5.300901e-006,-0.875667
5.301151e-006,-0.874
5.301401e-006,-0.874
5.301651e-006,-0.874
5.301901e-006,-0.875667
5.302151e-006,-0.874
5.302401e-006,-0.874
5.302651e-006,-0.874
5.302901e-006,-0.875667
5.303151e-006,-0.874
5.303401e-006,-0.874
5.303651e-006,-0.874
5.303901e-006,-0.875667
5.304151e-006,-0.874
5.304401e-006,-0.874
5.304651e-006,-0.875667
5.304901e-006,-0.875667
5.305151e-006,-0.874
5.305401e-006,-0.874
5.305651e-006,-0.875667
5.305901e-006,-0.875667
5.306151e-006,-0.874
5.306401e-006,-0.874
5.306651e-006,-0.875667
5.306901e-006,-0.875667
5.307151e-006,-0.874
5.307401e-006,-0.874
5.307651e-006,-0.875667
5.307901e-006,-0.875667
5.308151e-006,-0.874
5.308401e-006,-0.874
5.308651e-006,-0.875667
5.308901e-006,-0.875667
5.309151e-006,-0.874
5.309401e-006,-0.874
5.309651e-006,-0.875667
5.309901e-006,-0.875667
5.310151e-006,-0.874
5.310401e-006,-0.874
5.310651e-006,-0.875667
5.310901e-006,-0.875667
5.311151e-006,-0.874
5.311401e-006,-0.874
5.311651e-006,-0.874
5.311901e-006,-0.875667
5.312151e-006,-0.874
5.312401e-006,-0.874
5.312651e-006,-0.874
5.312901e-006,-0.875667
5.313151e-006,-0.874
5.313401e-006,-0.874
5.313651e-006,-0.874
5.313901e-006,-0.875667
5.314151e-006,-0.874
5.314401e-006,-0.874
5.314651e-006,-0.875667
5.314901e-006,-0.875667
5.315151e-006,-0.874
5.315401e-006,-0.874
5.315651e-006,-0.875667
5.315901e-006,-0.875667
5.316151e-006,-0.874
5.316401e-006,-0.874
5.316651e-006,-0.875667
5.316901e-006,-0.875667
5.317151e-006,-0.874
5.317401e-006,-0.874
5.317651e-006,-0.875667
5.317901e-006,-0.875667
5.318151e-006,-0.874
5.318401e-006,-0.874
5.318651e-006,-0.875667
5.318901e-006,-0.875667
5.319151e-006,-0.874
5.319401e-006,-0.874
5.319651e-006,-0.875667
5.319901e-006,-0.875667
5.320151e-006,-0.874
5.320401e-006,-0.874
5.320651e-006,-0.875667
5.320901e-006,-0.875667
5.321151e-006,-0.874
5.321401e-006,-0.874
5.321651e-006,-0.875667
5.321901e-006,-0.875667
5.322151e-006,-0.874
5.322401e-006,-0.874
5.322651e-006,-0.875667
5.322901e-006,-0.875667
5.323151e-006,-0.874
5.323401e-006,-0.874
5.323651e-006,-0.875667
5.323901e-006,-0.875667
5.324151e-006,-0.874
5.324401e-006,-0.874
5.324651e-006,-0.875667
5.324901e-006,-0.875667
5.325151e-006,-0.874
5.325401e-006,-0.874
5.325651e-006,-0.875667
5.325901e-006,-0.875667
5.326151e-006,-0.874
5.326401e-006,-0.874
5.326651e-006,-0.875667
5.326901e-006,-0.875667
5.327151e-006,-0.874
5.327401e-006,-0.874
5.327651e-006,-0.875667
5.327901e-006,-0.875667
5.328151e-006,-0.874
5.328401e-006,-0.874
5.328651e-006,-0.875667
5.328901e-006,-0.875667
5.329151e-006,-0.874
5.329401e-006,-0.874
5.329651e-006,-0.875667
5.329901e-006,-0.875667
5.330151e-006,-0.874
5.330401e-006,-0.874
5.330651e-006,-0.875667
5.330901e-006,-0.875667
5.331151e-006,-0.874
5.331401e-006,-0.874
5.331651e-006,-0.875667
5.331901e-006,-0.875667
5.332151e-006,-0.874
5.332401e-006,-0.874
5.332651e-006,-0.875667
5.332901e-006,-0.875667
5.333151e-006,-0.874
5.333401e-006,-0.874
5.333651e-006,-0.875667
5.333901e-006,-0.875667
5.334151e-006,-0.874
5.334401e-006,-0.874
5.334651e-006,-0.875667
5.334901e-006,-0.875667
5.335151e-006,-0.874
5.335401e-006,-0.874
5.335651e-006,-0.875667
5.335901e-006,-0.875667
5.336151e-006,-0.874
5.336401e-006,-0.874
5.336651e-006,-0.875667
5.336901e-006,-0.875667
5.337151e-006,-0.874
5.337401e-006,-0.874
5.337651e-006,-0.875667
5.337901e-006,-0.875667
5.338151e-006,-0.874
5.338401e-006,-0.874
5.338651e-006,-0.875667
5.338901e-006,-0.875667
5.339151e-006,-0.874
5.339401e-006,-0.874
5.339651e-006,-0.875667
5.339901e-006,-0.875667
5.340151e-006,-0.874
5.340401e-006,-0.874
5.340651e-006,-0.875667
5.340901e-006,-0.875667
5.341151e-006,-0.874
5.341401e-006,-0.874
5.341651e-006,-0.875667
5.341901e-006,-0.875667
5.342151e-006,-0.874
5.342401e-006,-0.874
5.342651e-006,-0.875667
5.342901e-006,-0.875667
5.343151e-006,-0.874
5.343401e-006,-0.874
5.343651e-006,-0.875667
5.343901e-006,-0.875667
5.344151e-006,-0.874
5.344401e-006,-0.874
5.344651e-006,-0.875667
5.344901e-006,-0.875667
5.345151e-006,-0.874
5.345401e-006,-0.874
5.345651e-006,-0.875667
5.345901e-006,-0.875667
5.346151e-006,-0.874
5.346401e-006,-0.874
5.346651e-006,-0.875667
5.346901e-006,-0.875667
5.347151e-006,-0.874
5.347401e-006,-0.874
5.347651e-006,-0.875667
5.347901e-006,-0.875667
5.348151e-006,-0.875667
5.348401e-006,-0.874
5.348651e-006,-0.875667
5.348901e-006,-0.875667
5.349151e-006,-0.875667
5.349401e-006,-0.874
5.349651e-006,-0.875667
5.349901e-006,-0.875667
5.350151e-006,-0.874
5.350401e-006,-0.874
5.350651e-006,-0.875667
5.350901e-006,-0.875667
5.351151e-006,-0.874
5.351401e-006,-0.874
5.351651e-006,-0.875667
5.351901e-006,-0.875667
5.352151e-006,-0.874
5.352401e-006,-0.874
5.352651e-006,-0.875667
5.352901e-006,-0.875667
5.353151e-006,-0.874
5.353401e-006,-0.874
5.353651e-006,-0.875667
5.353901e-006,-0.875667
5.354151e-006,-0.874
5.354401e-006,-0.874
5.354651e-006,-0.875667
5.354901e-006,-0.875667
5.355151e-006,-0.874
5.355401e-006,-0.874
5.355651e-006,-0.875667
5.355901e-006,-0.875667
5.356151e-006,-0.874
5.356401e-006,-0.874
5.356651e-006,-0.875667
5.356901e-006,-0.875667
5.357151e-006,-0.874
5.357401e-006,-0.874
5.357651e-006,-0.875667
5.357901e-006,-0.874
5.358151e-006,-0.874
5.358401e-006,-0.874
5.358651e-006,-0.875667
5.358901e-006,-0.874
5.359151e-006,-0.874
5.359401e-006,-0.874
5.359651e-006,-0.875667
5.359901e-006,-0.875667
5.360151e-006,-0.874
5.360401e-006,-0.874
5.360651e-006,-0.875667
5.360901e-006,-0.875667
5.361151e-006,-0.874
5.361401e-006,-0.874
5.361651e-006,-0.875667
5.361901e-006,-0.875667
5.362151e-006,-0.874
5.362401e-006,-0.874
5.362651e-006,-0.875667
5.362901e-006,-0.875667
5.363151e-006,-0.874
5.363401e-006,-0.874
5.363651e-006,-0.875667
5.363901e-006,-0.875667
5.364151e-006,-0.874
5.364401e-006,-0.874
5.364651e-006,-0.875667
5.364901e-006,-0.875667
5.365151e-006,-0.874
5.365401e-006,-0.874
5.365651e-006,-0.875667
5.365901e-006,-0.875667
5.366151e-006,-0.874
5.366401e-006,-0.874
5.366651e-006,-0.875667
5.366901e-006,-0.875667
5.367151e-006,-0.874
5.367401e-006,-0.874
5.367651e-006,-0.875667
5.367901e-006,-0.875667
5.368151e-006,-0.875667
5.368401e-006,-0.874
5.368651e-006,-0.875667
5.368901e-006,-0.875667
5.369151e-006,-0.874
5.369401e-006,-0.874
5.369651e-006,-0.875667
5.369901e-006,-0.875667
5.370151e-006,-0.874
5.370401e-006,-0.874
5.370651e-006,-0.875667
5.370901e-006,-0.875667
5.371151e-006,-0.875667
5.371401e-006,-0.874
5.371651e-006,-0.875667
5.371901e-006,-0.875667
5.372151e-006,-0.875667
5.372401e-006,-0.874
5.372651e-006,-0.874
5.372901e-006,-0.875667
5.373151e-006,-0.874
5.373401e-006,-0.874
5.373651e-006,-0.874
5.373901e-006,-0.875667
5.374151e-006,-0.874
5.374401e-006,-0.874
5.374651e-006,-0.875667
5.374901e-006,-0.875667
5.375151e-006,-0.874
5.375401e-006,-0.874
5.375651e-006,-0.875667
5.375901e-006,-0.875667
5.376151e-006,-0.875667
5.376401e-006,-0.874
5.376651e-006,-0.875667
5.376901e-006,-0.875667
5.377151e-006,-0.874
5.377401e-006,-0.874
5.377651e-006,-0.875667
5.377901e-006,-0.875667
5.378151e-006,-0.874
5.378401e-006,-0.874
5.378651e-006,-0.875667
5.378901e-006,-0.875667
5.379151e-006,-0.874
5.379401e-006,-0.874
5.379651e-006,-0.875667
5.379901e-006,-0.875667
5.380151e-006,-0.874
5.380401e-006,-0.874
5.380651e-006,-0.875667
5.380901e-006,-0.875667
5.381151e-006,-0.874
5.381401e-006,-0.874
5.381651e-006,-0.875667
5.381901e-006,-0.875667
5.382151e-006,-0.874
5.382401e-006,-0.874
5.382651e-006,-0.874
5.382901e-006,-0.875667
5.383151e-006,-0.874
5.383401e-006,-0.874
5.383651e-006,-0.874
5.383901e-006,-0.875667
5.384151e-006,-0.874
5.384401e-006,-0.874
5.384651e-006,-0.874
5.384901e-006,-0.875667
5.385151e-006,-0.874
5.385401e-006,-0.874
5.385651e-006,-0.874
5.385901e-006,-0.875667
5.386151e-006,-0.874
5.386401e-006,-0.874
5.386651e-006,-0.874
5.386901e-006,-0.875667
5.387151e-006,-0.874
5.387401e-006,-0.874
5.387651e-006,-0.874
5.387901e-006,-0.875667
5.388151e-006,-0.874
5.388401e-006,-0.874
5.388651e-006,-0.875667
5.388901e-006,-0.875667
5.389151e-006,-0.874
5.389401e-006,-0.874
5.389651e-006,-0.875667
5.389901e-006,-0.875667
5.390151e-006,-0.874
5.390401e-006,-0.874
5.390651e-006,-0.875667
5.390901e-006,-0.875667
5.391151e-006,-0.874
5.391401e-006,-0.874
5.391651e-006,-0.875667
5.391901e-006,-0.875667
5.392151e-006,-0.874
5.392401e-006,-0.874
5.392651e-006,-0.875667
5.392901e-006,-0.875667
5.393151e-006,-0.874
5.393401e-006,-0.874
5.393651e-006,-0.874
5.393901e-006,-0.875667
5.394151e-006,-0.874
5.394401e-006,-0.874
5.394651e-006,-0.875667
5.394901e-006,-0.875667
5.395151e-006,-0.874
5.395401e-006,-0.874
5.395651e-006,-0.874
5.395901e-006,-0.875667
5.396151e-006,-0.874
5.396401e-006,-0.874
5.396651e-006,-0.875667
5.396901e-006,-0.875667
5.397151e-006,-0.874
5.397401e-006,-0.874
5.397651e-006,-0.875667
5.397901e-006,-0.875667
5.398151e-006,-0.874
5.398401e-006,-0.874
5.398651e-006,-0.874
5.398901e-006,-0.875667
5.399151e-006,-0.874
5.399401e-006,-0.874
5.399651e-006,-0.875667
5.399901e-006,-0.875667
5.400151e-006,-0.874
5.400401e-006,-0.874
5.400651e-006,-0.875667
5.400901e-006,-0.875667
5.401151e-006,-0.874
5.401401e-006,-0.874
5.401651e-006,-0.875667
5.401901e-006,-0.875667
5.402151e-006,-0.874
5.402401e-006,-0.874
5.402651e-006,-0.875667
5.402901e-006,-0.875667
5.403151e-006,-0.874
5.403401e-006,-0.874
5.403651e-006,-0.874
5.403901e-006,-0.875667
5.404151e-006,-0.874
5.404401e-006,-0.874
5.404651e-006,-0.874
5.404901e-006,-0.875667
5.405151e-006,-0.874
5.405401e-006,-0.874
5.405651e-006,-0.875667
5.405901e-006,-0.875667
5.406151e-006,-0.874
5.406401e-006,-0.874
5.406651e-006,-0.875667
5.406901e-006,-0.875667
5.407151e-006,-0.874
5.407401e-006,-0.874
5.407651e-006,-0.875667
5.407901e-006,-0.875667
5.408151e-006,-0.874
5.408401e-006,-0.874
5.408651e-006,-0.874
5.408901e-006,-0.875667
5.409151e-006,-0.874
5.409401e-006,-0.874
5.409651e-006,-0.875667
5.409901e-006,-0.875667
5.410151e-006,-0.874
5.410401e-006,-0.874
5.410651e-006,-0.875667
5.410901e-006,-0.875667
5.411151e-006,-0.874
5.411401e-006,-0.874
5.411651e-006,-0.875667
5.411901e-006,-0.875667
5.412151e-006,-0.874
5.412401e-006,-0.874
5.412651e-006,-0.875667
5.412901e-006,-0.875667
5.413151e-006,-0.874
5.413401e-006,-0.874
5.413651e-006,-0.875667
5.413901e-006,-0.875667
5.414151e-006,-0.875667
5.414401e-006,-0.874
5.414651e-006,-0.875667
5.414901e-006,-0.875667
5.415151e-006,-0.875667
5.415401e-006,-0.874
5.415651e-006,-0.875667
5.415901e-006,-0.875667
5.416151e-006,-0.875667
5.416401e-006,-0.874
5.416651e-006,-0.875667
5.416901e-006,-0.875667
5.417151e-006,-0.874
5.417401e-006,-0.874
5.417651e-006,-0.875667
5.417901e-006,-0.875667
5.418151e-006,-0.874
5.418401e-006,-0.874
5.418651e-006,-0.875667
5.418901e-006,-0.875667
5.419151e-006,-0.874
5.419401e-006,-0.874
5.419651e-006,-0.875667
5.419901e-006,-0.875667
5.420151e-006,-0.874
5.420401e-006,-0.874
5.420651e-006,-0.875667
5.420901e-006,-0.875667
5.421151e-006,-0.874
5.421401e-006,-0.874
5.421651e-006,-0.875667
5.421901e-006,-0.875667
5.422151e-006,-0.874
5.422401e-006,-0.874
5.422651e-006,-0.875667
5.422901e-006,-0.875667
5.423151e-006,-0.874
5.423401e-006,-0.874
5.423651e-006,-0.875667
5.423901e-006,-0.875667
5.424151e-006,-0.874
5.424401e-006,-0.874
5.424651e-006,-0.875667
5.424901e-006,-0.875667
5.425151e-006,-0.874
5.425401e-006,-0.874
5.425651e-006,-0.875667
5.425901e-006,-0.875667
5.426151e-006,-0.874
5.426401e-006,-0.874
5.426651e-006,-0.875667
5.426901e-006,-0.875667
5.427151e-006,-0.874
5.427401e-006,-0.874
5.427651e-006,-0.875667
5.427901e-006,-0.875667
5.428151e-006,-0.874
5.428401e-006,-0.874
5.428651e-006,-0.875667
5.428901e-006,-0.875667
5.429151e-006,-0.874
5.429401e-006,-0.874
5.429651e-006,-0.875667
5.429901e-006,-0.875667
5.430151e-006,-0.874
5.430401e-006,-0.874
5.430651e-006,-0.875667
5.430901e-006,-0.875667
5.431151e-006,-0.874
5.431401e-006,-0.874
5.431651e-006,-0.875667
5.431901e-006,-0.875667
5.432151e-006,-0.874
5.432401e-006,-0.874
5.432651e-006,-0.874
5.432901e-006,-0.875667
5.433151e-006,-0.874
5.433401e-006,-0.874
5.433651e-006,-0.875667
5.433901e-006,-0.875667
5.434151e-006,-0.874
5.434401e-006,-0.874
5.434651e-006,-0.875667
5.434901e-006,-0.875667
5.435151e-006,-0.875667
5.435401e-006,-0.874
5.435651e-006,-0.875667
5.435901e-006,-0.875667
5.436151e-006,-0.875667
5.436401e-006,-0.874
5.436651e-006,-0.875667
5.436901e-006,-0.875667
5.437151e-006,-0.874
5.437401e-006,-0.874
5.437651e-006,-0.875667
5.437901e-006,-0.875667
5.438151e-006,-0.874
5.438401e-006,-0.874
5.438651e-006,-0.874
5.438901e-006,-0.875667
5.439151e-006,-0.874
5.439401e-006,-0.874
5.439651e-006,-0.875667
5.439901e-006,-0.875667
5.440151e-006,-0.874
5.440401e-006,-0.874
5.440651e-006,-0.875667
5.440901e-006,-0.875667
5.441151e-006,-0.874
5.441401e-006,-0.874
5.441651e-006,-0.875667
5.441901e-006,-0.875667
5.442151e-006,-0.874
5.442401e-006,-0.874
5.442651e-006,-0.875667
5.442901e-006,-0.875667
5.443151e-006,-0.874
5.443401e-006,-0.874
5.443651e-006,-0.875667
5.443901e-006,-0.875667
5.444151e-006,-0.874
5.444401e-006,-0.874
5.444651e-006,-0.875667
5.444901e-006,-0.875667
5.445151e-006,-0.874
5.445401e-006,-0.874
5.445651e-006,-0.875667
5.445901e-006,-0.875667
5.446151e-006,-0.874
5.446401e-006,-0.874
5.446651e-006,-0.875667
5.446901e-006,-0.875667
5.447151e-006,-0.874
5.447401e-006,-0.874
5.447651e-006,-0.875667
5.447901e-006,-0.875667
5.448151e-006,-0.874
5.448401e-006,-0.874
5.448651e-006,-0.875667
5.448901e-006,-0.875667
5.449151e-006,-0.874
5.449401e-006,-0.874
5.449651e-006,-0.874
5.449901e-006,-0.875667
5.450151e-006,-0.874
5.450401e-006,-0.874
5.450651e-006,-0.875667
5.450901e-006,-0.875667
5.451151e-006,-0.874
5.451401e-006,-0.874
5.451651e-006,-0.875667
5.451901e-006,-0.875667
5.452151e-006,-0.874
5.452401e-006,-0.874
5.452651e-006,-0.875667
5.452901e-006,-0.875667
5.453151e-006,-0.875667
5.453401e-006,-0.874
5.453651e-006,-0.875667
5.453901e-006,-0.875667
5.454151e-006,-0.875667
5.454401e-006,-0.874
5.454651e-006,-0.875667
5.454901e-006,-0.875667
5.455151e-006,-0.875667
5.455401e-006,-0.874
5.455651e-006,-0.875667
5.455901e-006,-0.875667
5.456151e-006,-0.875667
5.456401e-006,-0.874
5.456651e-006,-0.875667
5.456901e-006,-0.875667
5.457151e-006,-0.875667
5.457401e-006,-0.874
5.457651e-006,-0.875667
5.457901e-006,-0.875667
5.458151e-006,-0.875667
5.458401e-006,-0.874
5.458651e-006,-0.875667
5.458901e-006,-0.875667
5.459151e-006,-0.874
5.459401e-006,-0.874
5.459651e-006,-0.875667
5.459901e-006,-0.875667
5.460151e-006,-0.874
5.460401e-006,-0.874
5.460651e-006,-0.875667
5.460901e-006,-0.875667
5.461151e-006,-0.874
5.461401e-006,-0.874
5.461651e-006,-0.874
5.461901e-006,-0.875667
5.462151e-006,-0.874
5.462401e-006,-0.874
5.462651e-006,-0.875667
5.462901e-006,-0.875667
5.463151e-006,-0.874
5.463401e-006,-0.874
5.463651e-006,-0.875667
5.463901e-006,-0.875667
5.464151e-006,-0.874
5.464401e-006,-0.874
5.464651e-006,-0.875667
5.464901e-006,-0.875667
5.465151e-006,-0.874
5.465401e-006,-0.874
5.465651e-006,-0.875667
5.465901e-006,-0.875667
5.466151e-006,-0.874
5.466401e-006,-0.874
5.466651e-006,-0.875667
5.466901e-006,-0.875667
5.467151e-006,-0.874
5.467401e-006,-0.874
5.467651e-006,-0.875667
5.467901e-006,-0.875667
5.468151e-006,-0.874
5.468401e-006,-0.874
5.468651e-006,-0.875667
5.468901e-006,-0.875667
5.469151e-006,-0.874
5.469401e-006,-0.874
5.469651e-006,-0.875667
5.469901e-006,-0.875667
5.470151e-006,-0.874
5.470401e-006,-0.874
5.470651e-006,-0.875667
5.470901e-006,-0.875667
5.471151e-006,-0.874
5.471401e-006,-0.874
5.471651e-006,-0.874
5.471901e-006,-0.875667
5.472151e-006,-0.874
5.472401e-006,-0.874
5.472651e-006,-0.874
5.472901e-006,-0.875667
5.473151e-006,-0.874
5.473401e-006,-0.874
5.473651e-006,-0.875667
5.473901e-006,-0.875667
5.474151e-006,-0.874
5.474401e-006,-0.874
5.474651e-006,-0.875667
5.474901e-006,-0.875667
5.475151e-006,-0.874
5.475401e-006,-0.874
5.475651e-006,-0.875667
5.475901e-006,-0.875667
5.476151e-006,-0.874
5.476401e-006,-0.874
5.476651e-006,-0.875667
5.476901e-006,-0.875667
5.477151e-006,-0.874
5.477401e-006,-0.874
5.477651e-006,-0.875667
5.477901e-006,-0.875667
5.478151e-006,-0.874
5.478401e-006,-0.874
5.478651e-006,-0.875667
5.478901e-006,-0.875667
5.479151e-006,-0.874
5.479401e-006,-0.874
5.479651e-006,-0.875667
5.479901e-006,-0.875667
5.480151e-006,-0.874
5.480401e-006,-0.874
5.480651e-006,-0.875667
5.480901e-006,-0.875667
5.481151e-006,-0.874
5.481401e-006,-0.874
5.481651e-006,-0.875667
5.481901e-006,-0.875667
5.482151e-006,-0.874
5.482401e-006,-0.874
5.482651e-006,-0.875667
5.482901e-006,-0.875667
5.483151e-006,-0.874
5.483401e-006,-0.874
5.483651e-006,-0.875667
5.483901e-006,-0.875667
5.484151e-006,-0.874
5.484401e-006,-0.874
5.484651e-006,-0.874
5.484901e-006,-0.875667
5.485151e-006,-0.874
5.485401e-006,-0.874
5.485651e-006,-0.875667
5.485901e-006,-0.875667
5.486151e-006,-0.874
5.486401e-006,-0.874
5.486651e-006,-0.874
5.486901e-006,-0.875667
5.487151e-006,-0.874
5.487401e-006,-0.874
5.487651e-006,-0.874
5.487901e-006,-0.875667
5.488151e-006,-0.874
5.488401e-006,-0.874
5.488651e-006,-0.874
5.488901e-006,-0.875667
5.489151e-006,-0.874
5.489401e-006,-0.874
5.489651e-006,-0.874
5.489901e-006,-0.875667
5.490151e-006,-0.874
5.490401e-006,-0.874
5.490651e-006,-0.874
5.490901e-006,-0.875667
5.491151e-006,-0.875667
5.491401e-006,-0.874
5.491651e-006,-0.874
5.491901e-006,-0.875667
5.492151e-006,-0.874
5.492401e-006,-0.874
5.492651e-006,-0.874
5.492901e-006,-0.875667
5.493151e-006,-0.874
5.493401e-006,-0.874
5.493651e-006,-0.874
5.493901e-006,-0.875667
5.494151e-006,-0.874
5.494401e-006,-0.874
5.494651e-006,-0.874
5.494901e-006,-0.875667
5.495151e-006,-0.874
5.495401e-006,-0.874
5.495651e-006,-0.874
5.495901e-006,-0.875667
5.496151e-006,-0.875667
5.496401e-006,-0.874
5.496651e-006,-0.875667
5.496901e-006,-0.875667
5.497151e-006,-0.875667
5.497401e-006,-0.874
5.497651e-006,-0.875667
5.497901e-006,-0.875667
5.498151e-006,-0.875667
5.498401e-006,-0.874
5.498651e-006,-0.875667
5.498901e-006,-0.875667
5.499151e-006,-0.875667
5.499401e-006,-0.874
5.499651e-006,-0.875667
5.499901e-006,-0.875667
5.500151e-006,-0.875667
5.500401e-006,-0.874
5.500651e-006,-0.875667
5.500901e-006,-0.875667
5.501151e-006,-0.875667
5.501401e-006,-0.874
5.501651e-006,-0.875667
5.501901e-006,-0.875667
5.502151e-006,-0.875667
5.502401e-006,-0.874
5.502651e-006,-0.874
5.502901e-006,-0.875667
5.503151e-006,-0.875667
5.503401e-006,-0.874
5.503651e-006,-0.874
5.503901e-006,-0.875667
5.504151e-006,-0.875667
5.504401e-006,-0.874
5.504651e-006,-0.874
5.504901e-006,-0.875667
5.505151e-006,-0.874
5.505401e-006,-0.874
5.505651e-006,-0.874
5.505901e-006,-0.875667
5.506151e-006,-0.874
5.506401e-006,-0.874
5.506651e-006,-0.874
5.506901e-006,-0.875667
5.507151e-006,-0.874
5.507401e-006,-0.874
5.507651e-006,-0.874
5.507901e-006,-0.875667
5.508151e-006,-0.874
5.508401e-006,-0.874
5.508651e-006,-0.874
5.508901e-006,-0.875667
5.509151e-006,-0.874
5.509401e-006,-0.874
5.509651e-006,-0.875667
5.509901e-006,-0.875667
5.510151e-006,-0.874
5.510401e-006,-0.874
5.510651e-006,-0.875667
5.510901e-006,-0.875667
5.511151e-006,-0.875667
5.511401e-006,-0.874
5.511651e-006,-0.875667
5.511901e-006,-0.875667
5.512151e-006,-0.875667
5.512401e-006,-0.874
5.512651e-006,-0.875667
5.512901e-006,-0.875667
5.513151e-006,-0.875667
5.513401e-006,-0.874
5.513651e-006,-0.875667
5.513901e-006,-0.875667
5.514151e-006,-0.875667
5.514401e-006,-0.874
5.514651e-006,-0.875667
5.514901e-006,-0.875667
5.515151e-006,-0.875667
5.515401e-006,-0.874
5.515651e-006,-0.875667
5.515901e-006,-0.875667
5.516151e-006,-0.875667
5.516401e-006,-0.874
5.516651e-006,-0.875667
5.516901e-006,-0.875667
5.517151e-006,-0.875667
5.517401e-006,-0.874
5.517651e-006,-0.875667
5.517901e-006,-0.875667
5.518151e-006,-0.875667
5.518401e-006,-0.874
5.518651e-006,-0.875667
5.518901e-006,-0.875667
5.519151e-006,-0.875667
5.519401e-006,-0.874
5.519651e-006,-0.875667
5.519901e-006,-0.875667
5.520151e-006,-0.875667
5.520401e-006,-0.874
5.520651e-006,-0.875667
5.520901e-006,-0.875667
5.521151e-006,-0.875667
5.521401e-006,-0.874
5.521651e-006,-0.875667
5.521901e-006,-0.875667
5.522151e-006,-0.875667
5.522401e-006,-0.874
5.522651e-006,-0.875667
5.522901e-006,-0.875667
5.523151e-006,-0.875667
5.523401e-006,-0.874
5.523651e-006,-0.875667
5.523901e-006,-0.875667
5.524151e-006,-0.875667
5.524401e-006,-0.874
5.524651e-006,-0.875667
5.524901e-006,-0.875667
5.525151e-006,-0.874
5.525401e-006,-0.874
5.525651e-006,-0.875667
5.525901e-006,-0.875667
5.526151e-006,-0.874
5.526401e-006,-0.874
5.526651e-006,-0.875667
5.526901e-006,-0.875667
5.527151e-006,-0.874
5.527401e-006,-0.874
5.527651e-006,-0.875667
5.527901e-006,-0.875667
5.528151e-006,-0.874
5.528401e-006,-0.874
5.528651e-006,-0.875667
5.528901e-006,-0.875667
5.529151e-006,-0.874
5.529401e-006,-0.874
5.529651e-006,-0.875667
5.529901e-006,-0.875667
5.530151e-006,-0.874
5.530401e-006,-0.874
5.530651e-006,-0.875667
5.530901e-006,-0.874
5.531151e-006,-0.874
5.531401e-006,-0.874
5.531651e-006,-0.875667
5.531901e-006,-0.874
5.532151e-006,-0.874
5.532401e-006,-0.874
5.532651e-006,-0.875667
5.532901e-006,-0.874
5.533151e-006,-0.874
5.533401e-006,-0.874
5.533651e-006,-0.875667
5.533901e-006,-0.874
5.534151e-006,-0.874
5.534401e-006,-0.874
5.534651e-006,-0.874
5.534901e-006,-0.875667
5.535151e-006,-0.874
5.535401e-006,-0.874
5.535651e-006,-0.874
5.535901e-006,-0.875667
5.536151e-006,-0.874
5.536401e-006,-0.874
5.536651e-006,-0.874
5.536901e-006,-0.875667
5.537151e-006,-0.874
5.537401e-006,-0.874
5.537651e-006,-0.874
5.537901e-006,-0.875667
5.538151e-006,-0.874
5.538401e-006,-0.874
5.538651e-006,-0.874
5.538901e-006,-0.875667
5.539151e-006,-0.874
5.539401e-006,-0.874
5.539651e-006,-0.874
5.539901e-006,-0.875667
5.540151e-006,-0.874
5.540401e-006,-0.874
5.540651e-006,-0.874
5.540901e-006,-0.875667
5.541151e-006,-0.874
5.541401e-006,-0.874
5.541651e-006,-0.874
5.541901e-006,-0.874
5.542151e-006,-0.874
5.542401e-006,-0.874
5.542651e-006,-0.875667
5.542901e-006,-0.874
5.543151e-006,-0.874
5.543401e-006,-0.874
5.543651e-006,-0.874
5.543901e-006,-0.874
5.544151e-006,-0.874
5.544401e-006,-0.874
5.544651e-006,-0.874
5.544901e-006,-0.874
5.545151e-006,-0.874
5.545401e-006,-0.874
5.545651e-006,-0.874
5.545901e-006,-0.875667
5.546151e-006,-0.874
5.546401e-006,-0.874
5.546651e-006,-0.874
5.546901e-006,-0.875667
5.547151e-006,-0.875667
5.547401e-006,-0.874
5.547651e-006,-0.875667
5.547901e-006,-0.875667
5.548151e-006,-0.875667
5.548401e-006,-0.874
5.548651e-006,-0.875667
5.548901e-006,-0.875667
5.549151e-006,-0.874
5.549401e-006,-0.874
5.549651e-006,-0.875667
5.549901e-006,-0.875667
5.550151e-006,-0.874
5.550401e-006,-0.874
5.550651e-006,-0.875667
5.550901e-006,-0.874
5.551151e-006,-0.874
5.551401e-006,-0.874
5.551651e-006,-0.875667
5.551901e-006,-0.874
5.552151e-006,-0.874
5.552401e-006,-0.874
5.552651e-006,-0.875667
5.552901e-006,-0.874
5.553151e-006,-0.874
5.553401e-006,-0.874
5.553651e-006,-0.875667
5.553901e-006,-0.874
5.554151e-006,-0.874
5.554401e-006,-0.874
5.554651e-006,-0.875667
5.554901e-006,-0.874
5.555151e-006,-0.874
5.555401e-006,-0.874
5.555651e-006,-0.875667
5.555901e-006,-0.875667
5.556151e-006,-0.874
5.556401e-006,-0.874
5.556651e-006,-0.875667
5.556901e-006,-0.875667
5.557151e-006,-0.874
5.557401e-006,-0.874
5.557651e-006,-0.875667
5.557901e-006,-0.875667
5.558151e-006,-0.874
5.558401e-006,-0.874
5.558651e-006,-0.875667
5.558901e-006,-0.875667
5.559151e-006,-0.874
5.559401e-006,-0.874
5.559651e-006,-0.875667
5.559901e-006,-0.875667
5.560151e-006,-0.874
5.560401e-006,-0.874
5.560651e-006,-0.875667
5.560901e-006,-0.875667
5.561151e-006,-0.874
5.561401e-006,-0.874
5.561651e-006,-0.875667
5.561901e-006,-0.875667
5.562151e-006,-0.874
5.562401e-006,-0.874
5.562651e-006,-0.875667
5.562901e-006,-0.875667
5.563151e-006,-0.874
5.563401e-006,-0.874
5.563651e-006,-0.875667
5.563901e-006,-0.874
5.564151e-006,-0.874
5.564401e-006,-0.874
5.564651e-006,-0.874
5.564901e-006,-0.874
5.565151e-006,-0.874
5.565401e-006,-0.874
5.565651e-006,-0.875667
5.565901e-006,-0.875667
5.566151e-006,-0.874
5.566401e-006,-0.874
5.566651e-006,-0.875667
5.566901e-006,-0.874
5.567151e-006,-0.874
5.567401e-006,-0.874
5.567651e-006,-0.875667
5.567901e-006,-0.874
5.568151e-006,-0.874
5.568401e-006,-0.874
5.568651e-006,-0.875667
5.568901e-006,-0.875667
5.569151e-006,-0.874
5.569401e-006,-0.874
5.569651e-006,-0.875667
5.569901e-006,-0.875667
5.570151e-006,-0.875667
5.570401e-006,-0.874
5.570651e-006,-0.875667
5.570901e-006,-0.875667
5.571151e-006,-0.875667
5.571401e-006,-0.874
5.571651e-006,-0.875667
5.571901e-006,-0.875667
5.572151e-006,-0.875667
5.572401e-006,-0.874
5.572651e-006,-0.875667
5.572901e-006,-0.875667
5.573151e-006,-0.875667
5.573401e-006,-0.874
5.573651e-006,-0.875667
5.573901e-006,-0.875667
5.574151e-006,-0.875667
5.574401e-006,-0.874
5.574651e-006,-0.875667
5.574901e-006,-0.875667
5.575151e-006,-0.875667
5.575401e-006,-0.874
5.575651e-006,-0.874
5.575901e-006,-0.875667
5.576151e-006,-0.875667
5.576401e-006,-0.874
5.576651e-006,-0.875667
5.576901e-006,-0.875667
5.577151e-006,-0.874
5.577401e-006,-0.874
5.577651e-006,-0.875667
5.577901e-006,-0.875667
5.578151e-006,-0.874
5.578401e-006,-0.874
5.578651e-006,-0.875667
5.578901e-006,-0.875667
5.579151e-006,-0.874
5.579401e-006,-0.874
5.579651e-006,-0.875667
5.579901e-006,-0.875667
5.580151e-006,-0.874
5.580401e-006,-0.874
5.580651e-006,-0.875667
5.580901e-006,-0.875667
5.581151e-006,-0.874
5.581401e-006,-0.874
5.581651e-006,-0.875667
5.581901e-006,-0.875667
5.582151e-006,-0.875667
5.582401e-006,-0.874
5.582651e-006,-0.875667
5.582901e-006,-0.875667
5.583151e-006,-0.875667
5.583401e-006,-0.874
5.583651e-006,-0.875667
5.583901e-006,-0.875667
5.584151e-006,-0.875667
5.584401e-006,-0.874
5.584651e-006,-0.875667
5.584901e-006,-0.875667
5.585151e-006,-0.875667
5.585401e-006,-0.874
5.585651e-006,-0.875667
5.585901e-006,-0.875667
5.586151e-006,-0.875667
5.586401e-006,-0.874
5.586651e-006,-0.875667
5.586901e-006,-0.875667
5.587151e-006,-0.875667
5.587401e-006,-0.874
5.587651e-006,-0.875667
5.587901e-006,-0.875667
5.588151e-006,-0.875667
5.588401e-006,-0.874
5.588651e-006,-0.875667
5.588901e-006,-0.875667
5.589151e-006,-0.874
5.589401e-006,-0.874
5.589651e-006,-0.875667
5.589901e-006,-0.875667
5.590151e-006,-0.874
5.590401e-006,-0.874
5.590651e-006,-0.875667
5.590901e-006,-0.875667
5.591151e-006,-0.874
5.591401e-006,-0.874
5.591651e-006,-0.875667
5.591901e-006,-0.875667
5.592151e-006,-0.874
5.592401e-006,-0.874
5.592651e-006,-0.875667
5.592901e-006,-0.875667
5.593151e-006,-0.874
5.593401e-006,-0.874
5.593651e-006,-0.874
5.593901e-006,-0.874
5.594151e-006,-0.874
5.594401e-006,-0.874
5.594651e-006,-0.875667
5.594901e-006,-0.874
5.595151e-006,-0.874
5.595401e-006,-0.874
5.595651e-006,-0.875667
5.595901e-006,-0.874
5.596151e-006,-0.874
5.596401e-006,-0.874
5.596651e-006,-0.875667
5.596901e-006,-0.874
5.597151e-006,-0.874
5.597401e-006,-0.874
5.597651e-006,-0.875667
5.597901e-006,-0.874
5.598151e-006,-0.874
5.598401e-006,-0.874
5.598651e-006,-0.875667
5.598901e-006,-0.875667
5.599151e-006,-0.874
5.599401e-006,-0.874
5.599651e-006,-0.875667
5.599901e-006,-0.875667
5.600151e-006,-0.874
5.600401e-006,-0.874
5.600651e-006,-0.875667
5.600901e-006,-0.875667
5.601151e-006,-0.874
5.601401e-006,-0.874
5.601651e-006,-0.875667
5.601901e-006,-0.875667
5.602151e-006,-0.874
5.602401e-006,-0.874
5.602651e-006,-0.874
5.602901e-006,-0.875667
5.603151e-006,-0.874
5.603401e-006,-0.874
5.603651e-006,-0.875667
5.603901e-006,-0.875667
5.604151e-006,-0.874
5.604401e-006,-0.874
5.604651e-006,-0.874
5.604901e-006,-0.875667
5.605151e-006,-0.874
5.605401e-006,-0.874
5.605651e-006,-0.874
5.605901e-006,-0.875667
5.606151e-006,-0.874
5.606401e-006,-0.874
5.606651e-006,-0.874
5.606901e-006,-0.875667
5.607151e-006,-0.874
5.607401e-006,-0.874
5.607651e-006,-0.874
5.607901e-006,-0.875667
5.608151e-006,-0.874
5.608401e-006,-0.874
5.608651e-006,-0.874
5.608901e-006,-0.875667
5.609151e-006,-0.874
5.609401e-006,-0.874
5.609651e-006,-0.874
5.609901e-006,-0.875667
5.610151e-006,-0.874
5.610401e-006,-0.874
5.610651e-006,-0.875667
5.610901e-006,-0.875667
5.611151e-006,-0.874
5.611401e-006,-0.874
5.611651e-006,-0.875667
5.611901e-006,-0.875667
5.612151e-006,-0.874
5.612401e-006,-0.874
5.612651e-006,-0.875667
5.612901e-006,-0.875667
5.613151e-006,-0.874
5.613401e-006,-0.874
5.613651e-006,-0.875667
5.613901e-006,-0.875667
5.614151e-006,-0.874
5.614401e-006,-0.874
5.614651e-006,-0.875667
5.614901e-006,-0.875667
5.615151e-006,-0.874
5.615401e-006,-0.874
5.615651e-006,-0.874
5.615901e-006,-0.874
5.616151e-006,-0.874
5.616401e-006,-0.874
5.616651e-006,-0.874
5.616901e-006,-0.874
5.617151e-006,-0.874
5.617401e-006,-0.874
5.617651e-006,-0.874
5.617901e-006,-0.875667
5.618151e-006,-0.874
5.618401e-006,-0.874
5.618651e-006,-0.874
5.618901e-006,-0.875667
5.619151e-006,-0.874
5.619401e-006,-0.874
5.619651e-006,-0.874
5.619901e-006,-0.875667
5.620151e-006,-0.874
5.620401e-006,-0.874
5.620651e-006,-0.874
5.620901e-006,-0.875667
5.621151e-006,-0.874
5.621401e-006,-0.874
5.621651e-006,-0.874
5.621901e-006,-0.875667
5.622151e-006,-0.874
5.622401e-006,-0.874
5.622651e-006,-0.874
5.622901e-006,-0.875667
5.623151e-006,-0.874
5.623401e-006,-0.874
5.623651e-006,-0.875667
5.623901e-006,-0.875667
5.624151e-006,-0.874
5.624401e-006,-0.874
5.624651e-006,-0.875667
5.624901e-006,-0.875667
5.625151e-006,-0.874
5.625401e-006,-0.874
5.625651e-006,-0.875667
5.625901e-006,-0.875667
5.626151e-006,-0.874
5.626401e-006,-0.874
5.626651e-006,-0.875667
5.626901e-006,-0.875667
5.627151e-006,-0.874
5.627401e-006,-0.874
5.627651e-006,-0.875667
5.627901e-006,-0.875667
5.628151e-006,-0.874
5.628401e-006,-0.874
5.628651e-006,-0.875667
5.628901e-006,-0.875667
5.629151e-006,-0.874
5.629401e-006,-0.874
5.629651e-006,-0.875667
5.629901e-006,-0.875667
5.630151e-006,-0.874
5.630401e-006,-0.874
5.630651e-006,-0.875667
5.630901e-006,-0.875667
5.631151e-006,-0.874
5.631401e-006,-0.874
5.631651e-006,-0.875667
5.631901e-006,-0.875667
5.632151e-006,-0.874
5.632401e-006,-0.874
5.632651e-006,-0.875667
5.632901e-006,-0.875667
5.633151e-006,-0.874
5.633401e-006,-0.874
5.633651e-006,-0.875667
5.633901e-006,-0.875667
5.634151e-006,-0.874
5.634401e-006,-0.874
5.634651e-006,-0.875667
5.634901e-006,-0.875667
5.635151e-006,-0.874
5.635401e-006,-0.874
5.635651e-006,-0.875667
5.635901e-006,-0.875667
5.636151e-006,-0.874
5.636401e-006,-0.874
5.636651e-006,-0.875667
5.636901e-006,-0.875667
5.637151e-006,-0.874
5.637401e-006,-0.874
5.637651e-006,-0.875667
5.637901e-006,-0.875667
5.638151e-006,-0.874
5.638401e-006,-0.874
5.638651e-006,-0.875667
5.638901e-006,-0.875667
5.639151e-006,-0.874
5.639401e-006,-0.874
5.639651e-006,-0.875667
5.639901e-006,-0.875667
5.640151e-006,-0.874
5.640401e-006,-0.874
5.640651e-006,-0.875667
5.640901e-006,-0.875667
5.641151e-006,-0.874
5.641401e-006,-0.874
5.641651e-006,-0.875667
5.641901e-006,-0.874
5.642151e-006,-0.874
5.642401e-006,-0.874
5.642651e-006,-0.875667
5.642901e-006,-0.874
5.643151e-006,-0.874
5.643401e-006,-0.874
5.643651e-006,-0.874
5.643901e-006,-0.874
5.644151e-006,-0.874
5.644401e-006,-0.874
5.644651e-006,-0.874
5.644901e-006,-0.875667
5.645151e-006,-0.874
5.645401e-006,-0.874
5.645651e-006,-0.875667
5.645901e-006,-0.875667
5.646151e-006,-0.874
5.646401e-006,-0.874
5.646651e-006,-0.875667
5.646901e-006,-0.875667
5.647151e-006,-0.874
5.647401e-006,-0.874
5.647651e-006,-0.875667
5.647901e-006,-0.875667
5.648151e-006,-0.874
5.648401e-006,-0.874
5.648651e-006,-0.875667
5.648901e-006,-0.875667
5.649151e-006,-0.874
5.649401e-006,-0.874
5.649651e-006,-0.875667
5.649901e-006,-0.875667
5.650151e-006,-0.874
5.650401e-006,-0.874
5.650651e-006,-0.875667
5.650901e-006,-0.875667
5.651151e-006,-0.874
5.651401e-006,-0.874
5.651651e-006,-0.875667
5.651901e-006,-0.875667
5.652151e-006,-0.874
5.652401e-006,-0.874
5.652651e-006,-0.875667
5.652901e-006,-0.875667
5.653151e-006,-0.874
5.653401e-006,-0.874
5.653651e-006,-0.874
5.653901e-006,-0.875667
5.654151e-006,-0.874
5.654401e-006,-0.874
5.654651e-006,-0.874
5.654901e-006,-0.874
5.655151e-006,-0.874
5.655401e-006,-0.874
5.655651e-006,-0.875667
5.655901e-006,-0.874
5.656151e-006,-0.874
5.656401e-006,-0.874
5.656651e-006,-0.875667
5.656901e-006,-0.874
5.657151e-006,-0.874
5.657401e-006,-0.874
5.657651e-006,-0.875667
5.657901e-006,-0.875667
5.658151e-006,-0.874
5.658401e-006,-0.874
5.658651e-006,-0.875667
5.658901e-006,-0.875667
5.659151e-006,-0.874
5.659401e-006,-0.874
5.659651e-006,-0.875667
5.659901e-006,-0.875667
5.660151e-006,-0.874
5.660401e-006,-0.874
5.660651e-006,-0.875667
5.660901e-006,-0.875667
5.661151e-006,-0.874
5.661401e-006,-0.874
5.661651e-006,-0.875667
5.661901e-006,-0.875667
5.662151e-006,-0.874
5.662401e-006,-0.874
5.662651e-006,-0.874
5.662901e-006,-0.875667
5.663151e-006,-0.874
5.663401e-006,-0.874
5.663651e-006,-0.874
5.663901e-006,-0.875667
5.664151e-006,-0.874
5.664401e-006,-0.874
5.664651e-006,-0.874
5.664901e-006,-0.875667
5.665151e-006,-0.874
5.665401e-006,-0.874
5.665651e-006,-0.875667
5.665901e-006,-0.875667
5.666151e-006,-0.874
5.666401e-006,-0.874
5.666651e-006,-0.875667
5.666901e-006,-0.875667
5.667151e-006,-0.874
5.667401e-006,-0.874
5.667651e-006,-0.875667
5.667901e-006,-0.875667
5.668151e-006,-0.874
5.668401e-006,-0.874
5.668651e-006,-0.875667
5.668901e-006,-0.875667
5.669151e-006,-0.874
5.669401e-006,-0.874
5.669651e-006,-0.875667
5.669901e-006,-0.875667
5.670151e-006,-0.874
5.670401e-006,-0.874
5.670651e-006,-0.875667
5.670901e-006,-0.875667
5.671151e-006,-0.874
5.671401e-006,-0.874
5.671651e-006,-0.874
5.671901e-006,-0.875667
5.672151e-006,-0.874
5.672401e-006,-0.874
5.672651e-006,-0.875667
5.672901e-006,-0.875667
5.673151e-006,-0.874
5.673401e-006,-0.874
5.673651e-006,-0.875667
5.673901e-006,-0.875667
5.674151e-006,-0.874
5.674401e-006,-0.874
5.674651e-006,-0.875667
5.674901e-006,-0.875667
5.675151e-006,-0.874
5.675401e-006,-0.874
5.675651e-006,-0.875667
5.675901e-006,-0.874
5.676151e-006,-0.874
5.676401e-006,-0.874
5.676651e-006,-0.875667
5.676901e-006,-0.874
5.677151e-006,-0.874
5.677401e-006,-0.874
5.677651e-006,-0.875667
5.677901e-006,-0.875667
5.678151e-006,-0.874
5.678401e-006,-0.874
5.678651e-006,-0.874
5.678901e-006,-0.875667
5.679151e-006,-0.874
5.679401e-006,-0.874
5.679651e-006,-0.875667
5.679901e-006,-0.875667
5.680151e-006,-0.874
5.680401e-006,-0.874
5.680651e-006,-0.875667
5.680901e-006,-0.875667
5.681151e-006,-0.874
5.681401e-006,-0.874
5.681651e-006,-0.874
5.681901e-006,-0.875667
5.682151e-006,-0.874
5.682401e-006,-0.874
5.682651e-006,-0.875667
5.682901e-006,-0.875667
5.683151e-006,-0.874
5.683401e-006,-0.874
5.683651e-006,-0.875667
5.683901e-006,-0.875667
5.684151e-006,-0.874
5.684401e-006,-0.874
5.684651e-006,-0.875667
5.684901e-006,-0.875667
5.685151e-006,-0.874
5.685401e-006,-0.874
5.685651e-006,-0.874
5.685901e-006,-0.875667
5.686151e-006,-0.874
5.686401e-006,-0.874
5.686651e-006,-0.874
5.686901e-006,-0.875667
5.687151e-006,-0.874
5.687401e-006,-0.874
5.687651e-006,-0.874
5.687901e-006,-0.875667
5.688151e-006,-0.874
5.688401e-006,-0.874
5.688651e-006,-0.874
5.688901e-006,-0.875667
5.689151e-006,-0.874
5.689401e-006,-0.874
5.689651e-006,-0.874
5.689901e-006,-0.875667
5.690151e-006,-0.874
5.690401e-006,-0.874
5.690651e-006,-0.874
5.690901e-006,-0.875667
5.691151e-006,-0.874
5.691401e-006,-0.874
5.691651e-006,-0.875667
5.691901e-006,-0.875667
5.692151e-006,-0.874
5.692401e-006,-0.874
5.692651e-006,-0.875667
5.692901e-006,-0.875667
5.693151e-006,-0.874
5.693401e-006,-0.874
5.693651e-006,-0.875667
5.693901e-006,-0.875667
5.694151e-006,-0.874
5.694401e-006,-0.874
5.694651e-006,-0.875667
5.694901e-006,-0.875667
5.695151e-006,-0.874
5.695401e-006,-0.874
5.695651e-006,-0.875667
5.695901e-006,-0.875667
5.696151e-006,-0.875667
5.696401e-006,-0.874
5.696651e-006,-0.875667
5.696901e-006,-0.875667
5.697151e-006,-0.875667
5.697401e-006,-0.874
5.697651e-006,-0.875667
5.697901e-006,-0.875667
5.698151e-006,-0.875667
5.698401e-006,-0.874
5.698651e-006,-0.874
5.698901e-006,-0.874
5.699151e-006,-0.875667
5.699401e-006,-0.874
5.699651e-006,-0.874
5.699901e-006,-0.875667
5.700151e-006,-0.875667
5.700401e-006,-0.874
5.700651e-006,-0.874
5.700901e-006,-0.875667
5.701151e-006,-0.875667
5.701401e-006,-0.874
5.701651e-006,-0.874
5.701901e-006,-0.875667
5.702151e-006,-0.875667
5.702401e-006,-0.874
5.702651e-006,-0.875667
5.702901e-006,-0.875667
5.703151e-006,-0.875667
5.703401e-006,-0.874
5.703651e-006,-0.875667
5.703901e-006,-0.875667
5.704151e-006,-0.875667
5.704401e-006,-0.874
5.704651e-006,-0.875667
5.704901e-006,-0.875667
5.705151e-006,-0.875667
5.705401e-006,-0.874
5.705651e-006,-0.874
5.705901e-006,-0.875667
5.706151e-006,-0.875667
5.706401e-006,-0.874
5.706651e-006,-0.874
5.706901e-006,-0.875667
5.707151e-006,-0.875667
5.707401e-006,-0.874
5.707651e-006,-0.874
5.707901e-006,-0.875667
5.708151e-006,-0.875667
5.708401e-006,-0.874
5.708651e-006,-0.874
5.708901e-006,-0.875667
5.709151e-006,-0.875667
5.709401e-006,-0.874
5.709651e-006,-0.874
5.709901e-006,-0.875667
5.710151e-006,-0.875667
5.710401e-006,-0.874
5.710651e-006,-0.875667
5.710901e-006,-0.875667
5.711151e-006,-0.874
5.711401e-006,-0.874
5.711651e-006,-0.875667
5.711901e-006,-0.875667
5.712151e-006,-0.874
5.712401e-006,-0.874
5.712651e-006,-0.875667
5.712901e-006,-0.875667
5.713151e-006,-0.874
5.713401e-006,-0.874
5.713651e-006,-0.875667
5.713901e-006,-0.875667
5.714151e-006,-0.874
5.714401e-006,-0.874
5.714651e-006,-0.875667
5.714901e-006,-0.874
5.715151e-006,-0.874
5.715401e-006,-0.874
5.715651e-006,-0.875667
5.715901e-006,-0.874
5.716151e-006,-0.874
5.716401e-006,-0.874
5.716651e-006,-0.875667
5.716901e-006,-0.874
5.717151e-006,-0.874
5.717401e-006,-0.874
5.717651e-006,-0.875667
5.717901e-006,-0.875667
5.718151e-006,-0.874
5.718401e-006,-0.874
5.718651e-006,-0.875667
5.718901e-006,-0.874
5.719151e-006,-0.874
5.719401e-006,-0.874
5.719651e-006,-0.875667
5.719901e-006,-0.874
5.720151e-006,-0.874
5.720401e-006,-0.874
5.720651e-006,-0.875667
5.720901e-006,-0.874
5.721151e-006,-0.874
5.721401e-006,-0.874
5.721651e-006,-0.874
5.721901e-006,-0.874
5.722151e-006,-0.874
5.722401e-006,-0.874
5.722651e-006,-0.875667
5.722901e-006,-0.875667
5.723151e-006,-0.874
5.723401e-006,-0.874
5.723651e-006,-0.875667
5.723901e-006,-0.875667
5.724151e-006,-0.874
5.724401e-006,-0.874
5.724651e-006,-0.874
5.724901e-006,-0.875667
5.725151e-006,-0.874
5.725401e-006,-0.874
5.725651e-006,-0.874
5.725901e-006,-0.875667
5.726151e-006,-0.874
5.726401e-006,-0.874
5.726651e-006,-0.874
5.726901e-006,-0.875667
5.727151e-006,-0.874
5.727401e-006,-0.874
5.727651e-006,-0.874
5.727901e-006,-0.875667
5.728151e-006,-0.874
5.728401e-006,-0.874
5.728651e-006,-0.874
5.728901e-006,-0.875667
5.729151e-006,-0.874
5.729401e-006,-0.874
5.729651e-006,-0.874
5.729901e-006,-0.875667
5.730151e-006,-0.874
5.730401e-006,-0.874
5.730651e-006,-0.874
5.730901e-006,-0.875667
5.731151e-006,-0.874
5.731401e-006,-0.874
5.731651e-006,-0.874
5.731901e-006,-0.875667
5.732151e-006,-0.874
5.732401e-006,-0.874
5.732651e-006,-0.874
5.732901e-006,-0.875667
5.733151e-006,-0.875667
5.733401e-006,-0.874
5.733651e-006,-0.874
5.733901e-006,-0.875667
5.734151e-006,-0.875667
5.734401e-006,-0.874
5.734651e-006,-0.875667
5.734901e-006,-0.875667
5.735151e-006,-0.875667
5.735401e-006,-0.874
5.735651e-006,-0.875667
5.735901e-006,-0.875667
5.736151e-006,-0.874
5.736401e-006,-0.874
5.736651e-006,-0.875667
5.736901e-006,-0.875667
5.737151e-006,-0.874
5.737401e-006,-0.874
5.737651e-006,-0.875667
5.737901e-006,-0.875667
5.738151e-006,-0.874
5.738401e-006,-0.874
5.738651e-006,-0.875667
5.738901e-006,-0.875667
5.739151e-006,-0.874
5.739401e-006,-0.874
5.739651e-006,-0.874
5.739901e-006,-0.875667
5.740151e-006,-0.874
5.740401e-006,-0.874
5.740651e-006,-0.874
5.740901e-006,-0.875667
5.741151e-006,-0.874
5.741401e-006,-0.874
5.741651e-006,-0.874
5.741901e-006,-0.875667
5.742151e-006,-0.874
5.742401e-006,-0.874
5.742651e-006,-0.874
5.742901e-006,-0.875667
5.743151e-006,-0.874
5.743401e-006,-0.874
5.743651e-006,-0.874
5.743901e-006,-0.875667
5.744151e-006,-0.874
5.744401e-006,-0.874
5.744651e-006,-0.875667
5.744901e-006,-0.875667
5.745151e-006,-0.874
5.745401e-006,-0.874
5.745651e-006,-0.875667
5.745901e-006,-0.875667
5.746151e-006,-0.874
5.746401e-006,-0.874
5.746651e-006,-0.875667
5.746901e-006,-0.875667
5.747151e-006,-0.874
5.747401e-006,-0.874
5.747651e-006,-0.875667
5.747901e-006,-0.875667
5.748151e-006,-0.875667
5.748401e-006,-0.874
5.748651e-006,-0.875667
5.748901e-006,-0.875667
5.749151e-006,-0.874
5.749401e-006,-0.874
5.749651e-006,-0.875667
5.749901e-006,-0.875667
5.750151e-006,-0.874
5.750401e-006,-0.874
5.750651e-006,-0.875667
5.750901e-006,-0.875667
5.751151e-006,-0.874
5.751401e-006,-0.874
5.751651e-006,-0.875667
5.751901e-006,-0.875667
5.752151e-006,-0.874
5.752401e-006,-0.874
5.752651e-006,-0.875667
5.752901e-006,-0.875667
5.753151e-006,-0.874
5.753401e-006,-0.874
5.753651e-006,-0.875667
5.753901e-006,-0.875667
5.754151e-006,-0.874
5.754401e-006,-0.874
5.754651e-006,-0.874
5.754901e-006,-0.875667
5.755151e-006,-0.874
5.755401e-006,-0.874
5.755651e-006,-0.874
5.755901e-006,-0.875667
5.756151e-006,-0.874
5.756401e-006,-0.874
5.756651e-006,-0.874
5.756901e-006,-0.875667
5.757151e-006,-0.875667
5.757401e-006,-0.874
5.757651e-006,-0.874
5.757901e-006,-0.875667
5.758151e-006,-0.875667
5.758401e-006,-0.874
5.758651e-006,-0.875667
5.758901e-006,-0.875667
5.759151e-006,-0.875667
5.759401e-006,-0.874
5.759651e-006,-0.875667
5.759901e-006,-0.875667
5.760151e-006,-0.875667
5.760401e-006,-0.874
5.760651e-006,-0.875667
5.760901e-006,-0.875667
5.761151e-006,-0.875667
5.761401e-006,-0.874
5.761651e-006,-0.875667
5.761901e-006,-0.875667
5.762151e-006,-0.874
5.762401e-006,-0.874
5.762651e-006,-0.875667
5.762901e-006,-0.875667
5.763151e-006,-0.874
5.763401e-006,-0.874
5.763651e-006,-0.875667
5.763901e-006,-0.875667
5.764151e-006,-0.874
5.764401e-006,-0.874
5.764651e-006,-0.875667
5.764901e-006,-0.875667
5.765151e-006,-0.874
5.765401e-006,-0.874
5.765651e-006,-0.875667
5.765901e-006,-0.875667
5.766151e-006,-0.874
5.766401e-006,-0.874
5.766651e-006,-0.875667
5.766901e-006,-0.875667
5.767151e-006,-0.874
5.767401e-006,-0.874
5.767651e-006,-0.875667
5.767901e-006,-0.875667
5.768151e-006,-0.874
5.768401e-006,-0.874
5.768651e-006,-0.875667
5.768901e-006,-0.875667
5.769151e-006,-0.874
5.769401e-006,-0.874
5.769651e-006,-0.875667
5.769901e-006,-0.874
5.770151e-006,-0.874
5.770401e-006,-0.874
5.770651e-006,-0.874
5.770901e-006,-0.874
5.771151e-006,-0.874
5.771401e-006,-0.874
5.771651e-006,-0.874
5.771901e-006,-0.875667
5.772151e-006,-0.874
5.772401e-006,-0.874
5.772651e-006,-0.874
5.772901e-006,-0.875667
5.773151e-006,-0.874
5.773401e-006,-0.874
5.773651e-006,-0.874
5.773901e-006,-0.875667
5.774151e-006,-0.874
5.774401e-006,-0.874
5.774651e-006,-0.874
5.774901e-006,-0.875667
5.775151e-006,-0.874
5.775401e-006,-0.874
5.775651e-006,-0.874
5.775901e-006,-0.874
5.776151e-006,-0.874
5.776401e-006,-0.874
5.776651e-006,-0.874
5.776901e-006,-0.874
5.777151e-006,-0.874
5.777401e-006,-0.874
5.777651e-006,-0.874
5.777901e-006,-0.874
5.778151e-006,-0.874
5.778401e-006,-0.874
5.778651e-006,-0.874
5.778901e-006,-0.875667
5.779151e-006,-0.874
5.779401e-006,-0.874
5.779651e-006,-0.874
5.779901e-006,-0.875667
5.780151e-006,-0.874
5.780401e-006,-0.874
5.780651e-006,-0.874
5.780901e-006,-0.874
5.781151e-006,-0.874
5.781401e-006,-0.874
5.781651e-006,-0.874
5.781901e-006,-0.875667
5.782151e-006,-0.874
5.782401e-006,-0.874
5.782651e-006,-0.874
5.782901e-006,-0.875667
5.783151e-006,-0.874
5.783401e-006,-0.874
5.783651e-006,-0.874
5.783901e-006,-0.875667
5.784151e-006,-0.874
5.784401e-006,-0.874
5.784651e-006,-0.875667
5.784901e-006,-0.875667
5.785151e-006,-0.874
5.785401e-006,-0.874
5.785651e-006,-0.875667
5.785901e-006,-0.875667
5.786151e-006,-0.874
5.786401e-006,-0.874
5.786651e-006,-0.875667
5.786901e-006,-0.875667
5.787151e-006,-0.874
5.787401e-006,-0.874
5.787651e-006,-0.875667
5.787901e-006,-0.875667
5.788151e-006,-0.874
5.788401e-006,-0.874
5.788651e-006,-0.875667
5.788901e-006,-0.875667
5.789151e-006,-0.874
5.789401e-006,-0.874
5.789651e-006,-0.875667
5.789901e-006,-0.875667
5.790151e-006,-0.874
5.790401e-006,-0.874
5.790651e-006,-0.874
5.790901e-006,-0.875667
5.791151e-006,-0.874
5.791401e-006,-0.874
5.791651e-006,-0.874
5.791901e-006,-0.875667
5.792151e-006,-0.874
5.792401e-006,-0.874
5.792651e-006,-0.874
5.792901e-006,-0.875667
5.793151e-006,-0.874
5.793401e-006,-0.874
5.793651e-006,-0.874
5.793901e-006,-0.874
5.794151e-006,-0.874
5.794401e-006,-0.874
5.794651e-006,-0.874
5.794901e-006,-0.874
5.795151e-006,-0.874
5.795401e-006,-0.874
5.795651e-006,-0.874
5.795901e-006,-0.875667
5.796151e-006,-0.874
5.796401e-006,-0.874
5.796651e-006,-0.874
5.796901e-006,-0.875667
5.797151e-006,-0.874
5.797401e-006,-0.874
5.797651e-006,-0.874
5.797901e-006,-0.875667
5.798151e-006,-0.874
5.798401e-006,-0.874
5.798651e-006,-0.874
5.798901e-006,-0.875667
5.799151e-006,-0.874
5.799401e-006,-0.874
5.799651e-006,-0.874
5.799901e-006,-0.875667
5.800151e-006,-0.874
5.800401e-006,-0.874
5.800651e-006,-0.874
5.800901e-006,-0.875667
5.801151e-006,-0.874
5.801401e-006,-0.874
5.801651e-006,-0.875667
5.801901e-006,-0.875667
5.802151e-006,-0.875667
5.802401e-006,-0.874
5.802651e-006,-0.875667
5.802901e-006,-0.875667
5.803151e-006,-0.874
5.803401e-006,-0.874
5.803651e-006,-0.875667
5.803901e-006,-0.874
5.804151e-006,-0.874
5.804401e-006,-0.874
5.804651e-006,-0.875667
5.804901e-006,-0.875667
5.805151e-006,-0.874
5.805401e-006,-0.874
5.805651e-006,-0.875667
5.805901e-006,-0.875667
5.806151e-006,-0.874
5.806401e-006,-0.874
5.806651e-006,-0.875667
5.806901e-006,-0.875667
5.807151e-006,-0.874
5.807401e-006,-0.874
5.807651e-006,-0.875667
5.807901e-006,-0.875667
5.808151e-006,-0.874
5.808401e-006,-0.874
5.808651e-006,-0.875667
5.808901e-006,-0.875667
5.809151e-006,-0.874
5.809401e-006,-0.874
5.809651e-006,-0.875667
5.809901e-006,-0.875667
5.810151e-006,-0.874
5.810401e-006,-0.874
5.810651e-006,-0.875667
5.810901e-006,-0.875667
5.811151e-006,-0.874
5.811401e-006,-0.874
5.811651e-006,-0.875667
5.811901e-006,-0.875667
5.812151e-006,-0.874
5.812401e-006,-0.874
5.812651e-006,-0.875667
5.812901e-006,-0.875667
5.813151e-006,-0.875667
5.813401e-006,-0.874
5.813651e-006,-0.875667
5.813901e-006,-0.875667
5.814151e-006,-0.875667
5.814401e-006,-0.874
5.814651e-006,-0.875667
5.814901e-006,-0.874
5.815151e-006,-0.875667
5.815401e-006,-0.874
5.815651e-006,-0.875667
5.815901e-006,-0.874
5.816151e-006,-0.875667
5.816401e-006,-0.874
5.816651e-006,-0.875667
5.816901e-006,-0.875667
5.817151e-006,-0.875667
5.817401e-006,-0.874
5.817651e-006,-0.875667
5.817901e-006,-0.875667
5.818151e-006,-0.875667
5.818401e-006,-0.874
5.818651e-006,-0.875667
5.818901e-006,-0.875667
5.819151e-006,-0.875667
5.819401e-006,-0.874
5.819651e-006,-0.875667
5.819901e-006,-0.875667
5.820151e-006,-0.874
5.820401e-006,-0.874
5.820651e-006,-0.875667
5.820901e-006,-0.875667
5.821151e-006,-0.874
5.821401e-006,-0.874
5.821651e-006,-0.875667
5.821901e-006,-0.875667
5.822151e-006,-0.874
5.822401e-006,-0.874
5.822651e-006,-0.875667
5.822901e-006,-0.875667
5.823151e-006,-0.874
5.823401e-006,-0.874
5.823651e-006,-0.875667
5.823901e-006,-0.875667
5.824151e-006,-0.874
5.824401e-006,-0.874
5.824651e-006,-0.874
5.824901e-006,-0.874
5.825151e-006,-0.874
5.825401e-006,-0.874
5.825651e-006,-0.875667
5.825901e-006,-0.874
5.826151e-006,-0.874
5.826401e-006,-0.874
5.826651e-006,-0.875667
5.826901e-006,-0.875667
5.827151e-006,-0.874
5.827401e-006,-0.874
5.827651e-006,-0.875667
5.827901e-006,-0.875667
5.828151e-006,-0.874
5.828401e-006,-0.874
5.828651e-006,-0.875667
5.828901e-006,-0.875667
5.829151e-006,-0.874
5.829401e-006,-0.874
5.829651e-006,-0.875667
5.829901e-006,-0.875667
5.830151e-006,-0.874
5.830401e-006,-0.874
5.830651e-006,-0.875667
5.830901e-006,-0.875667
5.831151e-006,-0.874
5.831401e-006,-0.874
5.831651e-006,-0.875667
5.831901e-006,-0.875667
5.832151e-006,-0.874
5.832401e-006,-0.874
5.832651e-006,-0.875667
5.832901e-006,-0.875667
5.833151e-006,-0.874
5.833401e-006,-0.874
5.833651e-006,-0.875667
5.833901e-006,-0.875667
5.834151e-006,-0.874
5.834401e-006,-0.874
5.834651e-006,-0.875667
5.834901e-006,-0.875667
5.835151e-006,-0.874
5.835401e-006,-0.874
5.835651e-006,-0.874
5.835901e-006,-0.875667
5.836151e-006,-0.875667
5.836401e-006,-0.874
5.836651e-006,-0.874
5.836901e-006,-0.875667
5.837151e-006,-0.875667
5.837401e-006,-0.874
5.837651e-006,-0.875667
5.837901e-006,-0.875667
5.838151e-006,-0.875667
5.838401e-006,-0.874
5.838651e-006,-0.875667
5.838901e-006,-0.875667
5.839151e-006,-0.875667
5.839401e-006,-0.874
5.839651e-006,-0.875667
5.839901e-006,-0.875667
5.840151e-006,-0.875667
5.840401e-006,-0.874
5.840651e-006,-0.875667
5.840901e-006,-0.875667
5.841151e-006,-0.874
5.841401e-006,-0.874
5.841651e-006,-0.875667
5.841901e-006,-0.875667
5.842151e-006,-0.874
5.842401e-006,-0.874
5.842651e-006,-0.874
5.842901e-006,-0.875667
5.843151e-006,-0.874
5.843401e-006,-0.874
5.843651e-006,-0.874
5.843901e-006,-0.875667
5.844151e-006,-0.875667
5.844401e-006,-0.874
5.844651e-006,-0.875667
5.844901e-006,-0.875667
5.845151e-006,-0.875667
5.845401e-006,-0.874
5.845651e-006,-0.875667
5.845901e-006,-0.875667
5.846151e-006,-0.875667
5.846401e-006,-0.874
5.846651e-006,-0.875667
5.846901e-006,-0.875667
5.847151e-006,-0.874
5.847401e-006,-0.874
5.847651e-006,-0.874
5.847901e-006,-0.875667
5.848151e-006,-0.874
5.848401e-006,-0.874
5.848651e-006,-0.874
5.848901e-006,-0.875667
5.849151e-006,-0.874
5.849401e-006,-0.874
5.849651e-006,-0.874
5.849901e-006,-0.875667
5.850151e-006,-0.874
5.850401e-006,-0.874
5.850651e-006,-0.874
5.850901e-006,-0.875667
5.851151e-006,-0.874
5.851401e-006,-0.874
5.851651e-006,-0.874
5.851901e-006,-0.875667
5.852151e-006,-0.874
5.852401e-006,-0.874
5.852651e-006,-0.874
5.852901e-006,-0.875667
5.853151e-006,-0.874
5.853401e-006,-0.874
5.853651e-006,-0.874
5.853901e-006,-0.875667
5.854151e-006,-0.874
5.854401e-006,-0.874
5.854651e-006,-0.874
5.854901e-006,-0.875667
5.855151e-006,-0.874
5.855401e-006,-0.874
5.855651e-006,-0.874
5.855901e-006,-0.875667
5.856151e-006,-0.874
5.856401e-006,-0.874
5.856651e-006,-0.874
5.856901e-006,-0.874
5.857151e-006,-0.874
5.857401e-006,-0.874
5.857651e-006,-0.874
5.857901e-006,-0.874
5.858151e-006,-0.874
5.858401e-006,-0.874
5.858651e-006,-0.874
5.858901e-006,-0.874
5.859151e-006,-0.874
5.859401e-006,-0.874
5.859651e-006,-0.874
5.859901e-006,-0.874
5.860151e-006,-0.874
5.860401e-006,-0.874
5.860651e-006,-0.874
5.860901e-006,-0.874
5.861151e-006,-0.874
5.861401e-006,-0.874
5.861651e-006,-0.874
5.861901e-006,-0.874
5.862151e-006,-0.874
5.862401e-006,-0.874
5.862651e-006,-0.874
5.862901e-006,-0.874
5.863151e-006,-0.874
5.863401e-006,-0.874
5.863651e-006,-0.874
5.863901e-006,-0.874
5.864151e-006,-0.874
5.864401e-006,-0.874
5.864651e-006,-0.874
5.864901e-006,-0.874
5.865151e-006,-0.874
5.865401e-006,-0.874
5.865651e-006,-0.875667
5.865901e-006,-0.874
5.866151e-006,-0.874
5.866401e-006,-0.874
5.866651e-006,-0.875667
5.866901e-006,-0.874
5.867151e-006,-0.874
5.867401e-006,-0.874
5.867651e-006,-0.874
5.867901e-006,-0.874
5.868151e-006,-0.874
5.868401e-006,-0.874
5.868651e-006,-0.874
5.868901e-006,-0.874
5.869151e-006,-0.874
5.869401e-006,-0.874
5.869651e-006,-0.874
5.869901e-006,-0.875667
5.870151e-006,-0.874
5.870401e-006,-0.874
5.870651e-006,-0.874
5.870901e-006,-0.875667
5.871151e-006,-0.874
5.871401e-006,-0.874
5.871651e-006,-0.875667
5.871901e-006,-0.875667
5.872151e-006,-0.874
5.872401e-006,-0.874
5.872651e-006,-0.875667
5.872901e-006,-0.875667
5.873151e-006,-0.874
5.873401e-006,-0.874
5.873651e-006,-0.875667
5.873901e-006,-0.874
5.874151e-006,-0.874
5.874401e-006,-0.874
5.874651e-006,-0.875667
5.874901e-006,-0.875667
5.875151e-006,-0.874
5.875401e-006,-0.874
5.875651e-006,-0.874
5.875901e-006,-0.875667
5.876151e-006,-0.874
5.876401e-006,-0.874
5.876651e-006,-0.874
5.876901e-006,-0.875667
5.877151e-006,-0.874
5.877401e-006,-0.874
5.877651e-006,-0.874
5.877901e-006,-0.875667
5.878151e-006,-0.874
5.878401e-006,-0.874
5.878651e-006,-0.875667
5.878901e-006,-0.875667
5.879151e-006,-0.874
5.879401e-006,-0.874
5.879651e-006,-0.875667
5.879901e-006,-0.875667
5.880151e-006,-0.874
5.880401e-006,-0.874
5.880651e-006,-0.875667
5.880901e-006,-0.875667
5.881151e-006,-0.874
5.881401e-006,-0.874
5.881651e-006,-0.875667
5.881901e-006,-0.875667
5.882151e-006,-0.874
5.882401e-006,-0.874
5.882651e-006,-0.875667
5.882901e-006,-0.875667
5.883151e-006,-0.874
5.883401e-006,-0.874
5.883651e-006,-0.875667
5.883901e-006,-0.875667
5.884151e-006,-0.874
5.884401e-006,-0.874
5.884651e-006,-0.875667
5.884901e-006,-0.875667
5.885151e-006,-0.874
5.885401e-006,-0.874
5.885651e-006,-0.875667
5.885901e-006,-0.875667
5.886151e-006,-0.874
5.886401e-006,-0.874
5.886651e-006,-0.875667
5.886901e-006,-0.875667
5.887151e-006,-0.874
5.887401e-006,-0.874
5.887651e-006,-0.874
5.887901e-006,-0.875667
5.888151e-006,-0.874
5.888401e-006,-0.874
5.888651e-006,-0.874
5.888901e-006,-0.875667
5.889151e-006,-0.874
5.889401e-006,-0.874
5.889651e-006,-0.874
5.889901e-006,-0.874
5.890151e-006,-0.874
5.890401e-006,-0.874
5.890651e-006,-0.874
5.890901e-006,-0.875667
5.891151e-006,-0.874
5.891401e-006,-0.874
5.891651e-006,-0.875667
5.891901e-006,-0.875667
5.892151e-006,-0.874
5.892401e-006,-0.874
5.892651e-006,-0.875667
5.892901e-006,-0.875667
5.893151e-006,-0.874
5.893401e-006,-0.874
5.893651e-006,-0.874
5.893901e-006,-0.875667
5.894151e-006,-0.874
5.894401e-006,-0.874
5.894651e-006,-0.874
5.894901e-006,-0.874
5.895151e-006,-0.874
5.895401e-006,-0.874
5.895651e-006,-0.875667
5.895901e-006,-0.874
5.896151e-006,-0.874
5.896401e-006,-0.874
5.896651e-006,-0.875667
5.896901e-006,-0.875667
5.897151e-006,-0.874
5.897401e-006,-0.874
5.897651e-006,-0.875667
5.897901e-006,-0.875667
5.898151e-006,-0.874
5.898401e-006,-0.874
5.898651e-006,-0.875667
5.898901e-006,-0.875667
5.899151e-006,-0.874
5.899401e-006,-0.874
5.899651e-006,-0.875667
5.899901e-006,-0.875667
5.900151e-006,-0.874
5.900401e-006,-0.874
5.900651e-006,-0.875667
5.900901e-006,-0.875667
5.901151e-006,-0.874
5.901401e-006,-0.874
5.901651e-006,-0.875667
5.901901e-006,-0.875667
5.902151e-006,-0.875667
5.902401e-006,-0.874
5.902651e-006,-0.875667
5.902901e-006,-0.875667
5.903151e-006,-0.875667
5.903401e-006,-0.874
5.903651e-006,-0.875667
5.903901e-006,-0.875667
5.904151e-006,-0.874
5.904401e-006,-0.874
5.904651e-006,-0.875667
5.904901e-006,-0.875667
5.905151e-006,-0.874
5.905401e-006,-0.874
5.905651e-006,-0.875667
5.905901e-006,-0.875667
5.906151e-006,-0.874
5.906401e-006,-0.874
5.906651e-006,-0.875667
5.906901e-006,-0.875667
5.907151e-006,-0.874
5.907401e-006,-0.874
5.907651e-006,-0.874
5.907901e-006,-0.874
5.908151e-006,-0.874
5.908401e-006,-0.874
5.908651e-006,-0.874
5.908901e-006,-0.874
5.909151e-006,-0.874
5.909401e-006,-0.874
5.909651e-006,-0.874
5.909901e-006,-0.874
5.910151e-006,-0.874
5.910401e-006,-0.874
5.910651e-006,-0.874
5.910901e-006,-0.874
5.911151e-006,-0.874
5.911401e-006,-0.874
5.911651e-006,-0.875667
5.911901e-006,-0.875667
5.912151e-006,-0.874
5.912401e-006,-0.874
5.912651e-006,-0.875667
5.912901e-006,-0.875667
5.913151e-006,-0.874
5.913401e-006,-0.874
5.913651e-006,-0.875667
5.913901e-006,-0.874
5.914151e-006,-0.874
5.914401e-006,-0.874
5.914651e-006,-0.875667
5.914901e-006,-0.874
5.915151e-006,-0.874
5.915401e-006,-0.874
5.915651e-006,-0.875667
5.915901e-006,-0.874
5.916151e-006,-0.874
5.916401e-006,-0.874
5.916651e-006,-0.875667
5.916901e-006,-0.874
5.917151e-006,-0.874
5.917401e-006,-0.874
5.917651e-006,-0.874
5.917901e-006,-0.874
5.918151e-006,-0.874
5.918401e-006,-0.874
5.918651e-006,-0.874
5.918901e-006,-0.874
5.919151e-006,-0.874
5.919401e-006,-0.874
5.919651e-006,-0.874
5.919901e-006,-0.874
5.920151e-006,-0.874
5.920401e-006,-0.874
5.920651e-006,-0.875667
5.920901e-006,-0.875667
5.921151e-006,-0.874
5.921401e-006,-0.874
5.921651e-006,-0.875667
5.921901e-006,-0.875667
5.922151e-006,-0.874
5.922401e-006,-0.874
5.922651e-006,-0.875667
5.922901e-006,-0.875667
5.923151e-006,-0.875667
5.923401e-006,-0.874
5.923651e-006,-0.875667
5.923901e-006,-0.875667
5.924151e-006,-0.875667
5.924401e-006,-0.874
5.924651e-006,-0.875667
5.924901e-006,-0.875667
5.925151e-006,-0.875667
5.925401e-006,-0.874
5.925651e-006,-0.875667
5.925901e-006,-0.875667
5.926151e-006,-0.875667
5.926401e-006,-0.874
5.926651e-006,-0.875667
5.926901e-006,-0.874
5.927151e-006,-0.874
5.927401e-006,-0.874
5.927651e-006,-0.875667
5.927901e-006,-0.874
5.928151e-006,-0.874
5.928401e-006,-0.874
5.928651e-006,-0.875667
5.928901e-006,-0.874
5.929151e-006,-0.874
5.929401e-006,-0.874
5.929651e-006,-0.875667
5.929901e-006,-0.874
5.930151e-006,-0.874
5.930401e-006,-0.874
5.930651e-006,-0.874
5.930901e-006,-0.875667
5.931151e-006,-0.874
5.931401e-006,-0.874
5.931651e-006,-0.875667
5.931901e-006,-0.875667
5.932151e-006,-0.874
5.932401e-006,-0.874
5.932651e-006,-0.875667
5.932901e-006,-0.875667
5.933151e-006,-0.874
5.933401e-006,-0.874
5.933651e-006,-0.875667
5.933901e-006,-0.875667
5.934151e-006,-0.874
5.934401e-006,-0.874
5.934651e-006,-0.875667
5.934901e-006,-0.875667
5.935151e-006,-0.874
5.935401e-006,-0.874
5.935651e-006,-0.875667
5.935901e-006,-0.875667
5.936151e-006,-0.874
5.936401e-006,-0.874
5.936651e-006,-0.875667
5.936901e-006,-0.875667
5.937151e-006,-0.874
5.937401e-006,-0.874
5.937651e-006,-0.875667
5.937901e-006,-0.875667
5.938151e-006,-0.874
5.938401e-006,-0.874
5.938651e-006,-0.875667
5.938901e-006,-0.875667
5.939151e-006,-0.874
5.939401e-006,-0.874
5.939651e-006,-0.874
5.939901e-006,-0.875667
5.940151e-006,-0.874
5.940401e-006,-0.874
5.940651e-006,-0.874
5.940901e-006,-0.875667
5.941151e-006,-0.874
5.941401e-006,-0.874
5.941651e-006,-0.874
5.941901e-006,-0.875667
5.942151e-006,-0.874
5.942401e-006,-0.874
5.942651e-006,-0.874
5.942901e-006,-0.875667
5.943151e-006,-0.874
5.943401e-006,-0.874
5.943651e-006,-0.874
5.943901e-006,-0.874
5.944151e-006,-0.874
5.944401e-006,-0.874
5.944651e-006,-0.874
5.944901e-006,-0.874
5.945151e-006,-0.874
5.945401e-006,-0.874
5.945651e-006,-0.875667
5.945901e-006,-0.875667
5.946151e-006,-0.874
5.946401e-006,-0.874
5.946651e-006,-0.875667
5.946901e-006,-0.875667
5.947151e-006,-0.874
5.947401e-006,-0.874
5.947651e-006,-0.875667
5.947901e-006,-0.875667
5.948151e-006,-0.874
5.948401e-006,-0.874
5.948651e-006,-0.875667
5.948901e-006,-0.874
5.949151e-006,-0.874
5.949401e-006,-0.874
5.949651e-006,-0.875667
5.949901e-006,-0.875667
5.950151e-006,-0.874
5.950401e-006,-0.874
5.950651e-006,-0.875667
5.950901e-006,-0.875667
5.951151e-006,-0.874
5.951401e-006,-0.874
5.951651e-006,-0.875667
5.951901e-006,-0.875667
5.952151e-006,-0.874
5.952401e-006,-0.874
5.952651e-006,-0.875667
5.952901e-006,-0.875667
5.953151e-006,-0.874
5.953401e-006,-0.874
5.953651e-006,-0.875667
5.953901e-006,-0.875667
5.954151e-006,-0.874
5.954401e-006,-0.874
5.954651e-006,-0.875667
5.954901e-006,-0.875667
5.955151e-006,-0.874
5.955401e-006,-0.874
5.955651e-006,-0.875667
5.955901e-006,-0.875667
5.956151e-006,-0.875667
5.956401e-006,-0.874
5.956651e-006,-0.875667
5.956901e-006,-0.875667
5.957151e-006,-0.875667
5.957401e-006,-0.874
5.957651e-006,-0.875667
5.957901e-006,-0.875667
5.958151e-006,-0.874
5.958401e-006,-0.874
5.958651e-006,-0.875667
5.958901e-006,-0.875667
5.959151e-006,-0.874
5.959401e-006,-0.874
5.959651e-006,-0.875667
5.959901e-006,-0.875667
5.960151e-006,-0.874
5.960401e-006,-0.874
5.960651e-006,-0.875667
5.960901e-006,-0.875667
5.961151e-006,-0.874
5.961401e-006,-0.874
5.961651e-006,-0.874
5.961901e-006,-0.875667
5.962151e-006,-0.874
5.962401e-006,-0.874
5.962651e-006,-0.874
5.962901e-006,-0.875667
5.963151e-006,-0.874
5.963401e-006,-0.874
5.963651e-006,-0.874
5.963901e-006,-0.875667
5.964151e-006,-0.874
5.964401e-006,-0.874
5.964651e-006,-0.875667
5.964901e-006,-0.875667
5.965151e-006,-0.875667
5.965401e-006,-0.874
5.965651e-006,-0.875667
5.965901e-006,-0.875667
5.966151e-006,-0.875667
5.966401e-006,-0.874
5.966651e-006,-0.875667
5.966901e-006,-0.875667
5.967151e-006,-0.874
5.967401e-006,-0.874
5.967651e-006,-0.875667
5.967901e-006,-0.875667
5.968151e-006,-0.874
5.968401e-006,-0.874
5.968651e-006,-0.875667
5.968901e-006,-0.875667
5.969151e-006,-0.874
5.969401e-006,-0.874
5.969651e-006,-0.875667
5.969901e-006,-0.875667
5.970151e-006,-0.874
5.970401e-006,-0.874
5.970651e-006,-0.875667
5.970901e-006,-0.875667
5.971151e-006,-0.874
5.971401e-006,-0.874
5.971651e-006,-0.875667
5.971901e-006,-0.875667
5.972151e-006,-0.874
5.972401e-006,-0.874
5.972651e-006,-0.874
5.972901e-006,-0.875667
5.973151e-006,-0.874
5.973401e-006,-0.874
5.973651e-006,-0.874
5.973901e-006,-0.875667
5.974151e-006,-0.874
5.974401e-006,-0.874
5.974651e-006,-0.875667
5.974901e-006,-0.875667
5.975151e-006,-0.874
5.975401e-006,-0.874
5.975651e-006,-0.875667
5.975901e-006,-0.875667
5.976151e-006,-0.874
5.976401e-006,-0.874
5.976651e-006,-0.875667
5.976901e-006,-0.875667
5.977151e-006,-0.874
5.977401e-006,-0.874
5.977651e-006,-0.875667
5.977901e-006,-0.875667
5.978151e-006,-0.874
5.978401e-006,-0.874
5.978651e-006,-0.875667
5.978901e-006,-0.875667
5.979151e-006,-0.874
5.979401e-006,-0.874
5.979651e-006,-0.875667
5.979901e-006,-0.875667
5.980151e-006,-0.874
5.980401e-006,-0.874
5.980651e-006,-0.875667
5.980901e-006,-0.875667
5.981151e-006,-0.874
5.981401e-006,-0.874
5.981651e-006,-0.875667
5.981901e-006,-0.875667
5.982151e-006,-0.874
5.982401e-006,-0.874
5.982651e-006,-0.875667
5.982901e-006,-0.875667
5.983151e-006,-0.874
5.983401e-006,-0.874
5.983651e-006,-0.875667
5.983901e-006,-0.875667
5.984151e-006,-0.874
5.984401e-006,-0.874
5.984651e-006,-0.875667
5.984901e-006,-0.875667
5.985151e-006,-0.874
5.985401e-006,-0.874
5.985651e-006,-0.875667
5.985901e-006,-0.875667
5.986151e-006,-0.874
5.986401e-006,-0.874
5.986651e-006,-0.875667
5.986901e-006,-0.875667
5.987151e-006,-0.874
5.987401e-006,-0.874
5.987651e-006,-0.875667
5.987901e-006,-0.875667
5.988151e-006,-0.874
5.988401e-006,-0.874
5.988651e-006,-0.875667
5.988901e-006,-0.875667
5.989151e-006,-0.874
5.989401e-006,-0.874
5.989651e-006,-0.875667
5.989901e-006,-0.875667
5.990151e-006,-0.874
5.990401e-006,-0.874
5.990651e-006,-0.875667
5.990901e-006,-0.875667
5.991151e-006,-0.874
5.991401e-006,-0.874
5.991651e-006,-0.875667
5.991901e-006,-0.875667
5.992151e-006,-0.874
5.992401e-006,-0.874
5.992651e-006,-0.875667
5.992901e-006,-0.875667
5.993151e-006,-0.874
5.993401e-006,-0.874
5.993651e-006,-0.875667
5.993901e-006,-0.875667
5.994151e-006,-0.874
5.994401e-006,-0.874
5.994651e-006,-0.875667
5.994901e-006,-0.875667
5.995151e-006,-0.874
5.995401e-006,-0.874
5.995651e-006,-0.875667
5.995901e-006,-0.875667
5.996151e-006,-0.874
5.996401e-006,-0.874
5.996651e-006,-0.875667
5.996901e-006,-0.875667
5.997151e-006,-0.874
5.997401e-006,-0.874
5.997651e-006,-0.874
5.997901e-006,-0.875667
5.998151e-006,-0.874
5.998401e-006,-0.874
5.998651e-006,-0.874
5.998901e-006,-0.874
5.999151e-006,-0.874
5.999401e-006,-0.874
5.999651e-006,-0.875667
5.999901e-006,-0.874
6.000151e-006,-0.874
6.000401e-006,-0.874
6.000651e-006,-0.875667
6.000901e-006,-0.874
6.001151e-006,-0.874
6.001401e-006,-0.874
6.001651e-006,-0.875667
6.001901e-006,-0.874
6.002151e-006,-0.874
6.002401e-006,-0.874
6.002651e-006,-0.875667
6.002901e-006,-0.875667
6.003151e-006,-0.874
6.003401e-006,-0.874
6.003651e-006,-0.875667
6.003901e-006,-0.875667
6.004151e-006,-0.874
6.004401e-006,-0.874
6.004651e-006,-0.875667
6.004901e-006,-0.875667
6.005151e-006,-0.874
6.005401e-006,-0.874
6.005651e-006,-0.875667
6.005901e-006,-0.875667
6.006151e-006,-0.874
6.006401e-006,-0.874
6.006651e-006,-0.875667
6.006901e-006,-0.875667
6.007151e-006,-0.874
6.007401e-006,-0.874
6.007651e-006,-0.875667
6.007901e-006,-0.875667
6.008151e-006,-0.874
6.008401e-006,-0.874
6.008651e-006,-0.875667
6.008901e-006,-0.875667
6.009151e-006,-0.874
6.009401e-006,-0.874
6.009651e-006,-0.875667
6.009901e-006,-0.875667
6.010151e-006,-0.874
6.010401e-006,-0.874
6.010651e-006,-0.875667
6.010901e-006,-0.875667
6.011151e-006,-0.874
6.011401e-006,-0.874
6.011651e-006,-0.875667
6.011901e-006,-0.875667
6.012151e-006,-0.874
6.012401e-006,-0.874
6.012651e-006,-0.875667
6.012901e-006,-0.875667
6.013151e-006,-0.874
6.013401e-006,-0.874
6.013651e-006,-0.875667
6.013901e-006,-0.875667
6.014151e-006,-0.874
6.014401e-006,-0.874
6.014651e-006,-0.875667
6.014901e-006,-0.874
6.015151e-006,-0.874
6.015401e-006,-0.874
6.015651e-006,-0.875667
6.015901e-006,-0.875667
6.016151e-006,-0.875667
6.016401e-006,-0.874
6.016651e-006,-0.875667
6.016901e-006,-0.875667
6.017151e-006,-0.875667
6.017401e-006,-0.874
6.017651e-006,-0.875667
6.017901e-006,-0.875667
6.018151e-006,-0.874
6.018401e-006,-0.874
6.018651e-006,-0.875667
6.018901e-006,-0.875667
6.019151e-006,-0.874
6.019401e-006,-0.874
6.019651e-006,-0.875667
6.019901e-006,-0.875667
6.020151e-006,-0.874
6.020401e-006,-0.874
6.020651e-006,-0.875667
6.020901e-006,-0.874
6.021151e-006,-0.874
6.021401e-006,-0.874
6.021651e-006,-0.874
6.021901e-006,-0.874
6.022151e-006,-0.874
6.022401e-006,-0.874
6.022651e-006,-0.874
6.022901e-006,-0.874
6.023151e-006,-0.874
6.023401e-006,-0.874
6.023651e-006,-0.874
6.023901e-006,-0.875667
6.024151e-006,-0.874
6.024401e-006,-0.874
6.024651e-006,-0.874
6.024901e-006,-0.874
6.025151e-006,-0.874
6.025401e-006,-0.874
6.025651e-006,-0.874
6.025901e-006,-0.875667
6.026151e-006,-0.874
6.026401e-006,-0.874
6.026651e-006,-0.875667
6.026901e-006,-0.875667
6.027151e-006,-0.874
6.027401e-006,-0.874
6.027651e-006,-0.875667
6.027901e-006,-0.875667
6.028151e-006,-0.874
6.028401e-006,-0.874
6.028651e-006,-0.875667
6.028901e-006,-0.875667
6.029151e-006,-0.874
6.029401e-006,-0.874
6.029651e-006,-0.875667
6.029901e-006,-0.875667
6.030151e-006,-0.874
6.030401e-006,-0.874
6.030651e-006,-0.875667
6.030901e-006,-0.875667
6.031151e-006,-0.874
6.031401e-006,-0.874
6.031651e-006,-0.875667
6.031901e-006,-0.874
6.032151e-006,-0.874
6.032401e-006,-0.874
6.032651e-006,-0.875667
6.032901e-006,-0.875667
6.033151e-006,-0.874
6.033401e-006,-0.874
6.033651e-006,-0.875667
6.033901e-006,-0.875667
6.034151e-006,-0.874
6.034401e-006,-0.874
6.034651e-006,-0.875667
6.034901e-006,-0.875667
6.035151e-006,-0.874
6.035401e-006,-0.874
6.035651e-006,-0.875667
6.035901e-006,-0.875667
6.036151e-006,-0.874
6.036401e-006,-0.874
6.036651e-006,-0.875667
6.036901e-006,-0.875667
6.037151e-006,-0.874
6.037401e-006,-0.874
6.037651e-006,-0.874
6.037901e-006,-0.874
6.038151e-006,-0.874
6.038401e-006,-0.874
6.038651e-006,-0.874
6.038901e-006,-0.874
6.039151e-006,-0.874
6.039401e-006,-0.874
6.039651e-006,-0.874
6.039901e-006,-0.874
6.040151e-006,-0.874
6.040401e-006,-0.874
6.040651e-006,-0.875667
6.040901e-006,-0.875667
6.041151e-006,-0.874
6.041401e-006,-0.874
6.041651e-006,-0.875667
6.041901e-006,-0.874
6.042151e-006,-0.874
6.042401e-006,-0.874
6.042651e-006,-0.875667
6.042901e-006,-0.875667
6.043151e-006,-0.874
6.043401e-006,-0.874
6.043651e-006,-0.875667
6.043901e-006,-0.874
6.044151e-006,-0.874
6.044401e-006,-0.874
6.044651e-006,-0.875667
6.044901e-006,-0.875667
6.045151e-006,-0.874
6.045401e-006,-0.874
6.045651e-006,-0.874
6.045901e-006,-0.875667
6.046151e-006,-0.874
6.046401e-006,-0.874
6.046651e-006,-0.874
6.046901e-006,-0.875667
6.047151e-006,-0.874
6.047401e-006,-0.874
6.047651e-006,-0.874
6.047901e-006,-0.874
6.048151e-006,-0.874
6.048401e-006,-0.874
6.048651e-006,-0.874
6.048901e-006,-0.874
6.049151e-006,-0.874
6.049401e-006,-0.874
6.049651e-006,-0.874
6.049901e-006,-0.875667
6.050151e-006,-0.874
6.050401e-006,-0.874
6.050651e-006,-0.874
6.050901e-006,-0.875667
6.051151e-006,-0.874
6.051401e-006,-0.874
6.051651e-006,-0.875667
6.051901e-006,-0.875667
6.052151e-006,-0.874
6.052401e-006,-0.874
6.052651e-006,-0.875667
6.052901e-006,-0.875667
6.053151e-006,-0.874
6.053401e-006,-0.874
6.053651e-006,-0.875667
6.053901e-006,-0.874
6.054151e-006,-0.874
6.054401e-006,-0.874
6.054651e-006,-0.875667
6.054901e-006,-0.874
6.055151e-006,-0.874
6.055401e-006,-0.874
6.055651e-006,-0.875667
6.055901e-006,-0.874
6.056151e-006,-0.874
6.056401e-006,-0.874
6.056651e-006,-0.875667
6.056901e-006,-0.875667
6.057151e-006,-0.874
6.057401e-006,-0.874
6.057651e-006,-0.875667
6.057901e-006,-0.875667
6.058151e-006,-0.874
6.058401e-006,-0.874
6.058651e-006,-0.875667
6.058901e-006,-0.875667
6.059151e-006,-0.874
6.059401e-006,-0.874
6.059651e-006,-0.875667
6.059901e-006,-0.875667
6.060151e-006,-0.874
6.060401e-006,-0.874
6.060651e-006,-0.875667
6.060901e-006,-0.875667
6.061151e-006,-0.874
6.061401e-006,-0.874
6.061651e-006,-0.875667
6.061901e-006,-0.875667
6.062151e-006,-0.874
6.062401e-006,-0.874
6.062651e-006,-0.875667
6.062901e-006,-0.875667
6.063151e-006,-0.874
6.063401e-006,-0.874
6.063651e-006,-0.875667
6.063901e-006,-0.875667
6.064151e-006,-0.874
6.064401e-006,-0.874
6.064651e-006,-0.875667
6.064901e-006,-0.875667
6.065151e-006,-0.874
6.065401e-006,-0.874
6.065651e-006,-0.875667
6.065901e-006,-0.875667
6.066151e-006,-0.874
6.066401e-006,-0.874
6.066651e-006,-0.875667
6.066901e-006,-0.875667
6.067151e-006,-0.874
6.067401e-006,-0.874
6.067651e-006,-0.875667
6.067901e-006,-0.875667
6.068151e-006,-0.874
6.068401e-006,-0.874
6.068651e-006,-0.875667
6.068901e-006,-0.875667
6.069151e-006,-0.874
6.069401e-006,-0.874
6.069651e-006,-0.875667
6.069901e-006,-0.875667
6.070151e-006,-0.874
6.070401e-006,-0.874
6.070651e-006,-0.875667
6.070901e-006,-0.874
6.071151e-006,-0.874
6.071401e-006,-0.874
6.071651e-006,-0.875667
6.071901e-006,-0.874
6.072151e-006,-0.874
6.072401e-006,-0.874
6.072651e-006,-0.875667
6.072901e-006,-0.875667
6.073151e-006,-0.874
6.073401e-006,-0.874
6.073651e-006,-0.875667
6.073901e-006,-0.875667
6.074151e-006,-0.874
6.074401e-006,-0.874
6.074651e-006,-0.875667
6.074901e-006,-0.875667
6.075151e-006,-0.874
6.075401e-006,-0.874
6.075651e-006,-0.875667
6.075901e-006,-0.875667
6.076151e-006,-0.874
6.076401e-006,-0.874
6.076651e-006,-0.875667
6.076901e-006,-0.875667
6.077151e-006,-0.874
6.077401e-006,-0.874
6.077651e-006,-0.875667
6.077901e-006,-0.875667
6.078151e-006,-0.874
6.078401e-006,-0.874
6.078651e-006,-0.875667
6.078901e-006,-0.875667
6.079151e-006,-0.874
6.079401e-006,-0.874
6.079651e-006,-0.874
6.079901e-006,-0.875667
6.080151e-006,-0.874
6.080401e-006,-0.874
6.080651e-006,-0.874
6.080901e-006,-0.874
6.081151e-006,-0.874
6.081401e-006,-0.874
6.081651e-006,-0.874
6.081901e-006,-0.874
6.082151e-006,-0.874
6.082401e-006,-0.874
6.082651e-006,-0.875667
6.082901e-006,-0.875667
6.083151e-006,-0.874
6.083401e-006,-0.874
6.083651e-006,-0.875667
6.083901e-006,-0.875667
6.084151e-006,-0.874
6.084401e-006,-0.874
6.084651e-006,-0.875667
6.084901e-006,-0.874
6.085151e-006,-0.874
6.085401e-006,-0.874
6.085651e-006,-0.875667
6.085901e-006,-0.875667
6.086151e-006,-0.874
6.086401e-006,-0.874
6.086651e-006,-0.875667
6.086901e-006,-0.875667
6.087151e-006,-0.874
6.087401e-006,-0.874
6.087651e-006,-0.875667
6.087901e-006,-0.874
6.088151e-006,-0.874
6.088401e-006,-0.874
6.088651e-006,-0.875667
6.088901e-006,-0.874
6.089151e-006,-0.874
6.089401e-006,-0.874
6.089651e-006,-0.875667
6.089901e-006,-0.875667
6.090151e-006,-0.874
6.090401e-006,-0.874
6.090651e-006,-0.875667
6.090901e-006,-0.875667
6.091151e-006,-0.874
6.091401e-006,-0.874
6.091651e-006,-0.875667
6.091901e-006,-0.875667
6.092151e-006,-0.874
6.092401e-006,-0.874
6.092651e-006,-0.875667
6.092901e-006,-0.875667
6.093151e-006,-0.874
6.093401e-006,-0.874
6.093651e-006,-0.875667
6.093901e-006,-0.875667
6.094151e-006,-0.874
6.094401e-006,-0.874
6.094651e-006,-0.875667
6.094901e-006,-0.875667
6.095151e-006,-0.874
6.095401e-006,-0.874
6.095651e-006,-0.875667
6.095901e-006,-0.875667
6.096151e-006,-0.874
6.096401e-006,-0.874
6.096651e-006,-0.875667
6.096901e-006,-0.875667
6.097151e-006,-0.874
6.097401e-006,-0.874
6.097651e-006,-0.875667
6.097901e-006,-0.875667
6.098151e-006,-0.874
6.098401e-006,-0.874
6.098651e-006,-0.875667
6.098901e-006,-0.875667
6.099151e-006,-0.874
6.099401e-006,-0.874
6.099651e-006,-0.875667
6.099901e-006,-0.875667
6.100151e-006,-0.874
6.100401e-006,-0.874
6.100651e-006,-0.875667
6.100901e-006,-0.875667
6.101151e-006,-0.874
6.101401e-006,-0.874
6.101651e-006,-0.875667
6.101901e-006,-0.875667
6.102151e-006,-0.874
6.102401e-006,-0.874
6.102651e-006,-0.875667
6.102901e-006,-0.875667
6.103151e-006,-0.874
6.103401e-006,-0.874
6.103651e-006,-0.875667
6.103901e-006,-0.875667
6.104151e-006,-0.874
6.104401e-006,-0.874
6.104651e-006,-0.875667
6.104901e-006,-0.875667
6.105151e-006,-0.874
6.105401e-006,-0.874
6.105651e-006,-0.875667
6.105901e-006,-0.875667
6.106151e-006,-0.874
6.106401e-006,-0.874
6.106651e-006,-0.875667
6.106901e-006,-0.875667
6.107151e-006,-0.874
6.107401e-006,-0.874
6.107651e-006,-0.875667
6.107901e-006,-0.875667
6.108151e-006,-0.874
6.108401e-006,-0.874
6.108651e-006,-0.875667
6.108901e-006,-0.875667
6.109151e-006,-0.874
6.109401e-006,-0.874
6.109651e-006,-0.875667
6.109901e-006,-0.875667
6.110151e-006,-0.874
6.110401e-006,-0.874
6.110651e-006,-0.875667
6.110901e-006,-0.875667
6.111151e-006,-0.874
6.111401e-006,-0.874
6.111651e-006,-0.875667
6.111901e-006,-0.875667
6.112151e-006,-0.874
6.112401e-006,-0.874
6.112651e-006,-0.875667
6.112901e-006,-0.875667
6.113151e-006,-0.874
6.113401e-006,-0.874
6.113651e-006,-0.875667
6.113901e-006,-0.875667
6.114151e-006,-0.874
6.114401e-006,-0.874
6.114651e-006,-0.875667
6.114901e-006,-0.874
6.115151e-006,-0.874
6.115401e-006,-0.874
6.115651e-006,-0.875667
6.115901e-006,-0.875667
6.116151e-006,-0.874
6.116401e-006,-0.874
6.116651e-006,-0.875667
6.116901e-006,-0.875667
6.117151e-006,-0.874
6.117401e-006,-0.874
6.117651e-006,-0.875667
6.117901e-006,-0.875667
6.118151e-006,-0.874
6.118401e-006,-0.874
6.118651e-006,-0.875667
6.118901e-006,-0.875667
6.119151e-006,-0.874
6.119401e-006,-0.874
6.119651e-006,-0.875667
6.119901e-006,-0.875667
6.120151e-006,-0.874
6.120401e-006,-0.874
6.120651e-006,-0.875667
6.120901e-006,-0.875667
6.121151e-006,-0.874
6.121401e-006,-0.874
6.121651e-006,-0.875667
6.121901e-006,-0.875667
6.122151e-006,-0.874
6.122401e-006,-0.874
6.122651e-006,-0.874
6.122901e-006,-0.875667
6.123151e-006,-0.874
6.123401e-006,-0.874
6.123651e-006,-0.874
6.123901e-006,-0.874
6.124151e-006,-0.874
6.124401e-006,-0.874
6.124651e-006,-0.874
6.124901e-006,-0.874
6.125151e-006,-0.874
6.125401e-006,-0.874
6.125651e-006,-0.874
6.125901e-006,-0.874
6.126151e-006,-0.874
6.126401e-006,-0.874
6.126651e-006,-0.874
6.126901e-006,-0.874
6.127151e-006,-0.874
6.127401e-006,-0.874
6.127651e-006,-0.874
6.127901e-006,-0.874
6.128151e-006,-0.874
6.128401e-006,-0.874
6.128651e-006,-0.875667
6.128901e-006,-0.875667
6.129151e-006,-0.874
6.129401e-006,-0.874
6.129651e-006,-0.875667
6.129901e-006,-0.875667
6.130151e-006,-0.874
6.130401e-006,-0.874
6.130651e-006,-0.875667
6.130901e-006,-0.875667
6.131151e-006,-0.874
6.131401e-006,-0.874
6.131651e-006,-0.875667
6.131901e-006,-0.875667
6.132151e-006,-0.874
6.132401e-006,-0.874
6.132651e-006,-0.875667
6.132901e-006,-0.875667
6.133151e-006,-0.874
6.133401e-006,-0.874
6.133651e-006,-0.875667
6.133901e-006,-0.875667
6.134151e-006,-0.874
6.134401e-006,-0.874
6.134651e-006,-0.875667
6.134901e-006,-0.875667
6.135151e-006,-0.874
6.135401e-006,-0.874
6.135651e-006,-0.875667
6.135901e-006,-0.875667
6.136151e-006,-0.874
6.136401e-006,-0.874
6.136651e-006,-0.875667
6.136901e-006,-0.875667
6.137151e-006,-0.874
6.137401e-006,-0.874
6.137651e-006,-0.875667
6.137901e-006,-0.874
6.138151e-006,-0.874
6.138401e-006,-0.874
6.138651e-006,-0.875667
6.138901e-006,-0.874
6.139151e-006,-0.874
6.139401e-006,-0.874
6.139651e-006,-0.875667
6.139901e-006,-0.875667
6.140151e-006,-0.874
6.140401e-006,-0.874
6.140651e-006,-0.874
6.140901e-006,-0.875667
6.141151e-006,-0.874
6.141401e-006,-0.874
6.141651e-006,-0.874
6.141901e-006,-0.875667
6.142151e-006,-0.874
6.142401e-006,-0.874
6.142651e-006,-0.875667
6.142901e-006,-0.875667
6.143151e-006,-0.874
6.143401e-006,-0.874
6.143651e-006,-0.875667
6.143901e-006,-0.875667
6.144151e-006,-0.874
6.144401e-006,-0.874
6.144651e-006,-0.874
6.144901e-006,-0.875667
6.145151e-006,-0.874
6.145401e-006,-0.874
6.145651e-006,-0.875667
6.145901e-006,-0.875667
6.146151e-006,-0.874
6.146401e-006,-0.874
6.146651e-006,-0.875667
6.146901e-006,-0.875667
6.147151e-006,-0.874
6.147401e-006,-0.874
6.147651e-006,-0.875667
6.147901e-006,-0.875667
6.148151e-006,-0.874
6.148401e-006,-0.874
6.148651e-006,-0.875667
6.148901e-006,-0.875667
6.149151e-006,-0.874
6.149401e-006,-0.874
6.149651e-006,-0.875667
6.149901e-006,-0.875667
6.150151e-006,-0.874
6.150401e-006,-0.874
6.150651e-006,-0.874
6.150901e-006,-0.875667
6.151151e-006,-0.874
6.151401e-006,-0.874
6.151651e-006,-0.874
6.151901e-006,-0.875667
6.152151e-006,-0.874
6.152401e-006,-0.874
6.152651e-006,-0.874
6.152901e-006,-0.875667
6.153151e-006,-0.874
6.153401e-006,-0.874
6.153651e-006,-0.875667
6.153901e-006,-0.875667
6.154151e-006,-0.874
6.154401e-006,-0.874
6.154651e-006,-0.875667
6.154901e-006,-0.875667
6.155151e-006,-0.874
6.155401e-006,-0.874
6.155651e-006,-0.875667
6.155901e-006,-0.875667
6.156151e-006,-0.874
6.156401e-006,-0.874
6.156651e-006,-0.875667
6.156901e-006,-0.875667
6.157151e-006,-0.875667
6.157401e-006,-0.874
6.157651e-006,-0.875667
6.157901e-006,-0.875667
6.158151e-006,-0.875667
6.158401e-006,-0.874
6.158651e-006,-0.875667
6.158901e-006,-0.875667
6.159151e-006,-0.875667
6.159401e-006,-0.874
6.159651e-006,-0.875667
6.159901e-006,-0.875667
6.160151e-006,-0.875667
6.160401e-006,-0.874
6.160651e-006,-0.875667
6.160901e-006,-0.875667
6.161151e-006,-0.875667
6.161401e-006,-0.874
6.161651e-006,-0.875667
6.161901e-006,-0.875667
6.162151e-006,-0.874
6.162401e-006,-0.874
6.162651e-006,-0.875667
6.162901e-006,-0.875667
6.163151e-006,-0.874
6.163401e-006,-0.874
6.163651e-006,-0.875667
6.163901e-006,-0.875667
6.164151e-006,-0.874
6.164401e-006,-0.874
6.164651e-006,-0.875667
6.164901e-006,-0.875667
6.165151e-006,-0.874
6.165401e-006,-0.874
6.165651e-006,-0.875667
6.165901e-006,-0.875667
6.166151e-006,-0.874
6.166401e-006,-0.874
6.166651e-006,-0.875667
6.166901e-006,-0.875667
6.167151e-006,-0.874
6.167401e-006,-0.874
6.167651e-006,-0.875667
6.167901e-006,-0.875667
6.168151e-006,-0.874
6.168401e-006,-0.874
6.168651e-006,-0.874
6.168901e-006,-0.874
6.169151e-006,-0.874
6.169401e-006,-0.874
6.169651e-006,-0.874
6.169901e-006,-0.875667
6.170151e-006,-0.874
6.170401e-006,-0.874
6.170651e-006,-0.875667
6.170901e-006,-0.875667
6.171151e-006,-0.874
6.171401e-006,-0.874
6.171651e-006,-0.875667
6.171901e-006,-0.875667
6.172151e-006,-0.874
6.172401e-006,-0.874
6.172651e-006,-0.875667
6.172901e-006,-0.875667
6.173151e-006,-0.874
6.173401e-006,-0.874
6.173651e-006,-0.875667
6.173901e-006,-0.875667
6.174151e-006,-0.875667
6.174401e-006,-0.874
6.174651e-006,-0.875667
6.174901e-006,-0.875667
6.175151e-006,-0.875667
6.175401e-006,-0.874
6.175651e-006,-0.875667
6.175901e-006,-0.875667
6.176151e-006,-0.874
6.176401e-006,-0.874
6.176651e-006,-0.875667
6.176901e-006,-0.875667
6.177151e-006,-0.874
6.177401e-006,-0.874
6.177651e-006,-0.875667
6.177901e-006,-0.875667
6.178151e-006,-0.874
6.178401e-006,-0.874
6.178651e-006,-0.875667
6.178901e-006,-0.875667
6.179151e-006,-0.874
6.179401e-006,-0.874
6.179651e-006,-0.875667
6.179901e-006,-0.875667
6.180151e-006,-0.874
6.180401e-006,-0.874
6.180651e-006,-0.874
6.180901e-006,-0.875667
6.181151e-006,-0.874
6.181401e-006,-0.874
6.181651e-006,-0.875667
6.181901e-006,-0.874
6.182151e-006,-0.874
6.182401e-006,-0.874
6.182651e-006,-0.875667
6.182901e-006,-0.875667
6.183151e-006,-0.874
6.183401e-006,-0.874
6.183651e-006,-0.875667
6.183901e-006,-0.874
6.184151e-006,-0.874
6.184401e-006,-0.874
6.184651e-006,-0.875667
6.184901e-006,-0.874
6.185151e-006,-0.874
6.185401e-006,-0.874
6.185651e-006,-0.875667
6.185901e-006,-0.874
6.186151e-006,-0.874
6.186401e-006,-0.874
6.186651e-006,-0.875667
6.186901e-006,-0.874
6.187151e-006,-0.874
6.187401e-006,-0.874
6.187651e-006,-0.875667
6.187901e-006,-0.875667
6.188151e-006,-0.874
6.188401e-006,-0.874
6.188651e-006,-0.874
6.188901e-006,-0.875667
6.189151e-006,-0.874
6.189401e-006,-0.874
6.189651e-006,-0.874
6.189901e-006,-0.875667
6.190151e-006,-0.874
6.190401e-006,-0.874
6.190651e-006,-0.874
6.190901e-006,-0.875667
6.191151e-006,-0.874
6.191401e-006,-0.874
6.191651e-006,-0.874
6.191901e-006,-0.875667
6.192151e-006,-0.874
6.192401e-006,-0.874
6.192651e-006,-0.875667
6.192901e-006,-0.875667
6.193151e-006,-0.874
6.193401e-006,-0.874
6.193651e-006,-0.875667
6.193901e-006,-0.875667
6.194151e-006,-0.874
6.194401e-006,-0.874
6.194651e-006,-0.875667
6.194901e-006,-0.875667
6.195151e-006,-0.874
6.195401e-006,-0.874
6.195651e-006,-0.875667
6.195901e-006,-0.875667
6.196151e-006,-0.874
6.196401e-006,-0.874
6.196651e-006,-0.875667
6.196901e-006,-0.875667
6.197151e-006,-0.874
6.197401e-006,-0.874
6.197651e-006,-0.875667
6.197901e-006,-0.875667
6.198151e-006,-0.874
6.198401e-006,-0.874
6.198651e-006,-0.875667
6.198901e-006,-0.875667
6.199151e-006,-0.874
6.199401e-006,-0.874
6.199651e-006,-0.875667
6.199901e-006,-0.875667
6.200151e-006,-0.874
6.200401e-006,-0.874
6.200651e-006,-0.875667
6.200901e-006,-0.875667
6.201151e-006,-0.874
6.201401e-006,-0.874
6.201651e-006,-0.875667
6.201901e-006,-0.875667
6.202151e-006,-0.874
6.202401e-006,-0.874
6.202651e-006,-0.875667
6.202901e-006,-0.875667
6.203151e-006,-0.874
6.203401e-006,-0.874
6.203651e-006,-0.875667
6.203901e-006,-0.875667
6.204151e-006,-0.874
6.204401e-006,-0.874
6.204651e-006,-0.874
6.204901e-006,-0.875667
6.205151e-006,-0.874
6.205401e-006,-0.874
6.205651e-006,-0.874
6.205901e-006,-0.875667
6.206151e-006,-0.874
6.206401e-006,-0.874
6.206651e-006,-0.875667
6.206901e-006,-0.875667
6.207151e-006,-0.874
6.207401e-006,-0.874
6.207651e-006,-0.875667
6.207901e-006,-0.875667
6.208151e-006,-0.874
6.208401e-006,-0.874
6.208651e-006,-0.875667
6.208901e-006,-0.875667
6.209151e-006,-0.874
6.209401e-006,-0.874
6.209651e-006,-0.875667
6.209901e-006,-0.875667
6.210151e-006,-0.874
6.210401e-006,-0.874
6.210651e-006,-0.875667
6.210901e-006,-0.875667
6.211151e-006,-0.874
6.211401e-006,-0.874
6.211651e-006,-0.875667
6.211901e-006,-0.875667
6.212151e-006,-0.874
6.212401e-006,-0.874
6.212651e-006,-0.875667
6.212901e-006,-0.874
6.213151e-006,-0.874
6.213401e-006,-0.874
6.213651e-006,-0.875667
6.213901e-006,-0.874
6.214151e-006,-0.874
6.214401e-006,-0.874
6.214651e-006,-0.875667
6.214901e-006,-0.874
6.215151e-006,-0.874
6.215401e-006,-0.874
6.215651e-006,-0.875667
6.215901e-006,-0.874
6.216151e-006,-0.874
6.216401e-006,-0.874
6.216651e-006,-0.875667
6.216901e-006,-0.874
6.217151e-006,-0.874
6.217401e-006,-0.874
6.217651e-006,-0.875667
6.217901e-006,-0.875667
6.218151e-006,-0.875667
6.218401e-006,-0.874
6.218651e-006,-0.875667
6.218901e-006,-0.875667
6.219151e-006,-0.875667
6.219401e-006,-0.874
6.219651e-006,-0.875667
6.219901e-006,-0.875667
6.220151e-006,-0.875667
6.220401e-006,-0.874
6.220651e-006,-0.875667
6.220901e-006,-0.875667
6.221151e-006,-0.874
6.221401e-006,-0.874
6.221651e-006,-0.874
6.221901e-006,-0.875667
6.222151e-006,-0.874
6.222401e-006,-0.874
6.222651e-006,-0.874
6.222901e-006,-0.875667
6.223151e-006,-0.874
6.223401e-006,-0.874
6.223651e-006,-0.874
6.223901e-006,-0.875667
6.224151e-006,-0.874
6.224401e-006,-0.874
6.224651e-006,-0.875667
6.224901e-006,-0.875667
6.225151e-006,-0.874
6.225401e-006,-0.874
6.225651e-006,-0.875667
6.225901e-006,-0.875667
6.226151e-006,-0.874
6.226401e-006,-0.874
6.226651e-006,-0.875667
6.226901e-006,-0.875667
6.227151e-006,-0.874
6.227401e-006,-0.874
6.227651e-006,-0.875667
6.227901e-006,-0.875667
6.228151e-006,-0.874
6.228401e-006,-0.874
6.228651e-006,-0.874
6.228901e-006,-0.875667
6.229151e-006,-0.874
6.229401e-006,-0.874
6.229651e-006,-0.875667
6.229901e-006,-0.875667
6.230151e-006,-0.874
6.230401e-006,-0.874
6.230651e-006,-0.875667
6.230901e-006,-0.875667
6.231151e-006,-0.874
6.231401e-006,-0.874
6.231651e-006,-0.875667
6.231901e-006,-0.875667
6.232151e-006,-0.874
6.232401e-006,-0.874
6.232651e-006,-0.875667
6.232901e-006,-0.875667
6.233151e-006,-0.874
6.233401e-006,-0.874
6.233651e-006,-0.875667
6.233901e-006,-0.875667
6.234151e-006,-0.874
6.234401e-006,-0.874
6.234651e-006,-0.875667
6.234901e-006,-0.875667
6.235151e-006,-0.874
6.235401e-006,-0.874
6.235651e-006,-0.875667
6.235901e-006,-0.875667
6.236151e-006,-0.874
6.236401e-006,-0.874
6.236651e-006,-0.875667
6.236901e-006,-0.875667
6.237151e-006,-0.874
6.237401e-006,-0.874
6.237651e-006,-0.875667
6.237901e-006,-0.875667
6.238151e-006,-0.874
6.238401e-006,-0.874
6.238651e-006,-0.875667
6.238901e-006,-0.875667
6.239151e-006,-0.874
6.239401e-006,-0.874
6.239651e-006,-0.875667
6.239901e-006,-0.875667
6.240151e-006,-0.874
6.240401e-006,-0.874
6.240651e-006,-0.875667
6.240901e-006,-0.875667
6.241151e-006,-0.874
6.241401e-006,-0.874
6.241651e-006,-0.875667
6.241901e-006,-0.875667
6.242151e-006,-0.874
6.242401e-006,-0.874
6.242651e-006,-0.875667
6.242901e-006,-0.875667
6.243151e-006,-0.874
6.243401e-006,-0.874
6.243651e-006,-0.875667
6.243901e-006,-0.875667
6.244151e-006,-0.874
6.244401e-006,-0.874
6.244651e-006,-0.875667
6.244901e-006,-0.875667
6.245151e-006,-0.874
6.245401e-006,-0.874
6.245651e-006,-0.875667
6.245901e-006,-0.875667
6.246151e-006,-0.874
6.246401e-006,-0.874
6.246651e-006,-0.875667
6.246901e-006,-0.875667
6.247151e-006,-0.874
6.247401e-006,-0.874
6.247651e-006,-0.875667
6.247901e-006,-0.875667
6.248151e-006,-0.874
6.248401e-006,-0.874
6.248651e-006,-0.875667
6.248901e-006,-0.874
6.249151e-006,-0.874
6.249401e-006,-0.874
6.249651e-006,-0.875667
6.249901e-006,-0.875667
6.250151e-006,-0.874
6.250401e-006,-0.874
6.250651e-006,-0.875667
6.250901e-006,-0.875667
6.251151e-006,-0.874
6.251401e-006,-0.874
6.251651e-006,-0.875667
6.251901e-006,-0.875667
6.252151e-006,-0.874
6.252401e-006,-0.874
6.252651e-006,-0.875667
6.252901e-006,-0.875667
6.253151e-006,-0.874
6.253401e-006,-0.874
6.253651e-006,-0.875667
6.253901e-006,-0.875667
6.254151e-006,-0.874
6.254401e-006,-0.874
6.254651e-006,-0.875667
6.254901e-006,-0.875667
6.255151e-006,-0.874
6.255401e-006,-0.874
6.255651e-006,-0.875667
6.255901e-006,-0.874
6.256151e-006,-0.874
6.256401e-006,-0.874
6.256651e-006,-0.875667
6.256901e-006,-0.874
6.257151e-006,-0.874
6.257401e-006,-0.874
6.257651e-006,-0.875667
6.257901e-006,-0.874
6.258151e-006,-0.874
6.258401e-006,-0.874
6.258651e-006,-0.875667
6.258901e-006,-0.874
6.259151e-006,-0.874
6.259401e-006,-0.874
6.259651e-006,-0.875667
6.259901e-006,-0.874
6.260151e-006,-0.874
6.260401e-006,-0.874
6.260651e-006,-0.874
6.260901e-006,-0.874
6.261151e-006,-0.874
6.261401e-006,-0.874
6.261651e-006,-0.875667
6.261901e-006,-0.874
6.262151e-006,-0.874
6.262401e-006,-0.874
6.262651e-006,-0.875667
6.262901e-006,-0.875667
6.263151e-006,-0.874
6.263401e-006,-0.874
6.263651e-006,-0.875667
6.263901e-006,-0.875667
6.264151e-006,-0.874
6.264401e-006,-0.874
6.264651e-006,-0.875667
6.264901e-006,-0.875667
6.265151e-006,-0.874
6.265401e-006,-0.874
6.265651e-006,-0.875667
6.265901e-006,-0.875667
6.266151e-006,-0.874
6.266401e-006,-0.874
6.266651e-006,-0.875667
6.266901e-006,-0.875667
6.267151e-006,-0.874
6.267401e-006,-0.874
6.267651e-006,-0.875667
6.267901e-006,-0.875667
6.268151e-006,-0.874
6.268401e-006,-0.874
6.268651e-006,-0.875667
6.268901e-006,-0.875667
6.269151e-006,-0.874
6.269401e-006,-0.874
6.269651e-006,-0.875667
6.269901e-006,-0.875667
6.270151e-006,-0.874
6.270401e-006,-0.874
6.270651e-006,-0.875667
6.270901e-006,-0.875667
6.271151e-006,-0.874
6.271401e-006,-0.874
6.271651e-006,-0.875667
6.271901e-006,-0.875667
6.272151e-006,-0.874
6.272401e-006,-0.874
6.272651e-006,-0.875667
6.272901e-006,-0.875667
6.273151e-006,-0.874
6.273401e-006,-0.874
6.273651e-006,-0.875667
6.273901e-006,-0.875667
6.274151e-006,-0.874
6.274401e-006,-0.874
6.274651e-006,-0.875667
6.274901e-006,-0.875667
6.275151e-006,-0.874
6.275401e-006,-0.874
6.275651e-006,-0.875667
6.275901e-006,-0.875667
6.276151e-006,-0.874
6.276401e-006,-0.874
6.276651e-006,-0.875667
6.276901e-006,-0.875667
6.277151e-006,-0.874
6.277401e-006,-0.874
6.277651e-006,-0.875667
6.277901e-006,-0.875667
6.278151e-006,-0.874
6.278401e-006,-0.874
6.278651e-006,-0.875667
6.278901e-006,-0.875667
6.279151e-006,-0.874
6.279401e-006,-0.874
6.279651e-006,-0.875667
6.279901e-006,-0.875667
6.280151e-006,-0.874
6.280401e-006,-0.874
6.280651e-006,-0.875667
6.280901e-006,-0.875667
6.281151e-006,-0.874
6.281401e-006,-0.874
6.281651e-006,-0.875667
6.281901e-006,-0.875667
6.282151e-006,-0.874
6.282401e-006,-0.874
6.282651e-006,-0.875667
6.282901e-006,-0.875667
6.283151e-006,-0.874
6.283401e-006,-0.874
6.283651e-006,-0.875667
6.283901e-006,-0.875667
6.284151e-006,-0.874
6.284401e-006,-0.874
6.284651e-006,-0.874
6.284901e-006,-0.875667
6.285151e-006,-0.874
6.285401e-006,-0.874
6.285651e-006,-0.874
6.285901e-006,-0.875667
6.286151e-006,-0.874
6.286401e-006,-0.874
6.286651e-006,-0.874
6.286901e-006,-0.875667
6.287151e-006,-0.874
6.287401e-006,-0.874
6.287651e-006,-0.874
6.287901e-006,-0.875667
6.288151e-006,-0.874
6.288401e-006,-0.874
6.288651e-006,-0.875667
6.288901e-006,-0.875667
6.289151e-006,-0.874
6.289401e-006,-0.874
6.289651e-006,-0.874
6.289901e-006,-0.875667
6.290151e-006,-0.874
6.290401e-006,-0.874
6.290651e-006,-0.874
6.290901e-006,-0.874
6.291151e-006,-0.874
6.291401e-006,-0.874
6.291651e-006,-0.874
6.291901e-006,-0.874
6.292151e-006,-0.874
6.292401e-006,-0.874
6.292651e-006,-0.874
6.292901e-006,-0.874
6.293151e-006,-0.874
6.293401e-006,-0.874
6.293651e-006,-0.874
6.293901e-006,-0.875667
6.294151e-006,-0.874
6.294401e-006,-0.874
6.294651e-006,-0.875667
6.294901e-006,-0.875667
6.295151e-006,-0.874
6.295401e-006,-0.874
6.295651e-006,-0.875667
6.295901e-006,-0.875667
6.296151e-006,-0.874
6.296401e-006,-0.874
6.296651e-006,-0.875667
6.296901e-006,-0.875667
6.297151e-006,-0.874
6.297401e-006,-0.874
6.297651e-006,-0.875667
6.297901e-006,-0.875667
6.298151e-006,-0.874
6.298401e-006,-0.874
6.298651e-006,-0.875667
6.298901e-006,-0.875667
6.299151e-006,-0.874
6.299401e-006,-0.874
6.299651e-006,-0.875667
6.299901e-006,-0.875667
6.300151e-006,-0.874
6.300401e-006,-0.874
6.300651e-006,-0.875667
6.300901e-006,-0.875667
6.301151e-006,-0.874
6.301401e-006,-0.874
6.301651e-006,-0.875667
6.301901e-006,-0.875667
6.302151e-006,-0.874
6.302401e-006,-0.874
6.302651e-006,-0.875667
6.302901e-006,-0.875667
6.303151e-006,-0.874
6.303401e-006,-0.874
6.303651e-006,-0.875667
6.303901e-006,-0.875667
6.304151e-006,-0.874
6.304401e-006,-0.874
6.304651e-006,-0.875667
6.304901e-006,-0.875667
6.305151e-006,-0.874
6.305401e-006,-0.874
6.305651e-006,-0.875667
6.305901e-006,-0.875667
6.306151e-006,-0.874
6.306401e-006,-0.874
6.306651e-006,-0.875667
6.306901e-006,-0.875667
6.307151e-006,-0.874
6.307401e-006,-0.874
6.307651e-006,-0.875667
6.307901e-006,-0.875667
6.308151e-006,-0.874
6.308401e-006,-0.874
6.308651e-006,-0.875667
6.308901e-006,-0.875667
6.309151e-006,-0.874
6.309401e-006,-0.874
6.309651e-006,-0.875667
6.309901e-006,-0.875667
6.310151e-006,-0.874
6.310401e-006,-0.874
6.310651e-006,-0.875667
6.310901e-006,-0.875667
6.311151e-006,-0.874
6.311401e-006,-0.874
6.311651e-006,-0.875667
6.311901e-006,-0.875667
6.312151e-006,-0.874
6.312401e-006,-0.874
6.312651e-006,-0.875667
6.312901e-006,-0.875667
6.313151e-006,-0.874
6.313401e-006,-0.874
6.313651e-006,-0.875667
6.313901e-006,-0.875667
6.314151e-006,-0.874
6.314401e-006,-0.874
6.314651e-006,-0.875667
6.314901e-006,-0.875667
6.315151e-006,-0.874
6.315401e-006,-0.874
6.315651e-006,-0.875667
6.315901e-006,-0.875667
6.316151e-006,-0.874
6.316401e-006,-0.874
6.316651e-006,-0.875667
6.316901e-006,-0.875667
6.317151e-006,-0.874
6.317401e-006,-0.874
6.317651e-006,-0.875667
6.317901e-006,-0.875667
6.318151e-006,-0.874
6.318401e-006,-0.874
6.318651e-006,-0.875667
6.318901e-006,-0.875667
6.319151e-006,-0.874
6.319401e-006,-0.874
6.319651e-006,-0.875667
6.319901e-006,-0.875667
6.320151e-006,-0.874
6.320401e-006,-0.874
6.320651e-006,-0.874
6.320901e-006,-0.875667
6.321151e-006,-0.874
6.321401e-006,-0.874
6.321651e-006,-0.875667
6.321901e-006,-0.875667
6.322151e-006,-0.874
6.322401e-006,-0.874
6.322651e-006,-0.875667
6.322901e-006,-0.875667
6.323151e-006,-0.874
6.323401e-006,-0.874
6.323651e-006,-0.875667
6.323901e-006,-0.875667
6.324151e-006,-0.874
6.324401e-006,-0.874
6.324651e-006,-0.875667
6.324901e-006,-0.875667
6.325151e-006,-0.874
6.325401e-006,-0.874
6.325651e-006,-0.875667
6.325901e-006,-0.875667
6.326151e-006,-0.874
6.326401e-006,-0.874
6.326651e-006,-0.875667
6.326901e-006,-0.875667
6.327151e-006,-0.874
6.327401e-006,-0.874
6.327651e-006,-0.874
6.327901e-006,-0.875667
6.328151e-006,-0.874
6.328401e-006,-0.874
6.328651e-006,-0.874
6.328901e-006,-0.875667
6.329151e-006,-0.874
6.329401e-006,-0.874
6.329651e-006,-0.874
6.329901e-006,-0.875667
6.330151e-006,-0.874
6.330401e-006,-0.874
6.330651e-006,-0.874
6.330901e-006,-0.875667
6.331151e-006,-0.874
6.331401e-006,-0.874
6.331651e-006,-0.874
6.331901e-006,-0.875667
6.332151e-006,-0.874
6.332401e-006,-0.874
6.332651e-006,-0.874
6.332901e-006,-0.875667
6.333151e-006,-0.874
6.333401e-006,-0.874
6.333651e-006,-0.874
6.333901e-006,-0.875667
6.334151e-006,-0.874
6.334401e-006,-0.874
6.334651e-006,-0.874
6.334901e-006,-0.875667
6.335151e-006,-0.874
6.335401e-006,-0.874
6.335651e-006,-0.874
6.335901e-006,-0.875667
6.336151e-006,-0.874
6.336401e-006,-0.874
6.336651e-006,-0.874
6.336901e-006,-0.875667
6.337151e-006,-0.874
6.337401e-006,-0.874
6.337651e-006,-0.875667
6.337901e-006,-0.875667
6.338151e-006,-0.874
6.338401e-006,-0.874
6.338651e-006,-0.875667
6.338901e-006,-0.875667
6.339151e-006,-0.874
6.339401e-006,-0.874
6.339651e-006,-0.874
6.339901e-006,-0.875667
6.340151e-006,-0.874
6.340401e-006,-0.874
6.340651e-006,-0.874
6.340901e-006,-0.875667
6.341151e-006,-0.874
6.341401e-006,-0.874
6.341651e-006,-0.874
6.341901e-006,-0.875667
6.342151e-006,-0.874
6.342401e-006,-0.874
6.342651e-006,-0.874
6.342901e-006,-0.875667
6.343151e-006,-0.874
6.343401e-006,-0.874
6.343651e-006,-0.875667
6.343901e-006,-0.875667
6.344151e-006,-0.874
6.344401e-006,-0.874
6.344651e-006,-0.875667
6.344901e-006,-0.875667
6.345151e-006,-0.874
6.345401e-006,-0.874
6.345651e-006,-0.874
6.345901e-006,-0.875667
6.346151e-006,-0.874
6.346401e-006,-0.874
6.346651e-006,-0.875667
6.346901e-006,-0.875667
6.347151e-006,-0.874
6.347401e-006,-0.874
6.347651e-006,-0.875667
6.347901e-006,-0.875667
6.348151e-006,-0.874
6.348401e-006,-0.874
6.348651e-006,-0.874
6.348901e-006,-0.875667
6.349151e-006,-0.874
6.349401e-006,-0.874
6.349651e-006,-0.874
6.349901e-006,-0.875667
6.350151e-006,-0.874
6.350401e-006,-0.874
6.350651e-006,-0.874
6.350901e-006,-0.875667
6.351151e-006,-0.874
6.351401e-006,-0.874
6.351651e-006,-0.874
6.351901e-006,-0.874
6.352151e-006,-0.874
6.352401e-006,-0.874
6.352651e-006,-0.874
6.352901e-006,-0.874
6.353151e-006,-0.874
6.353401e-006,-0.874
6.353651e-006,-0.874
6.353901e-006,-0.875667
6.354151e-006,-0.874
6.354401e-006,-0.874
6.354651e-006,-0.874
6.354901e-006,-0.875667
6.355151e-006,-0.874
6.355401e-006,-0.874
6.355651e-006,-0.875667
6.355901e-006,-0.875667
6.356151e-006,-0.874
6.356401e-006,-0.874
6.356651e-006,-0.874
6.356901e-006,-0.874
6.357151e-006,-0.874
6.357401e-006,-0.874
6.357651e-006,-0.875667
6.357901e-006,-0.874
6.358151e-006,-0.874
6.358401e-006,-0.874
6.358651e-006,-0.874
6.358901e-006,-0.875667
6.359151e-006,-0.874
6.359401e-006,-0.874
6.359651e-006,-0.874
6.359901e-006,-0.875667
6.360151e-006,-0.874
6.360401e-006,-0.874
6.360651e-006,-0.874
6.360901e-006,-0.875667
6.361151e-006,-0.874
6.361401e-006,-0.874
6.361651e-006,-0.874
6.361901e-006,-0.874
6.362151e-006,-0.874
6.362401e-006,-0.874
6.362651e-006,-0.874
6.362901e-006,-0.874
6.363151e-006,-0.874
6.363401e-006,-0.874
6.363651e-006,-0.874
6.363901e-006,-0.874
6.364151e-006,-0.874
6.364401e-006,-0.874
6.364651e-006,-0.874
6.364901e-006,-0.874
6.365151e-006,-0.874
6.365401e-006,-0.874
6.365651e-006,-0.874
6.365901e-006,-0.874
6.366151e-006,-0.874
6.366401e-006,-0.874
6.366651e-006,-0.875667
6.366901e-006,-0.874
6.367151e-006,-0.874
6.367401e-006,-0.874
6.367651e-006,-0.875667
6.367901e-006,-0.874
6.368151e-006,-0.874
6.368401e-006,-0.874
6.368651e-006,-0.874
6.368901e-006,-0.874
6.369151e-006,-0.874
6.369401e-006,-0.874
6.369651e-006,-0.874
6.369901e-006,-0.874
6.370151e-006,-0.874
6.370401e-006,-0.874
6.370651e-006,-0.875667
6.370901e-006,-0.874
6.371151e-006,-0.874
6.371401e-006,-0.874
6.371651e-006,-0.875667
6.371901e-006,-0.874
6.372151e-006,-0.874
6.372401e-006,-0.874
6.372651e-006,-0.875667
6.372901e-006,-0.874
6.373151e-006,-0.874
6.373401e-006,-0.874
6.373651e-006,-0.875667
6.373901e-006,-0.875667
6.374151e-006,-0.874
6.374401e-006,-0.874
6.374651e-006,-0.875667
6.374901e-006,-0.875667
6.375151e-006,-0.874
6.375401e-006,-0.874
6.375651e-006,-0.875667
6.375901e-006,-0.875667
6.376151e-006,-0.874
6.376401e-006,-0.874
6.376651e-006,-0.875667
6.376901e-006,-0.874
6.377151e-006,-0.874
6.377401e-006,-0.874
6.377651e-006,-0.874
6.377901e-006,-0.874
6.378151e-006,-0.874
6.378401e-006,-0.874
6.378651e-006,-0.874
6.378901e-006,-0.874
6.379151e-006,-0.874
6.379401e-006,-0.874
6.379651e-006,-0.874
6.379901e-006,-0.874
6.380151e-006,-0.874
6.380401e-006,-0.874
6.380651e-006,-0.874
6.380901e-006,-0.874
6.381151e-006,-0.874
6.381401e-006,-0.874
6.381651e-006,-0.874
6.381901e-006,-0.875667
6.382151e-006,-0.874
6.382401e-006,-0.874
6.382651e-006,-0.874
6.382901e-006,-0.875667
6.383151e-006,-0.874
6.383401e-006,-0.874
6.383651e-006,-0.874
6.383901e-006,-0.875667
6.384151e-006,-0.875667
6.384401e-006,-0.874
6.384651e-006,-0.875667
6.384901e-006,-0.875667
6.385151e-006,-0.874
6.385401e-006,-0.874
6.385651e-006,-0.875667
6.385901e-006,-0.875667
6.386151e-006,-0.874
6.386401e-006,-0.874
6.386651e-006,-0.875667
6.386901e-006,-0.875667
6.387151e-006,-0.874
6.387401e-006,-0.874
6.387651e-006,-0.875667
6.387901e-006,-0.875667
6.388151e-006,-0.874
6.388401e-006,-0.874
6.388651e-006,-0.875667
6.388901e-006,-0.875667
6.389151e-006,-0.874
6.389401e-006,-0.874
6.389651e-006,-0.875667
6.389901e-006,-0.875667
6.390151e-006,-0.874
6.390401e-006,-0.874
6.390651e-006,-0.875667
6.390901e-006,-0.875667
6.391151e-006,-0.874
6.391401e-006,-0.874
6.391651e-006,-0.874
6.391901e-006,-0.875667
6.392151e-006,-0.874
6.392401e-006,-0.874
6.392651e-006,-0.874
6.392901e-006,-0.875667
6.393151e-006,-0.874
6.393401e-006,-0.874
6.393651e-006,-0.874
6.393901e-006,-0.875667
6.394151e-006,-0.874
6.394401e-006,-0.874
6.394651e-006,-0.875667
6.394901e-006,-0.875667
6.395151e-006,-0.874
6.395401e-006,-0.874
6.395651e-006,-0.875667
6.395901e-006,-0.875667
6.396151e-006,-0.874
6.396401e-006,-0.874
6.396651e-006,-0.875667
6.396901e-006,-0.875667
6.397151e-006,-0.874
6.397401e-006,-0.874
6.397651e-006,-0.875667
6.397901e-006,-0.875667
6.398151e-006,-0.874
6.398401e-006,-0.874
6.398651e-006,-0.875667
6.398901e-006,-0.875667
6.399151e-006,-0.874
6.399401e-006,-0.874
6.399651e-006,-0.875667
6.399901e-006,-0.875667
6.400151e-006,-0.874
6.400401e-006,-0.874
6.400651e-006,-0.875667
6.400901e-006,-0.875667
6.401151e-006,-0.874
6.401401e-006,-0.874
6.401651e-006,-0.875667
6.401901e-006,-0.875667
6.402151e-006,-0.874
6.402401e-006,-0.874
6.402651e-006,-0.874
6.402901e-006,-0.875667
6.403151e-006,-0.874
6.403401e-006,-0.874
6.403651e-006,-0.874
6.403901e-006,-0.874
6.404151e-006,-0.874
6.404401e-006,-0.874
6.404651e-006,-0.874
6.404901e-006,-0.874
6.405151e-006,-0.874
6.405401e-006,-0.874
6.405651e-006,-0.874
6.405901e-006,-0.875667
6.406151e-006,-0.874
6.406401e-006,-0.874
6.406651e-006,-0.874
6.406901e-006,-0.875667
6.407151e-006,-0.874
6.407401e-006,-0.874
6.407651e-006,-0.874
6.407901e-006,-0.875667
6.408151e-006,-0.874
6.408401e-006,-0.874
6.408651e-006,-0.875667
6.408901e-006,-0.875667
6.409151e-006,-0.874
6.409401e-006,-0.874
6.409651e-006,-0.875667
6.409901e-006,-0.875667
6.410151e-006,-0.874
6.410401e-006,-0.874
6.410651e-006,-0.875667
6.410901e-006,-0.875667
6.411151e-006,-0.874
6.411401e-006,-0.874
6.411651e-006,-0.875667
6.411901e-006,-0.875667
6.412151e-006,-0.874
6.412401e-006,-0.874
6.412651e-006,-0.875667
6.412901e-006,-0.875667
6.413151e-006,-0.874
6.413401e-006,-0.874
6.413651e-006,-0.875667
6.413901e-006,-0.875667
6.414151e-006,-0.874
6.414401e-006,-0.874
6.414651e-006,-0.875667
6.414901e-006,-0.875667
6.415151e-006,-0.874
6.415401e-006,-0.874
6.415651e-006,-0.875667
6.415901e-006,-0.875667
6.416151e-006,-0.874
6.416401e-006,-0.874
6.416651e-006,-0.875667
6.416901e-006,-0.874
6.417151e-006,-0.874
6.417401e-006,-0.874
6.417651e-006,-0.875667
6.417901e-006,-0.874
6.418151e-006,-0.874
6.418401e-006,-0.874
6.418651e-006,-0.874
6.418901e-006,-0.874
6.419151e-006,-0.874
6.419401e-006,-0.874
6.419651e-006,-0.874
6.419901e-006,-0.874
6.420151e-006,-0.874
6.420401e-006,-0.874
6.420651e-006,-0.874
6.420901e-006,-0.874
6.421151e-006,-0.874
6.421401e-006,-0.874
6.421651e-006,-0.874
6.421901e-006,-0.874
6.422151e-006,-0.874
6.422401e-006,-0.874
6.422651e-006,-0.874
6.422901e-006,-0.875667
6.423151e-006,-0.874
6.423401e-006,-0.874
6.423651e-006,-0.874
6.423901e-006,-0.875667
6.424151e-006,-0.874
6.424401e-006,-0.874
6.424651e-006,-0.875667
6.424901e-006,-0.875667
6.425151e-006,-0.874
6.425401e-006,-0.874
6.425651e-006,-0.875667
6.425901e-006,-0.875667
6.426151e-006,-0.874
6.426401e-006,-0.874
6.426651e-006,-0.875667
6.426901e-006,-0.875667
6.427151e-006,-0.874
6.427401e-006,-0.874
6.427651e-006,-0.875667
6.427901e-006,-0.875667
6.428151e-006,-0.874
6.428401e-006,-0.874
6.428651e-006,-0.875667
6.428901e-006,-0.875667
6.429151e-006,-0.874
6.429401e-006,-0.874
6.429651e-006,-0.875667
6.429901e-006,-0.875667
6.430151e-006,-0.874
6.430401e-006,-0.874
6.430651e-006,-0.875667
6.430901e-006,-0.875667
6.431151e-006,-0.874
6.431401e-006,-0.874
6.431651e-006,-0.875667
6.431901e-006,-0.875667
6.432151e-006,-0.874
6.432401e-006,-0.874
6.432651e-006,-0.874
6.432901e-006,-0.874
6.433151e-006,-0.874
6.433401e-006,-0.874
6.433651e-006,-0.874
6.433901e-006,-0.874
6.434151e-006,-0.874
6.434401e-006,-0.874
6.434651e-006,-0.874
6.434901e-006,-0.874
6.435151e-006,-0.874
6.435401e-006,-0.874
6.435651e-006,-0.875667
6.435901e-006,-0.875667
6.436151e-006,-0.874
6.436401e-006,-0.874
6.436651e-006,-0.875667
6.436901e-006,-0.875667
6.437151e-006,-0.874
6.437401e-006,-0.874
6.437651e-006,-0.875667
6.437901e-006,-0.875667
6.438151e-006,-0.874
6.438401e-006,-0.874
6.438651e-006,-0.875667
6.438901e-006,-0.875667
6.439151e-006,-0.874
6.439401e-006,-0.874
6.439651e-006,-0.875667
6.439901e-006,-0.875667
6.440151e-006,-0.874
6.440401e-006,-0.874
6.440651e-006,-0.875667
6.440901e-006,-0.875667
6.441151e-006,-0.874
6.441401e-006,-0.874
6.441651e-006,-0.875667
6.441901e-006,-0.875667
6.442151e-006,-0.874
6.442401e-006,-0.874
6.442651e-006,-0.874
6.442901e-006,-0.875667
6.443151e-006,-0.874
6.443401e-006,-0.874
6.443651e-006,-0.874
6.443901e-006,-0.875667
6.444151e-006,-0.874
6.444401e-006,-0.874
6.444651e-006,-0.874
6.444901e-006,-0.875667
6.445151e-006,-0.874
6.445401e-006,-0.874
6.445651e-006,-0.874
6.445901e-006,-0.875667
6.446151e-006,-0.874
6.446401e-006,-0.874
6.446651e-006,-0.874
6.446901e-006,-0.875667
6.447151e-006,-0.874
6.447401e-006,-0.874
6.447651e-006,-0.874
6.447901e-006,-0.874
6.448151e-006,-0.874
6.448401e-006,-0.874
6.448651e-006,-0.875667
6.448901e-006,-0.875667
6.449151e-006,-0.874
6.449401e-006,-0.874
6.449651e-006,-0.875667
6.449901e-006,-0.875667
6.450151e-006,-0.874
6.450401e-006,-0.874
6.450651e-006,-0.875667
6.450901e-006,-0.875667
6.451151e-006,-0.874
6.451401e-006,-0.874
6.451651e-006,-0.875667
6.451901e-006,-0.875667
6.452151e-006,-0.874
6.452401e-006,-0.874
6.452651e-006,-0.875667
6.452901e-006,-0.875667
6.453151e-006,-0.874
6.453401e-006,-0.874
6.453651e-006,-0.874
6.453901e-006,-0.875667
6.454151e-006,-0.874
6.454401e-006,-0.874
6.454651e-006,-0.874
6.454901e-006,-0.875667
6.455151e-006,-0.874
6.455401e-006,-0.874
6.455651e-006,-0.875667
6.455901e-006,-0.875667
6.456151e-006,-0.874
6.456401e-006,-0.874
6.456651e-006,-0.875667
6.456901e-006,-0.875667
6.457151e-006,-0.874
6.457401e-006,-0.874
6.457651e-006,-0.875667
6.457901e-006,-0.875667
6.458151e-006,-0.874
6.458401e-006,-0.874
6.458651e-006,-0.875667
6.458901e-006,-0.875667
6.459151e-006,-0.874
6.459401e-006,-0.874
6.459651e-006,-0.875667
6.459901e-006,-0.875667
6.460151e-006,-0.874
6.460401e-006,-0.874
6.460651e-006,-0.875667
6.460901e-006,-0.875667
6.461151e-006,-0.875667
6.461401e-006,-0.874
6.461651e-006,-0.875667
6.461901e-006,-0.875667
6.462151e-006,-0.874
6.462401e-006,-0.874
6.462651e-006,-0.875667
6.462901e-006,-0.875667
6.463151e-006,-0.874
6.463401e-006,-0.874
6.463651e-006,-0.875667
6.463901e-006,-0.875667
6.464151e-006,-0.874
6.464401e-006,-0.874
6.464651e-006,-0.875667
6.464901e-006,-0.875667
6.465151e-006,-0.874
6.465401e-006,-0.874
6.465651e-006,-0.875667
6.465901e-006,-0.875667
6.466151e-006,-0.874
6.466401e-006,-0.874
6.466651e-006,-0.875667
6.466901e-006,-0.875667
6.467151e-006,-0.874
6.467401e-006,-0.874
6.467651e-006,-0.875667
6.467901e-006,-0.875667
6.468151e-006,-0.874
6.468401e-006,-0.874
6.468651e-006,-0.875667
6.468901e-006,-0.875667
6.469151e-006,-0.874
6.469401e-006,-0.874
6.469651e-006,-0.875667
6.469901e-006,-0.875667
6.470151e-006,-0.874
6.470401e-006,-0.874
6.470651e-006,-0.875667
6.470901e-006,-0.874
6.471151e-006,-0.874
6.471401e-006,-0.874
6.471651e-006,-0.875667
6.471901e-006,-0.874
6.472151e-006,-0.874
6.472401e-006,-0.874
6.472651e-006,-0.875667
6.472901e-006,-0.874
6.473151e-006,-0.874
6.473401e-006,-0.874
6.473651e-006,-0.874
6.473901e-006,-0.874
6.474151e-006,-0.874
6.474401e-006,-0.874
6.474651e-006,-0.874
6.474901e-006,-0.874
6.475151e-006,-0.874
6.475401e-006,-0.874
6.475651e-006,-0.874
6.475901e-006,-0.874
6.476151e-006,-0.874
6.476401e-006,-0.874
6.476651e-006,-0.875667
6.476901e-006,-0.874
6.477151e-006,-0.874
6.477401e-006,-0.874
6.477651e-006,-0.875667
6.477901e-006,-0.874
6.478151e-006,-0.874
6.478401e-006,-0.874
6.478651e-006,-0.875667
6.478901e-006,-0.875667
6.479151e-006,-0.874
6.479401e-006,-0.874
6.479651e-006,-0.875667
6.479901e-006,-0.874
6.480151e-006,-0.874
6.480401e-006,-0.874
6.480651e-006,-0.875667
6.480901e-006,-0.874
6.481151e-006,-0.874
6.481401e-006,-0.874
6.481651e-006,-0.875667
6.481901e-006,-0.874
6.482151e-006,-0.875667
6.482401e-006,-0.874
6.482651e-006,-0.875667
6.482901e-006,-0.874
6.483151e-006,-0.875667
6.483401e-006,-0.874
6.483651e-006,-0.875667
6.483901e-006,-0.874
6.484151e-006,-0.874
6.484401e-006,-0.874
6.484651e-006,-0.875667
6.484901e-006,-0.874
6.485151e-006,-0.874
6.485401e-006,-0.874
6.485651e-006,-0.875667
6.485901e-006,-0.874
6.486151e-006,-0.874
6.486401e-006,-0.874
6.486651e-006,-0.875667
6.486901e-006,-0.875667
6.487151e-006,-0.874
6.487401e-006,-0.874
6.487651e-006,-0.875667
6.487901e-006,-0.875667
6.488151e-006,-0.874
6.488401e-006,-0.874
6.488651e-006,-0.875667
6.488901e-006,-0.875667
6.489151e-006,-0.874
6.489401e-006,-0.874
6.489651e-006,-0.875667
6.489901e-006,-0.874
6.490151e-006,-0.874
6.490401e-006,-0.874
6.490651e-006,-0.875667
6.490901e-006,-0.874
6.491151e-006,-0.874
6.491401e-006,-0.874
6.491651e-006,-0.875667
6.491901e-006,-0.875667
6.492151e-006,-0.874
6.492401e-006,-0.874
6.492651e-006,-0.875667
6.492901e-006,-0.875667
6.493151e-006,-0.874
6.493401e-006,-0.874
6.493651e-006,-0.875667
6.493901e-006,-0.875667
6.494151e-006,-0.874
6.494401e-006,-0.874
6.494651e-006,-0.875667
6.494901e-006,-0.875667
6.495151e-006,-0.874
6.495401e-006,-0.874
6.495651e-006,-0.875667
6.495901e-006,-0.875667
6.496151e-006,-0.874
6.496401e-006,-0.874
6.496651e-006,-0.875667
6.496901e-006,-0.875667
6.497151e-006,-0.874
6.497401e-006,-0.874
6.497651e-006,-0.875667
6.497901e-006,-0.875667
6.498151e-006,-0.874
6.498401e-006,-0.874
6.498651e-006,-0.875667
6.498901e-006,-0.875667
6.499151e-006,-0.874
6.499401e-006,-0.874
6.499651e-006,-0.875667
6.499901e-006,-0.875667
6.500151e-006,-0.874
6.500401e-006,-0.874
6.500651e-006,-0.875667
6.500901e-006,-0.875667
6.501151e-006,-0.874
6.501401e-006,-0.874
6.501651e-006,-0.875667
6.501901e-006,-0.874
6.502151e-006,-0.874
6.502401e-006,-0.874
6.502651e-006,-0.875667
6.502901e-006,-0.875667
6.503151e-006,-0.874
6.503401e-006,-0.874
6.503651e-006,-0.875667
6.503901e-006,-0.874
6.504151e-006,-0.874
6.504401e-006,-0.874
6.504651e-006,-0.875667
6.504901e-006,-0.874
6.505151e-006,-0.874
6.505401e-006,-0.874
6.505651e-006,-0.875667
6.505901e-006,-0.875667
6.506151e-006,-0.874
6.506401e-006,-0.874
6.506651e-006,-0.875667
6.506901e-006,-0.875667
6.507151e-006,-0.874
6.507401e-006,-0.874
6.507651e-006,-0.875667
6.507901e-006,-0.875667
6.508151e-006,-0.874
6.508401e-006,-0.874
6.508651e-006,-0.875667
6.508901e-006,-0.875667
6.509151e-006,-0.874
6.509401e-006,-0.874
6.509651e-006,-0.875667
6.509901e-006,-0.875667
6.510151e-006,-0.874
6.510401e-006,-0.874
6.510651e-006,-0.875667
6.510901e-006,-0.875667
6.511151e-006,-0.874
6.511401e-006,-0.874
6.511651e-006,-0.875667
6.511901e-006,-0.875667
6.512151e-006,-0.874
6.512401e-006,-0.874
6.512651e-006,-0.875667
6.512901e-006,-0.875667
6.513151e-006,-0.874
6.513401e-006,-0.874
6.513651e-006,-0.875667
6.513901e-006,-0.875667
6.514151e-006,-0.874
6.514401e-006,-0.874
6.514651e-006,-0.875667
6.514901e-006,-0.874
6.515151e-006,-0.874
6.515401e-006,-0.874
6.515651e-006,-0.875667
6.515901e-006,-0.875667
6.516151e-006,-0.874
6.516401e-006,-0.874
6.516651e-006,-0.875667
6.516901e-006,-0.875667
6.517151e-006,-0.874
6.517401e-006,-0.874
6.517651e-006,-0.875667
6.517901e-006,-0.875667
6.518151e-006,-0.874
6.518401e-006,-0.874
6.518651e-006,-0.874
6.518901e-006,-0.875667
6.519151e-006,-0.874
6.519401e-006,-0.874
6.519651e-006,-0.874
6.519901e-006,-0.875667
6.520151e-006,-0.874
6.520401e-006,-0.874
6.520651e-006,-0.874
6.520901e-006,-0.875667
6.521151e-006,-0.874
6.521401e-006,-0.874
6.521651e-006,-0.874
6.521901e-006,-0.875667
6.522151e-006,-0.874
6.522401e-006,-0.874
6.522651e-006,-0.874
6.522901e-006,-0.875667
6.523151e-006,-0.874
6.523401e-006,-0.874
6.523651e-006,-0.874
6.523901e-006,-0.875667
6.524151e-006,-0.874
6.524401e-006,-0.874
6.524651e-006,-0.875667
6.524901e-006,-0.874
6.525151e-006,-0.874
6.525401e-006,-0.874
6.525651e-006,-0.875667
6.525901e-006,-0.875667
6.526151e-006,-0.874
6.526401e-006,-0.874
6.526651e-006,-0.875667
6.526901e-006,-0.875667
6.527151e-006,-0.874
6.527401e-006,-0.874
6.527651e-006,-0.875667
6.527901e-006,-0.875667
6.528151e-006,-0.874
6.528401e-006,-0.874
6.528651e-006,-0.875667
6.528901e-006,-0.875667
6.529151e-006,-0.874
6.529401e-006,-0.874
6.529651e-006,-0.875667
6.529901e-006,-0.875667
6.530151e-006,-0.874
6.530401e-006,-0.874
6.530651e-006,-0.875667
6.530901e-006,-0.875667
6.531151e-006,-0.874
6.531401e-006,-0.874
6.531651e-006,-0.875667
6.531901e-006,-0.875667
6.532151e-006,-0.874
6.532401e-006,-0.874
6.532651e-006,-0.875667
6.532901e-006,-0.875667
6.533151e-006,-0.874
6.533401e-006,-0.874
6.533651e-006,-0.875667
6.533901e-006,-0.874
6.534151e-006,-0.875667
6.534401e-006,-0.874
6.534651e-006,-0.875667
6.534901e-006,-0.875667
6.535151e-006,-0.875667
6.535401e-006,-0.874
6.535651e-006,-0.875667
6.535901e-006,-0.875667
6.536151e-006,-0.875667
6.536401e-006,-0.874
6.536651e-006,-0.875667
6.536901e-006,-0.875667
6.537151e-006,-0.875667
6.537401e-006,-0.874
6.537651e-006,-0.875667
6.537901e-006,-0.875667
6.538151e-006,-0.875667
6.538401e-006,-0.874
6.538651e-006,-0.875667
6.538901e-006,-0.875667
6.539151e-006,-0.875667
6.539401e-006,-0.874
6.539651e-006,-0.875667
6.539901e-006,-0.875667
6.540151e-006,-0.875667
6.540401e-006,-0.874
6.540651e-006,-0.875667
6.540901e-006,-0.875667
6.541151e-006,-0.874
6.541401e-006,-0.874
6.541651e-006,-0.875667
6.541901e-006,-0.875667
6.542151e-006,-0.874
6.542401e-006,-0.874
6.542651e-006,-0.875667
6.542901e-006,-0.875667
6.543151e-006,-0.874
6.543401e-006,-0.874
6.543651e-006,-0.875667
6.543901e-006,-0.875667
6.544151e-006,-0.874
6.544401e-006,-0.874
6.544651e-006,-0.875667
6.544901e-006,-0.875667
6.545151e-006,-0.875667
6.545401e-006,-0.874
6.545651e-006,-0.875667
6.545901e-006,-0.875667
6.546151e-006,-0.875667
6.546401e-006,-0.874
6.546651e-006,-0.875667
6.546901e-006,-0.875667
6.547151e-006,-0.875667
6.547401e-006,-0.874
6.547651e-006,-0.875667
6.547901e-006,-0.875667
6.548151e-006,-0.875667
6.548401e-006,-0.874
6.548651e-006,-0.875667
6.548901e-006,-0.875667
6.549151e-006,-0.874
6.549401e-006,-0.874
6.549651e-006,-0.874
6.549901e-006,-0.875667
6.550151e-006,-0.874
6.550401e-006,-0.874
6.550651e-006,-0.875667
6.550901e-006,-0.875667
6.551151e-006,-0.874
6.551401e-006,-0.874
6.551651e-006,-0.875667
6.551901e-006,-0.875667
6.552151e-006,-0.874
6.552401e-006,-0.872333
6.552651e-006,-0.875667
6.552901e-006,-0.875667
6.553151e-006,-0.874
6.553401e-006,-0.874
6.553651e-006,-0.875667
6.553901e-006,-0.875667
6.554151e-006,-0.874
6.554401e-006,-0.874
6.554651e-006,-0.875667
6.554901e-006,-0.875667
6.555151e-006,-0.874
6.555401e-006,-0.874
6.555651e-006,-0.875667
6.555901e-006,-0.875667
6.556151e-006,-0.875667
6.556401e-006,-0.874
6.556651e-006,-0.875667
6.556901e-006,-0.875667
6.557151e-006,-0.875667
6.557401e-006,-0.874
6.557651e-006,-0.875667
6.557901e-006,-0.875667
6.558151e-006,-0.874
6.558401e-006,-0.874
6.558651e-006,-0.875667
6.558901e-006,-0.875667
6.559151e-006,-0.874
6.559401e-006,-0.874
6.559651e-006,-0.875667
6.559901e-006,-0.875667
6.560151e-006,-0.874
6.560401e-006,-0.874
6.560651e-006,-0.875667
6.560901e-006,-0.875667
6.561151e-006,-0.874
6.561401e-006,-0.874
6.561651e-006,-0.875667
6.561901e-006,-0.874
6.562151e-006,-0.874
6.562401e-006,-0.874
6.562651e-006,-0.875667
6.562901e-006,-0.875667
6.563151e-006,-0.875667
6.563401e-006,-0.874
6.563651e-006,-0.874
6.563901e-006,-0.875667
6.564151e-006,-0.875667
6.564401e-006,-0.874
6.564651e-006,-0.874
6.564901e-006,-0.875667
6.565151e-006,-0.875667
6.565401e-006,-0.874
6.565651e-006,-0.874
6.565901e-006,-0.874
6.566151e-006,-0.874
6.566401e-006,-0.874
6.566651e-006,-0.874
6.566901e-006,-0.874
6.567151e-006,-0.874
6.567401e-006,-0.874
6.567651e-006,-0.874
6.567901e-006,-0.874
6.568151e-006,-0.874
6.568401e-006,-0.874
6.568651e-006,-0.874
6.568901e-006,-0.874
6.569151e-006,-0.874
6.569401e-006,-0.874
6.569651e-006,-0.874
6.569901e-006,-0.874
6.570151e-006,-0.874
6.570401e-006,-0.874
6.570651e-006,-0.875667
6.570901e-006,-0.875667
6.571151e-006,-0.874
6.571401e-006,-0.874
6.571651e-006,-0.875667
6.571901e-006,-0.874
6.572151e-006,-0.874
6.572401e-006,-0.874
6.572651e-006,-0.875667
6.572901e-006,-0.874
6.573151e-006,-0.874
6.573401e-006,-0.874
6.573651e-006,-0.875667
6.573901e-006,-0.874
6.574151e-006,-0.874
6.574401e-006,-0.874
6.574651e-006,-0.875667
6.574901e-006,-0.875667
6.575151e-006,-0.874
6.575401e-006,-0.874
6.575651e-006,-0.875667
6.575901e-006,-0.875667
6.576151e-006,-0.874
6.576401e-006,-0.874
6.576651e-006,-0.875667
6.576901e-006,-0.874
6.577151e-006,-0.874
6.577401e-006,-0.874
6.577651e-006,-0.875667
6.577901e-006,-0.874
6.578151e-006,-0.874
6.578401e-006,-0.874
6.578651e-006,-0.875667
6.578901e-006,-0.874
6.579151e-006,-0.874
6.579401e-006,-0.874
6.579651e-006,-0.875667
6.579901e-006,-0.874
6.580151e-006,-0.874
6.580401e-006,-0.874
6.580651e-006,-0.875667
6.580901e-006,-0.874
6.581151e-006,-0.874
6.581401e-006,-0.874
6.581651e-006,-0.875667
6.581901e-006,-0.874
6.582151e-006,-0.874
6.582401e-006,-0.874
6.582651e-006,-0.875667
6.582901e-006,-0.875667
6.583151e-006,-0.874
6.583401e-006,-0.874
6.583651e-006,-0.875667
6.583901e-006,-0.875667
6.584151e-006,-0.874
6.584401e-006,-0.874
6.584651e-006,-0.875667
6.584901e-006,-0.875667
6.585151e-006,-0.874
6.585401e-006,-0.874
6.585651e-006,-0.875667
6.585901e-006,-0.875667
6.586151e-006,-0.874
6.586401e-006,-0.874
6.586651e-006,-0.875667
6.586901e-006,-0.875667
6.587151e-006,-0.874
6.587401e-006,-0.874
6.587651e-006,-0.875667
6.587901e-006,-0.875667
6.588151e-006,-0.874
6.588401e-006,-0.874
6.588651e-006,-0.875667
6.588901e-006,-0.875667
6.589151e-006,-0.874
6.589401e-006,-0.874
6.589651e-006,-0.875667
6.589901e-006,-0.875667
6.590151e-006,-0.874
6.590401e-006,-0.874
6.590651e-006,-0.875667
6.590901e-006,-0.875667
6.591151e-006,-0.874
6.591401e-006,-0.874
6.591651e-006,-0.875667
6.591901e-006,-0.875667
6.592151e-006,-0.874
6.592401e-006,-0.874
6.592651e-006,-0.875667
6.592901e-006,-0.874
6.593151e-006,-0.874
6.593401e-006,-0.874
6.593651e-006,-0.875667
6.593901e-006,-0.874
6.594151e-006,-0.874
6.594401e-006,-0.874
6.594651e-006,-0.875667
6.594901e-006,-0.874
6.595151e-006,-0.874
6.595401e-006,-0.874
6.595651e-006,-0.875667
6.595901e-006,-0.874
6.596151e-006,-0.874
6.596401e-006,-0.874
6.596651e-006,-0.874
6.596901e-006,-0.874
6.597151e-006,-0.874
6.597401e-006,-0.874
6.597651e-006,-0.874
6.597901e-006,-0.874
6.598151e-006,-0.874
6.598401e-006,-0.874
6.598651e-006,-0.875667
6.598901e-006,-0.874
6.599151e-006,-0.874
6.599401e-006,-0.874
6.599651e-006,-0.874
6.599901e-006,-0.874
6.600151e-006,-0.874
6.600401e-006,-0.874
6.600651e-006,-0.874
6.600901e-006,-0.874
6.601151e-006,-0.874
6.601401e-006,-0.874
6.601651e-006,-0.874
6.601901e-006,-0.875667
6.602151e-006,-0.874
6.602401e-006,-0.874
6.602651e-006,-0.874
6.602901e-006,-0.874
6.603151e-006,-0.874
6.603401e-006,-0.874
6.603651e-006,-0.874
6.603901e-006,-0.874
6.604151e-006,-0.874
6.604401e-006,-0.874
6.604651e-006,-0.874
6.604901e-006,-0.874
6.605151e-006,-0.874
6.605401e-006,-0.874
6.605651e-006,-0.874
6.605901e-006,-0.874
6.606151e-006,-0.874
6.606401e-006,-0.874
6.606651e-006,-0.874
6.606901e-006,-0.874
6.607151e-006,-0.874
6.607401e-006,-0.874
6.607651e-006,-0.874
6.607901e-006,-0.874
6.608151e-006,-0.874
6.608401e-006,-0.874
6.608651e-006,-0.875667
6.608901e-006,-0.874
6.609151e-006,-0.874
6.609401e-006,-0.874
6.609651e-006,-0.875667
6.609901e-006,-0.875667
6.610151e-006,-0.874
6.610401e-006,-0.874
6.610651e-006,-0.875667
6.610901e-006,-0.875667
6.611151e-006,-0.874
6.611401e-006,-0.874
6.611651e-006,-0.875667
6.611901e-006,-0.875667
6.612151e-006,-0.874
6.612401e-006,-0.874
6.612651e-006,-0.875667
6.612901e-006,-0.875667
6.613151e-006,-0.874
6.613401e-006,-0.874
6.613651e-006,-0.875667
6.613901e-006,-0.874
6.614151e-006,-0.874
6.614401e-006,-0.874
6.614651e-006,-0.874
6.614901e-006,-0.874
6.615151e-006,-0.874
6.615401e-006,-0.874
6.615651e-006,-0.874
6.615901e-006,-0.874
6.616151e-006,-0.874
6.616401e-006,-0.874
6.616651e-006,-0.874
6.616901e-006,-0.875667
6.617151e-006,-0.874
6.617401e-006,-0.874
6.617651e-006,-0.874
6.617901e-006,-0.875667
6.618151e-006,-0.874
6.618401e-006,-0.874
6.618651e-006,-0.874
6.618901e-006,-0.875667
6.619151e-006,-0.874
6.619401e-006,-0.874
6.619651e-006,-0.875667
6.619901e-006,-0.875667
6.620151e-006,-0.874
6.620401e-006,-0.874
6.620651e-006,-0.875667
6.620901e-006,-0.875667
6.621151e-006,-0.874
6.621401e-006,-0.874
6.621651e-006,-0.874
6.621901e-006,-0.874
6.622151e-006,-0.874
6.622401e-006,-0.874
6.622651e-006,-0.874
6.622901e-006,-0.874
6.623151e-006,-0.874
6.623401e-006,-0.874
6.623651e-006,-0.875667
6.623901e-006,-0.874
6.624151e-006,-0.874
6.624401e-006,-0.874
6.624651e-006,-0.875667
6.624901e-006,-0.874
6.625151e-006,-0.874
6.625401e-006,-0.874
6.625651e-006,-0.875667
6.625901e-006,-0.874
6.626151e-006,-0.874
6.626401e-006,-0.874
6.626651e-006,-0.875667
6.626901e-006,-0.874
6.627151e-006,-0.874
6.627401e-006,-0.874
6.627651e-006,-0.875667
6.627901e-006,-0.874
6.628151e-006,-0.874
6.628401e-006,-0.874
6.628651e-006,-0.875667
6.628901e-006,-0.874
6.629151e-006,-0.874
6.629401e-006,-0.874
6.629651e-006,-0.875667
6.629901e-006,-0.874
6.630151e-006,-0.874
6.630401e-006,-0.874
6.630651e-006,-0.875667
6.630901e-006,-0.874
6.631151e-006,-0.874
6.631401e-006,-0.874
6.631651e-006,-0.874
6.631901e-006,-0.874
6.632151e-006,-0.874
6.632401e-006,-0.874
6.632651e-006,-0.875667
6.632901e-006,-0.874
6.633151e-006,-0.874
6.633401e-006,-0.874
6.633651e-006,-0.875667
6.633901e-006,-0.874
6.634151e-006,-0.874
6.634401e-006,-0.874
6.634651e-006,-0.875667
6.634901e-006,-0.875667
6.635151e-006,-0.874
6.635401e-006,-0.874
6.635651e-006,-0.875667
6.635901e-006,-0.875667
6.636151e-006,-0.874
6.636401e-006,-0.874
6.636651e-006,-0.875667
6.636901e-006,-0.875667
6.637151e-006,-0.874
6.637401e-006,-0.874
6.637651e-006,-0.874
6.637901e-006,-0.875667
6.638151e-006,-0.874
6.638401e-006,-0.874
6.638651e-006,-0.875667
6.638901e-006,-0.875667
6.639151e-006,-0.874
6.639401e-006,-0.874
6.639651e-006,-0.875667
6.639901e-006,-0.875667
6.640151e-006,-0.874
6.640401e-006,-0.874
6.640651e-006,-0.875667
6.640901e-006,-0.875667
6.641151e-006,-0.874
6.641401e-006,-0.874
6.641651e-006,-0.875667
6.641901e-006,-0.874
6.642151e-006,-0.874
6.642401e-006,-0.874
6.642651e-006,-0.875667
6.642901e-006,-0.874
6.643151e-006,-0.874
6.643401e-006,-0.874
6.643651e-006,-0.875667
6.643901e-006,-0.874
6.644151e-006,-0.874
6.644401e-006,-0.874
6.644651e-006,-0.875667
6.644901e-006,-0.874
6.645151e-006,-0.874
6.645401e-006,-0.874
6.645651e-006,-0.875667
6.645901e-006,-0.874
6.646151e-006,-0.874
6.646401e-006,-0.874
6.646651e-006,-0.875667
6.646901e-006,-0.874
6.647151e-006,-0.874
6.647401e-006,-0.874
6.647651e-006,-0.875667
6.647901e-006,-0.874
6.648151e-006,-0.874
6.648401e-006,-0.874
6.648651e-006,-0.875667
6.648901e-006,-0.874
6.649151e-006,-0.874
6.649401e-006,-0.874
6.649651e-006,-0.875667
6.649901e-006,-0.874
6.650151e-006,-0.874
6.650401e-006,-0.874
6.650651e-006,-0.875667
6.650901e-006,-0.874
6.651151e-006,-0.874
6.651401e-006,-0.874
6.651651e-006,-0.875667
6.651901e-006,-0.874
6.652151e-006,-0.874
6.652401e-006,-0.874
6.652651e-006,-0.875667
6.652901e-006,-0.874
6.653151e-006,-0.874
6.653401e-006,-0.874
6.653651e-006,-0.875667
6.653901e-006,-0.875667
6.654151e-006,-0.874
6.654401e-006,-0.874
6.654651e-006,-0.875667
6.654901e-006,-0.875667
6.655151e-006,-0.874
6.655401e-006,-0.874
6.655651e-006,-0.875667
6.655901e-006,-0.874
6.656151e-006,-0.874
6.656401e-006,-0.874
6.656651e-006,-0.875667
6.656901e-006,-0.874
6.657151e-006,-0.874
6.657401e-006,-0.874
6.657651e-006,-0.875667
6.657901e-006,-0.874
6.658151e-006,-0.874
6.658401e-006,-0.874
6.658651e-006,-0.875667
6.658901e-006,-0.874
6.659151e-006,-0.874
6.659401e-006,-0.874
6.659651e-006,-0.875667
6.659901e-006,-0.874
6.660151e-006,-0.874
6.660401e-006,-0.874
6.660651e-006,-0.875667
6.660901e-006,-0.875667
6.661151e-006,-0.874
6.661401e-006,-0.874
6.661651e-006,-0.875667
6.661901e-006,-0.875667
6.662151e-006,-0.874
6.662401e-006,-0.874
6.662651e-006,-0.875667
6.662901e-006,-0.875667
6.663151e-006,-0.874
6.663401e-006,-0.874
6.663651e-006,-0.875667
6.663901e-006,-0.875667
6.664151e-006,-0.874
6.664401e-006,-0.874
6.664651e-006,-0.874
6.664901e-006,-0.875667
6.665151e-006,-0.874
6.665401e-006,-0.874
6.665651e-006,-0.874
6.665901e-006,-0.875667
6.666151e-006,-0.874
6.666401e-006,-0.874
6.666651e-006,-0.874
6.666901e-006,-0.875667
6.667151e-006,-0.874
6.667401e-006,-0.874
6.667651e-006,-0.874
6.667901e-006,-0.875667
6.668151e-006,-0.874
6.668401e-006,-0.874
6.668651e-006,-0.874
6.668901e-006,-0.875667
6.669151e-006,-0.874
6.669401e-006,-0.874
6.669651e-006,-0.875667
6.669901e-006,-0.875667
6.670151e-006,-0.874
6.670401e-006,-0.874
6.670651e-006,-0.875667
6.670901e-006,-0.875667
6.671151e-006,-0.874
6.671401e-006,-0.874
6.671651e-006,-0.874
6.671901e-006,-0.875667
6.672151e-006,-0.874
6.672401e-006,-0.874
6.672651e-006,-0.875667
6.672901e-006,-0.875667
6.673151e-006,-0.874
6.673401e-006,-0.874
6.673651e-006,-0.875667
6.673901e-006,-0.875667
6.674151e-006,-0.874
6.674401e-006,-0.874
6.674651e-006,-0.875667
6.674901e-006,-0.875667
6.675151e-006,-0.874
6.675401e-006,-0.874
6.675651e-006,-0.875667
6.675901e-006,-0.875667
6.676151e-006,-0.874
6.676401e-006,-0.874
6.676651e-006,-0.875667
6.676901e-006,-0.875667
6.677151e-006,-0.874
6.677401e-006,-0.874
6.677651e-006,-0.875667
6.677901e-006,-0.875667
6.678151e-006,-0.874
6.678401e-006,-0.874
6.678651e-006,-0.875667
6.678901e-006,-0.875667
6.679151e-006,-0.874
6.679401e-006,-0.874
6.679651e-006,-0.875667
6.679901e-006,-0.874
6.680151e-006,-0.874
6.680401e-006,-0.874
6.680651e-006,-0.875667
6.680901e-006,-0.875667
6.681151e-006,-0.874
6.681401e-006,-0.874
6.681651e-006,-0.875667
6.681901e-006,-0.875667
6.682151e-006,-0.874
6.682401e-006,-0.874
6.682651e-006,-0.875667
6.682901e-006,-0.875667
6.683151e-006,-0.874
6.683401e-006,-0.874
6.683651e-006,-0.875667
6.683901e-006,-0.875667
6.684151e-006,-0.874
6.684401e-006,-0.874
6.684651e-006,-0.875667
6.684901e-006,-0.875667
6.685151e-006,-0.875667
6.685401e-006,-0.874
6.685651e-006,-0.875667
6.685901e-006,-0.875667
6.686151e-006,-0.875667
6.686401e-006,-0.874
6.686651e-006,-0.875667
6.686901e-006,-0.874
6.687151e-006,-0.874
6.687401e-006,-0.874
6.687651e-006,-0.875667
6.687901e-006,-0.874
6.688151e-006,-0.874
6.688401e-006,-0.874
6.688651e-006,-0.875667
6.688901e-006,-0.874
6.689151e-006,-0.874
6.689401e-006,-0.874
6.689651e-006,-0.875667
6.689901e-006,-0.874
6.690151e-006,-0.874
6.690401e-006,-0.874
6.690651e-006,-0.875667
6.690901e-006,-0.874
6.691151e-006,-0.874
6.691401e-006,-0.874
6.691651e-006,-0.875667
6.691901e-006,-0.874
6.692151e-006,-0.874
6.692401e-006,-0.874
6.692651e-006,-0.875667
6.692901e-006,-0.875667
6.693151e-006,-0.874
6.693401e-006,-0.874
6.693651e-006,-0.875667
6.693901e-006,-0.875667
6.694151e-006,-0.874
6.694401e-006,-0.874
6.694651e-006,-0.875667
6.694901e-006,-0.875667
6.695151e-006,-0.874
6.695401e-006,-0.874
6.695651e-006,-0.875667
6.695901e-006,-0.875667
6.696151e-006,-0.874
6.696401e-006,-0.874
6.696651e-006,-0.875667
6.696901e-006,-0.874
6.697151e-006,-0.874
6.697401e-006,-0.874
6.697651e-006,-0.875667
6.697901e-006,-0.874
6.698151e-006,-0.874
6.698401e-006,-0.874
6.698651e-006,-0.875667
6.698901e-006,-0.874
6.699151e-006,-0.874
6.699401e-006,-0.874
6.699651e-006,-0.875667
6.699901e-006,-0.875667
6.700151e-006,-0.874
6.700401e-006,-0.874
6.700651e-006,-0.875667
6.700901e-006,-0.875667
6.701151e-006,-0.874
6.701401e-006,-0.874
6.701651e-006,-0.875667
6.701901e-006,-0.875667
6.702151e-006,-0.874
6.702401e-006,-0.874
6.702651e-006,-0.875667
6.702901e-006,-0.875667
6.703151e-006,-0.874
6.703401e-006,-0.874
6.703651e-006,-0.875667
6.703901e-006,-0.875667
6.704151e-006,-0.874
6.704401e-006,-0.874
6.704651e-006,-0.875667
6.704901e-006,-0.875667
6.705151e-006,-0.874
6.705401e-006,-0.874
6.705651e-006,-0.875667
6.705901e-006,-0.875667
6.706151e-006,-0.874
6.706401e-006,-0.874
6.706651e-006,-0.875667
6.706901e-006,-0.875667
6.707151e-006,-0.874
6.707401e-006,-0.874
6.707651e-006,-0.875667
6.707901e-006,-0.875667
6.708151e-006,-0.874
6.708401e-006,-0.874
6.708651e-006,-0.875667
6.708901e-006,-0.875667
6.709151e-006,-0.874
6.709401e-006,-0.874
6.709651e-006,-0.875667
6.709901e-006,-0.875667
6.710151e-006,-0.874
6.710401e-006,-0.874
6.710651e-006,-0.875667
6.710901e-006,-0.875667
6.711151e-006,-0.874
6.711401e-006,-0.874
6.711651e-006,-0.875667
6.711901e-006,-0.875667
6.712151e-006,-0.874
6.712401e-006,-0.874
6.712651e-006,-0.875667
6.712901e-006,-0.875667
6.713151e-006,-0.874
6.713401e-006,-0.874
6.713651e-006,-0.875667
6.713901e-006,-0.875667
6.714151e-006,-0.874
6.714401e-006,-0.874
6.714651e-006,-0.875667
6.714901e-006,-0.875667
6.715151e-006,-0.874
6.715401e-006,-0.874
6.715651e-006,-0.875667
6.715901e-006,-0.875667
6.716151e-006,-0.874
6.716401e-006,-0.874
6.716651e-006,-0.875667
6.716901e-006,-0.874
6.717151e-006,-0.874
6.717401e-006,-0.874
6.717651e-006,-0.875667
6.717901e-006,-0.875667
6.718151e-006,-0.874
6.718401e-006,-0.874
6.718651e-006,-0.875667
6.718901e-006,-0.875667
6.719151e-006,-0.874
6.719401e-006,-0.874
6.719651e-006,-0.875667
6.719901e-006,-0.875667
6.720151e-006,-0.874
6.720401e-006,-0.874
6.720651e-006,-0.875667
6.720901e-006,-0.875667
6.721151e-006,-0.874
6.721401e-006,-0.874
6.721651e-006,-0.875667
6.721901e-006,-0.875667
6.722151e-006,-0.874
6.722401e-006,-0.874
6.722651e-006,-0.875667
6.722901e-006,-0.875667
6.723151e-006,-0.874
6.723401e-006,-0.874
6.723651e-006,-0.875667
6.723901e-006,-0.875667
6.724151e-006,-0.875667
6.724401e-006,-0.874
6.724651e-006,-0.875667
6.724901e-006,-0.875667
6.725151e-006,-0.875667
6.725401e-006,-0.874
6.725651e-006,-0.875667
6.725901e-006,-0.875667
6.726151e-006,-0.875667
6.726401e-006,-0.874
6.726651e-006,-0.874
6.726901e-006,-0.875667
6.727151e-006,-0.875667
6.727401e-006,-0.874
6.727651e-006,-0.874
6.727901e-006,-0.875667
6.728151e-006,-0.874
6.728401e-006,-0.874
6.728651e-006,-0.875667
6.728901e-006,-0.875667
6.729151e-006,-0.874
6.729401e-006,-0.874
6.729651e-006,-0.875667
6.729901e-006,-0.875667
6.730151e-006,-0.875667
6.730401e-006,-0.874
6.730651e-006,-0.875667
6.730901e-006,-0.875667
6.731151e-006,-0.874
6.731401e-006,-0.874
6.731651e-006,-0.875667
6.731901e-006,-0.875667
6.732151e-006,-0.874
6.732401e-006,-0.874
6.732651e-006,-0.874
6.732901e-006,-0.875667
6.733151e-006,-0.874
6.733401e-006,-0.874
6.733651e-006,-0.874
6.733901e-006,-0.875667
6.734151e-006,-0.874
6.734401e-006,-0.874
6.734651e-006,-0.874
6.734901e-006,-0.875667
6.735151e-006,-0.874
6.735401e-006,-0.874
6.735651e-006,-0.875667
6.735901e-006,-0.875667
6.736151e-006,-0.874
6.736401e-006,-0.874
6.736651e-006,-0.875667
6.736901e-006,-0.875667
6.737151e-006,-0.874
6.737401e-006,-0.874
6.737651e-006,-0.875667
6.737901e-006,-0.875667
6.738151e-006,-0.874
6.738401e-006,-0.874
6.738651e-006,-0.875667
6.738901e-006,-0.875667
6.739151e-006,-0.874
6.739401e-006,-0.874
6.739651e-006,-0.875667
6.739901e-006,-0.875667
6.740151e-006,-0.874
6.740401e-006,-0.874
6.740651e-006,-0.875667
6.740901e-006,-0.875667
6.741151e-006,-0.875667
6.741401e-006,-0.874
6.741651e-006,-0.875667
6.741901e-006,-0.875667
6.742151e-006,-0.875667
6.742401e-006,-0.874
6.742651e-006,-0.875667
6.742901e-006,-0.875667
6.743151e-006,-0.874
6.743401e-006,-0.874
6.743651e-006,-0.875667
6.743901e-006,-0.875667
6.744151e-006,-0.874
6.744401e-006,-0.874
6.744651e-006,-0.875667
6.744901e-006,-0.875667
6.745151e-006,-0.874
6.745401e-006,-0.874
6.745651e-006,-0.875667
6.745901e-006,-0.875667
6.746151e-006,-0.874
6.746401e-006,-0.874
6.746651e-006,-0.875667
6.746901e-006,-0.875667
6.747151e-006,-0.874
6.747401e-006,-0.874
6.747651e-006,-0.875667
6.747901e-006,-0.875667
6.748151e-006,-0.875667
6.748401e-006,-0.874
6.748651e-006,-0.875667
6.748901e-006,-0.875667
6.749151e-006,-0.875667
6.749401e-006,-0.874
6.749651e-006,-0.875667
6.749901e-006,-0.875667
6.750151e-006,-0.875667
6.750401e-006,-0.874
6.750651e-006,-0.875667
6.750901e-006,-0.875667
6.751151e-006,-0.875667
6.751401e-006,-0.874
6.751651e-006,-0.875667
6.751901e-006,-0.875667
6.752151e-006,-0.874
6.752401e-006,-0.874
6.752651e-006,-0.875667
6.752901e-006,-0.875667
6.753151e-006,-0.874
6.753401e-006,-0.874
6.753651e-006,-0.875667
6.753901e-006,-0.875667
6.754151e-006,-0.874
6.754401e-006,-0.874
6.754651e-006,-0.875667
6.754901e-006,-0.875667
6.755151e-006,-0.874
6.755401e-006,-0.874
6.755651e-006,-0.875667
6.755901e-006,-0.875667
6.756151e-006,-0.874
6.756401e-006,-0.874
6.756651e-006,-0.875667
6.756901e-006,-0.875667
6.757151e-006,-0.874
6.757401e-006,-0.874
6.757651e-006,-0.875667
6.757901e-006,-0.875667
6.758151e-006,-0.874
6.758401e-006,-0.874
6.758651e-006,-0.875667
6.758901e-006,-0.875667
6.759151e-006,-0.874
6.759401e-006,-0.874
6.759651e-006,-0.875667
6.759901e-006,-0.875667
6.760151e-006,-0.874
6.760401e-006,-0.874
6.760651e-006,-0.875667
6.760901e-006,-0.875667
6.761151e-006,-0.874
6.761401e-006,-0.874
6.761651e-006,-0.875667
6.761901e-006,-0.875667
6.762151e-006,-0.874
6.762401e-006,-0.874
6.762651e-006,-0.875667
6.762901e-006,-0.875667
6.763151e-006,-0.874
6.763401e-006,-0.874
6.763651e-006,-0.875667
6.763901e-006,-0.875667
6.764151e-006,-0.874
6.764401e-006,-0.874
6.764651e-006,-0.875667
6.764901e-006,-0.875667
6.765151e-006,-0.874
6.765401e-006,-0.874
6.765651e-006,-0.875667
6.765901e-006,-0.875667
6.766151e-006,-0.874
6.766401e-006,-0.874
6.766651e-006,-0.875667
6.766901e-006,-0.874
6.767151e-006,-0.874
6.767401e-006,-0.874
6.767651e-006,-0.875667
6.767901e-006,-0.874
6.768151e-006,-0.874
6.768401e-006,-0.874
6.768651e-006,-0.875667
6.768901e-006,-0.874
6.769151e-006,-0.874
6.769401e-006,-0.874
6.769651e-006,-0.874
6.769901e-006,-0.875667
6.770151e-006,-0.874
6.770401e-006,-0.874
6.770651e-006,-0.874
6.770901e-006,-0.875667
6.771151e-006,-0.874
6.771401e-006,-0.874
6.771651e-006,-0.874
6.771901e-006,-0.875667
6.772151e-006,-0.874
6.772401e-006,-0.874
6.772651e-006,-0.874
6.772901e-006,-0.875667
6.773151e-006,-0.874
6.773401e-006,-0.874
6.773651e-006,-0.874
6.773901e-006,-0.874
6.774151e-006,-0.874
6.774401e-006,-0.874
6.774651e-006,-0.874
6.774901e-006,-0.874
6.775151e-006,-0.874
6.775401e-006,-0.874
6.775651e-006,-0.874
6.775901e-006,-0.874
6.776151e-006,-0.874
6.776401e-006,-0.874
6.776651e-006,-0.875667
6.776901e-006,-0.875667
6.777151e-006,-0.874
6.777401e-006,-0.874
6.777651e-006,-0.875667
6.777901e-006,-0.875667
6.778151e-006,-0.874
6.778401e-006,-0.874
6.778651e-006,-0.875667
6.778901e-006,-0.875667
6.779151e-006,-0.874
6.779401e-006,-0.874
6.779651e-006,-0.875667
6.779901e-006,-0.875667
6.780151e-006,-0.874
6.780401e-006,-0.874
6.780651e-006,-0.875667
6.780901e-006,-0.874
6.781151e-006,-0.874
6.781401e-006,-0.874
6.781651e-006,-0.875667
6.781901e-006,-0.874
6.782151e-006,-0.874
6.782401e-006,-0.874
6.782651e-006,-0.875667
6.782901e-006,-0.875667
6.783151e-006,-0.874
6.783401e-006,-0.874
6.783651e-006,-0.875667
6.783901e-006,-0.875667
6.784151e-006,-0.874
6.784401e-006,-0.874
6.784651e-006,-0.875667
6.784901e-006,-0.875667
6.785151e-006,-0.874
6.785401e-006,-0.874
6.785651e-006,-0.875667
6.785901e-006,-0.875667
6.786151e-006,-0.874
6.786401e-006,-0.874
6.786651e-006,-0.875667
6.786901e-006,-0.875667
6.787151e-006,-0.874
6.787401e-006,-0.874
6.787651e-006,-0.875667
6.787901e-006,-0.875667
6.788151e-006,-0.874
6.788401e-006,-0.874
6.788651e-006,-0.875667
6.788901e-006,-0.875667
6.789151e-006,-0.874
6.789401e-006,-0.874
6.789651e-006,-0.875667
6.789901e-006,-0.875667
6.790151e-006,-0.874
6.790401e-006,-0.874
6.790651e-006,-0.875667
6.790901e-006,-0.875667
6.791151e-006,-0.874
6.791401e-006,-0.874
6.791651e-006,-0.875667
6.791901e-006,-0.875667
6.792151e-006,-0.874
6.792401e-006,-0.874
6.792651e-006,-0.875667
6.792901e-006,-0.875667
6.793151e-006,-0.874
6.793401e-006,-0.874
6.793651e-006,-0.874
6.793901e-006,-0.874
6.794151e-006,-0.874
6.794401e-006,-0.874
6.794651e-006,-0.874
6.794901e-006,-0.874
6.795151e-006,-0.874
6.795401e-006,-0.874
6.795651e-006,-0.874
6.795901e-006,-0.874
6.796151e-006,-0.874
6.796401e-006,-0.874
6.796651e-006,-0.875667
6.796901e-006,-0.874
6.797151e-006,-0.874
6.797401e-006,-0.874
6.797651e-006,-0.875667
6.797901e-006,-0.874
6.798151e-006,-0.874
6.798401e-006,-0.874
6.798651e-006,-0.875667
6.798901e-006,-0.874
6.799151e-006,-0.874
6.799401e-006,-0.874
6.799651e-006,-0.875667
6.799901e-006,-0.874
6.800151e-006,-0.874
6.800401e-006,-0.874
6.800651e-006,-0.875667
6.800901e-006,-0.875667
6.801151e-006,-0.874
6.801401e-006,-0.874
6.801651e-006,-0.875667
6.801901e-006,-0.875667
6.802151e-006,-0.874
6.802401e-006,-0.874
6.802651e-006,-0.874
6.802901e-006,-0.874
6.803151e-006,-0.874
6.803401e-006,-0.874
6.803651e-006,-0.875667
6.803901e-006,-0.875667
6.804151e-006,-0.874
6.804401e-006,-0.874
6.804651e-006,-0.875667
6.804901e-006,-0.875667
6.805151e-006,-0.874
6.805401e-006,-0.874
6.805651e-006,-0.875667
6.805901e-006,-0.875667
6.806151e-006,-0.874
6.806401e-006,-0.874
6.806651e-006,-0.875667
6.806901e-006,-0.875667
6.807151e-006,-0.874
6.807401e-006,-0.874
6.807651e-006,-0.875667
6.807901e-006,-0.875667
6.808151e-006,-0.875667
6.808401e-006,-0.874
6.808651e-006,-0.875667
6.808901e-006,-0.875667
6.809151e-006,-0.874
6.809401e-006,-0.874
6.809651e-006,-0.875667
6.809901e-006,-0.875667
6.810151e-006,-0.874
6.810401e-006,-0.874
6.810651e-006,-0.875667
6.810901e-006,-0.875667
6.811151e-006,-0.874
6.811401e-006,-0.874
6.811651e-006,-0.875667
6.811901e-006,-0.875667
6.812151e-006,-0.874
6.812401e-006,-0.874
6.812651e-006,-0.875667
6.812901e-006,-0.874
6.813151e-006,-0.874
6.813401e-006,-0.874
6.813651e-006,-0.875667
6.813901e-006,-0.875667
6.814151e-006,-0.874
6.814401e-006,-0.874
6.814651e-006,-0.875667
6.814901e-006,-0.875667
6.815151e-006,-0.874
6.815401e-006,-0.874
6.815651e-006,-0.875667
6.815901e-006,-0.875667
6.816151e-006,-0.874
6.816401e-006,-0.874
6.816651e-006,-0.875667
6.816901e-006,-0.875667
6.817151e-006,-0.874
6.817401e-006,-0.874
6.817651e-006,-0.875667
6.817901e-006,-0.875667
6.818151e-006,-0.874
6.818401e-006,-0.874
6.818651e-006,-0.875667
6.818901e-006,-0.875667
6.819151e-006,-0.874
6.819401e-006,-0.874
6.819651e-006,-0.875667
6.819901e-006,-0.875667
6.820151e-006,-0.874
6.820401e-006,-0.874
6.820651e-006,-0.875667
6.820901e-006,-0.875667
6.821151e-006,-0.874
6.821401e-006,-0.874
6.821651e-006,-0.875667
6.821901e-006,-0.875667
6.822151e-006,-0.874
6.822401e-006,-0.874
6.822651e-006,-0.875667
6.822901e-006,-0.875667
6.823151e-006,-0.874
6.823401e-006,-0.874
6.823651e-006,-0.875667
6.823901e-006,-0.875667
6.824151e-006,-0.874
6.824401e-006,-0.874
6.824651e-006,-0.875667
6.824901e-006,-0.875667
6.825151e-006,-0.874
6.825401e-006,-0.874
6.825651e-006,-0.875667
6.825901e-006,-0.875667
6.826151e-006,-0.874
6.826401e-006,-0.874
6.826651e-006,-0.875667
6.826901e-006,-0.875667
6.827151e-006,-0.874
6.827401e-006,-0.874
6.827651e-006,-0.875667
6.827901e-006,-0.875667
6.828151e-006,-0.874
6.828401e-006,-0.874
6.828651e-006,-0.875667
6.828901e-006,-0.875667
6.829151e-006,-0.874
6.829401e-006,-0.874
6.829651e-006,-0.875667
6.829901e-006,-0.875667
6.830151e-006,-0.874
6.830401e-006,-0.874
6.830651e-006,-0.874
6.830901e-006,-0.874
6.831151e-006,-0.874
6.831401e-006,-0.874
6.831651e-006,-0.874
6.831901e-006,-0.874
6.832151e-006,-0.874
6.832401e-006,-0.874
6.832651e-006,-0.875667
6.832901e-006,-0.875667
6.833151e-006,-0.874
6.833401e-006,-0.874
6.833651e-006,-0.875667
6.833901e-006,-0.875667
6.834151e-006,-0.874
6.834401e-006,-0.874
6.834651e-006,-0.875667
6.834901e-006,-0.875667
6.835151e-006,-0.874
6.835401e-006,-0.874
6.835651e-006,-0.875667
6.835901e-006,-0.875667
6.836151e-006,-0.874
6.836401e-006,-0.874
6.836651e-006,-0.875667
6.836901e-006,-0.875667
6.837151e-006,-0.874
6.837401e-006,-0.874
6.837651e-006,-0.875667
6.837901e-006,-0.875667
6.838151e-006,-0.874
6.838401e-006,-0.874
6.838651e-006,-0.875667
6.838901e-006,-0.875667
6.839151e-006,-0.874
6.839401e-006,-0.874
6.839651e-006,-0.875667
6.839901e-006,-0.875667
6.840151e-006,-0.874
6.840401e-006,-0.874
6.840651e-006,-0.875667
6.840901e-006,-0.875667
6.841151e-006,-0.874
6.841401e-006,-0.874
6.841651e-006,-0.874
6.841901e-006,-0.875667
6.842151e-006,-0.874
6.842401e-006,-0.874
6.842651e-006,-0.874
6.842901e-006,-0.875667
6.843151e-006,-0.874
6.843401e-006,-0.874
6.843651e-006,-0.874
6.843901e-006,-0.875667
6.844151e-006,-0.874
6.844401e-006,-0.874
6.844651e-006,-0.874
6.844901e-006,-0.875667
6.845151e-006,-0.874
6.845401e-006,-0.874
6.845651e-006,-0.875667
6.845901e-006,-0.875667
6.846151e-006,-0.875667
6.846401e-006,-0.874
6.846651e-006,-0.875667
6.846901e-006,-0.875667
6.847151e-006,-0.875667
6.847401e-006,-0.874
6.847651e-006,-0.875667
6.847901e-006,-0.875667
6.848151e-006,-0.875667
6.848401e-006,-0.874
6.848651e-006,-0.875667
6.848901e-006,-0.875667
6.849151e-006,-0.875667
6.849401e-006,-0.874
6.849651e-006,-0.874
6.849901e-006,-0.875667
6.850151e-006,-0.875667
6.850401e-006,-0.874
6.850651e-006,-0.875667
6.850901e-006,-0.875667
6.851151e-006,-0.875667
6.851401e-006,-0.874
6.851651e-006,-0.875667
6.851901e-006,-0.875667
6.852151e-006,-0.874
6.852401e-006,-0.874
6.852651e-006,-0.875667
6.852901e-006,-0.875667
6.853151e-006,-0.874
6.853401e-006,-0.874
6.853651e-006,-0.875667
6.853901e-006,-0.875667
6.854151e-006,-0.874
6.854401e-006,-0.874
6.854651e-006,-0.875667
6.854901e-006,-0.875667
6.855151e-006,-0.874
6.855401e-006,-0.874
6.855651e-006,-0.875667
6.855901e-006,-0.875667
6.856151e-006,-0.874
6.856401e-006,-0.874
6.856651e-006,-0.875667
6.856901e-006,-0.875667
6.857151e-006,-0.874
6.857401e-006,-0.874
6.857651e-006,-0.875667
6.857901e-006,-0.875667
6.858151e-006,-0.874
6.858401e-006,-0.874
6.858651e-006,-0.875667
6.858901e-006,-0.875667
6.859151e-006,-0.874
6.859401e-006,-0.874
6.859651e-006,-0.875667
6.859901e-006,-0.875667
6.860151e-006,-0.874
6.860401e-006,-0.874
6.860651e-006,-0.875667
6.860901e-006,-0.875667
6.861151e-006,-0.874
6.861401e-006,-0.874
6.861651e-006,-0.875667
6.861901e-006,-0.875667
6.862151e-006,-0.874
6.862401e-006,-0.874
6.862651e-006,-0.875667
6.862901e-006,-0.875667
6.863151e-006,-0.874
6.863401e-006,-0.874
6.863651e-006,-0.875667
6.863901e-006,-0.875667
6.864151e-006,-0.874
6.864401e-006,-0.874
6.864651e-006,-0.875667
6.864901e-006,-0.874
6.865151e-006,-0.874
6.865401e-006,-0.874
6.865651e-006,-0.875667
6.865901e-006,-0.875667
6.866151e-006,-0.874
6.866401e-006,-0.874
6.866651e-006,-0.875667
6.866901e-006,-0.875667
6.867151e-006,-0.874
6.867401e-006,-0.874
6.867651e-006,-0.875667
6.867901e-006,-0.875667
6.868151e-006,-0.874
6.868401e-006,-0.874
6.868651e-006,-0.875667
6.868901e-006,-0.875667
6.869151e-006,-0.874
6.869401e-006,-0.874
6.869651e-006,-0.875667
6.869901e-006,-0.875667
6.870151e-006,-0.874
6.870401e-006,-0.874
6.870651e-006,-0.875667
6.870901e-006,-0.874
6.871151e-006,-0.874
6.871401e-006,-0.874
6.871651e-006,-0.875667
6.871901e-006,-0.874
6.872151e-006,-0.874
6.872401e-006,-0.874
6.872651e-006,-0.875667
6.872901e-006,-0.874
6.873151e-006,-0.874
6.873401e-006,-0.874
6.873651e-006,-0.875667
6.873901e-006,-0.874
6.874151e-006,-0.874
6.874401e-006,-0.874
6.874651e-006,-0.875667
6.874901e-006,-0.874
6.875151e-006,-0.874
6.875401e-006,-0.874
6.875651e-006,-0.875667
6.875901e-006,-0.874
6.876151e-006,-0.874
6.876401e-006,-0.874
6.876651e-006,-0.874
6.876901e-006,-0.874
6.877151e-006,-0.874
6.877401e-006,-0.874
6.877651e-006,-0.875667
6.877901e-006,-0.874
6.878151e-006,-0.874
6.878401e-006,-0.874
6.878651e-006,-0.875667
6.878901e-006,-0.874
6.879151e-006,-0.874
6.879401e-006,-0.874
6.879651e-006,-0.875667
6.879901e-006,-0.875667
6.880151e-006,-0.874
6.880401e-006,-0.874
6.880651e-006,-0.875667
6.880901e-006,-0.875667
6.881151e-006,-0.874
6.881401e-006,-0.874
6.881651e-006,-0.875667
6.881901e-006,-0.875667
6.882151e-006,-0.874
6.882401e-006,-0.874
6.882651e-006,-0.875667
6.882901e-006,-0.874
6.883151e-006,-0.874
6.883401e-006,-0.874
6.883651e-006,-0.875667
6.883901e-006,-0.874
6.884151e-006,-0.874
6.884401e-006,-0.874
6.884651e-006,-0.875667
6.884901e-006,-0.874
6.885151e-006,-0.874
6.885401e-006,-0.874
6.885651e-006,-0.875667
6.885901e-006,-0.874
6.886151e-006,-0.874
6.886401e-006,-0.874
6.886651e-006,-0.875667
6.886901e-006,-0.874
6.887151e-006,-0.874
6.887401e-006,-0.874
6.887651e-006,-0.874
6.887901e-006,-0.874
6.888151e-006,-0.874
6.888401e-006,-0.874
6.888651e-006,-0.874
6.888901e-006,-0.874
6.889151e-006,-0.874
6.889401e-006,-0.874
6.889651e-006,-0.874
6.889901e-006,-0.875667
6.890151e-006,-0.874
6.890401e-006,-0.874
6.890651e-006,-0.875667
6.890901e-006,-0.875667
6.891151e-006,-0.874
6.891401e-006,-0.874
6.891651e-006,-0.875667
6.891901e-006,-0.875667
6.892151e-006,-0.874
6.892401e-006,-0.874
6.892651e-006,-0.875667
6.892901e-006,-0.875667
6.893151e-006,-0.874
6.893401e-006,-0.874
6.893651e-006,-0.875667
6.893901e-006,-0.875667
6.894151e-006,-0.874
6.894401e-006,-0.874
6.894651e-006,-0.875667
6.894901e-006,-0.875667
6.895151e-006,-0.874
6.895401e-006,-0.874
6.895651e-006,-0.875667
6.895901e-006,-0.874
6.896151e-006,-0.874
6.896401e-006,-0.874
6.896651e-006,-0.875667
6.896901e-006,-0.874
6.897151e-006,-0.874
6.897401e-006,-0.874
6.897651e-006,-0.875667
6.897901e-006,-0.875667
6.898151e-006,-0.874
6.898401e-006,-0.874
6.898651e-006,-0.875667
6.898901e-006,-0.875667
6.899151e-006,-0.874
6.899401e-006,-0.874
6.899651e-006,-0.875667
6.899901e-006,-0.875667
6.900151e-006,-0.874
6.900401e-006,-0.874
6.900651e-006,-0.875667
6.900901e-006,-0.875667
6.901151e-006,-0.874
6.901401e-006,-0.874
6.901651e-006,-0.875667
6.901901e-006,-0.875667
6.902151e-006,-0.874
6.902401e-006,-0.874
6.902651e-006,-0.875667
6.902901e-006,-0.875667
6.903151e-006,-0.874
6.903401e-006,-0.874
6.903651e-006,-0.875667
6.903901e-006,-0.875667
6.904151e-006,-0.874
6.904401e-006,-0.874
6.904651e-006,-0.875667
6.904901e-006,-0.875667
6.905151e-006,-0.874
6.905401e-006,-0.874
6.905651e-006,-0.875667
6.905901e-006,-0.875667
6.906151e-006,-0.874
6.906401e-006,-0.874
6.906651e-006,-0.875667
6.906901e-006,-0.875667
6.907151e-006,-0.874
6.907401e-006,-0.874
6.907651e-006,-0.875667
6.907901e-006,-0.875667
6.908151e-006,-0.874
6.908401e-006,-0.874
6.908651e-006,-0.875667
6.908901e-006,-0.875667
6.909151e-006,-0.874
6.909401e-006,-0.874
6.909651e-006,-0.875667
6.909901e-006,-0.875667
6.910151e-006,-0.874
6.910401e-006,-0.874
6.910651e-006,-0.875667
6.910901e-006,-0.875667
6.911151e-006,-0.874
6.911401e-006,-0.874
6.911651e-006,-0.875667
6.911901e-006,-0.875667
6.912151e-006,-0.874
6.912401e-006,-0.874
6.912651e-006,-0.875667
6.912901e-006,-0.875667
6.913151e-006,-0.874
6.913401e-006,-0.874
6.913651e-006,-0.875667
6.913901e-006,-0.875667
6.914151e-006,-0.874
6.914401e-006,-0.874
6.914651e-006,-0.875667
6.914901e-006,-0.875667
6.915151e-006,-0.875667
6.915401e-006,-0.874
6.915651e-006,-0.875667
6.915901e-006,-0.875667
6.916151e-006,-0.874
6.916401e-006,-0.874
6.916651e-006,-0.875667
6.916901e-006,-0.875667
6.917151e-006,-0.874
6.917401e-006,-0.874
6.917651e-006,-0.875667
6.917901e-006,-0.875667
6.918151e-006,-0.874
6.918401e-006,-0.874
6.918651e-006,-0.875667
6.918901e-006,-0.875667
6.919151e-006,-0.874
6.919401e-006,-0.874
6.919651e-006,-0.875667
6.919901e-006,-0.875667
6.920151e-006,-0.874
